# delays[ps] delta_averaged scan 0
-2.000000000000000000e+01 -7.034334805615208601e-04 -7.034334805615208601e-04
-1.800000000000000000e+01 -6.278585657740338695e-04 -6.278585657740338695e-04
-1.600000000000000000e+01 -6.333290685498527183e-04 -6.333290685498527183e-04
-1.400000000000000000e+01 -6.797172699961514511e-04 -6.797172699961514511e-04
-1.200000000000000000e+01 -6.953469736309993978e-04 -6.953469736309993978e-04
-1.000000000000000000e+01 -6.309958305350309117e-04 -6.309958305350309117e-04
-8.000000000000000000e+00 -6.849990466899530568e-04 -6.849990466899530568e-04
-6.000000000000000000e+00 -5.778743181741846213e-04 -5.778743181741846213e-04
-4.000000000000000000e+00 -6.256298792978293687e-04 -6.256298792978293687e-04
-2.000000000000000000e+00 -6.120962024613724444e-04 -6.120962024613724444e-04
-1.899999999999999911e+00 -6.639327881982111249e-04 -6.639327881982111249e-04
-1.800000000000000044e+00 -5.978949751542079983e-04 -5.978949751542079983e-04
-1.699999999999999956e+00 -6.398000612503574810e-04 -6.398000612503574810e-04
-1.600000000000000089e+00 -5.538363733558745788e-04 -5.538363733558745788e-04
-1.500000000000000000e+00 -5.930051017291929592e-04 -5.930051017291929592e-04
-1.399999999999999911e+00 -5.933479704427766302e-04 -5.933479704427766302e-04
-1.300000000000000044e+00 -6.313571495222253640e-04 -6.313571495222253640e-04
-1.199999999999999956e+00 -6.715408956713109744e-04 -6.715408956713109744e-04
-1.100000000000000089e+00 -6.705310513266626816e-04 -6.705310513266626816e-04
-1.000000000000000000e+00 -6.290377076050590079e-04 -6.290377076050590079e-04
-9.000000000000000222e-01 -6.053444982291200259e-04 -6.053444982291200259e-04
-8.000000000000000444e-01 -5.976792180569362716e-04 -5.976792180569362716e-04
-6.999999999999999556e-01 -6.876872675097925065e-04 -6.876872675097925065e-04
-5.999999999999999778e-01 -5.970338870765670020e-04 -5.970338870765670020e-04
-5.000000000000000000e-01 -6.934700050345506432e-04 -6.934700050345506432e-04
-4.000000000000000222e-01 -6.591800456511015928e-04 -6.591800456511015928e-04
-2.999999999999999889e-01 -6.949931339873716314e-04 -6.949931339873716314e-04
-2.000000000000000111e-01 -6.133000337406371285e-04 -6.133000337406371285e-04
-1.000000000000000056e-01 -5.972612419901555340e-04 -5.972612419901555340e-04
-0.000000000000000000e+00 -4.749824342883271835e-04 -4.749824342883271835e-04
1.000000000000000056e-01 2.543322578514613914e-04 2.543322578514613914e-04
2.000000000000000111e-01 1.736500616551875939e-03 1.736500616551875939e-03
2.999999999999999889e-01 2.773975706508715819e-03 2.773975706508715819e-03
4.000000000000000222e-01 3.471074272968912439e-03 3.471074272968912439e-03
5.000000000000000000e-01 3.834251863265685824e-03 3.834251863265685824e-03
5.999999999999999778e-01 4.055360594544616705e-03 4.055360594544616705e-03
6.999999999999999556e-01 4.324175248738484217e-03 4.324175248738484217e-03
8.000000000000000444e-01 4.390294555905296069e-03 4.390294555905296069e-03
9.000000000000000222e-01 4.401881889783296371e-03 4.401881889783296371e-03
1.000000000000000000e+00 4.501282813856527856e-03 4.501282813856527856e-03
1.100000000000000089e+00 4.555272198836260791e-03 4.555272198836260791e-03
1.199999999999999956e+00 4.596084823653700212e-03 4.596084823653700212e-03
1.300000000000000044e+00 4.605753536428796105e-03 4.605753536428796105e-03
1.399999999999999911e+00 4.686610845509521679e-03 4.686610845509521679e-03
1.500000000000000000e+00 4.666892223730310062e-03 4.666892223730310062e-03
1.600000000000000089e+00 4.919684287155302697e-03 4.919684287155302697e-03
1.699999999999999956e+00 4.973837749740785998e-03 4.973837749740785998e-03
1.800000000000000044e+00 4.806763892559419958e-03 4.806763892559419958e-03
1.899999999999999911e+00 4.963459885920478397e-03 4.963459885920478397e-03
2.000000000000000000e+00 5.074581685291172650e-03 5.074581685291172650e-03
4.000000000000000000e+00 5.343044271666903301e-03 5.343044271666903301e-03
6.000000000000000000e+00 5.917929886441165854e-03 5.917929886441165854e-03
8.000000000000000000e+00 5.959255897397288532e-03 5.959255897397288532e-03
1.000000000000000000e+01 6.046044084649109321e-03 6.046044084649109321e-03
1.200000000000000000e+01 5.963694454552166159e-03 5.963694454552166159e-03
1.400000000000000000e+01 5.850120420310963437e-03 5.850120420310963437e-03
1.600000000000000000e+01 5.592015610968038841e-03 5.592015610968038841e-03
1.800000000000000000e+01 5.510404723346987339e-03 5.510404723346987339e-03
2.000000000000000000e+01 5.589539173014818757e-03 5.589539173014818757e-03
2.200000000000000000e+01 5.430894311800722740e-03 5.430894311800722740e-03
2.400000000000000000e+01 4.786152969953399831e-03 4.786152969953399831e-03
2.600000000000000000e+01 4.838898944317564579e-03 4.838898944317564579e-03
2.800000000000000000e+01 4.647112508131863960e-03 4.647112508131863960e-03
3.000000000000000000e+01 4.416056933364977122e-03 4.416056933364977122e-03
3.200000000000000000e+01 4.135575144561544000e-03 4.135575144561544000e-03
3.400000000000000000e+01 4.082529586642428751e-03 4.082529586642428751e-03
3.600000000000000000e+01 3.930199635802895247e-03 3.930199635802895247e-03
3.800000000000000000e+01 3.856361506979444093e-03 3.856361506979444093e-03
4.000000000000000000e+01 3.778047889666506787e-03 3.778047889666506787e-03
4.200000000000000000e+01 3.764604643909246623e-03 3.764604643909246623e-03
4.400000000000000000e+01 3.696545190500022740e-03 3.696545190500022740e-03
4.600000000000000000e+01 3.808513503363250303e-03 3.808513503363250303e-03
4.800000000000000000e+01 3.474060206992081630e-03 3.474060206992081630e-03
5.000000000000000000e+01 3.590206641975026390e-03 3.590206641975026390e-03
5.200000000000000000e+01 3.473948574694769777e-03 3.473948574694769777e-03
5.400000000000000000e+01 3.518839129739511837e-03 3.518839129739511837e-03
5.600000000000000000e+01 3.434613201510689200e-03 3.434613201510689200e-03
5.800000000000000000e+01 3.542576812963433523e-03 3.542576812963433523e-03
6.000000000000000000e+01 3.409075322048205070e-03 3.409075322048205070e-03
6.200000000000000000e+01 3.380474877182977362e-03 3.380474877182977362e-03
6.400000000000000000e+01 3.244205593021898086e-03 3.244205593021898086e-03
6.600000000000000000e+01 3.250775735367657411e-03 3.250775735367657411e-03
6.800000000000000000e+01 3.276593384831638731e-03 3.276593384831638731e-03
7.000000000000000000e+01 3.191989872348496068e-03 3.191989872348496068e-03
7.200000000000000000e+01 3.236076729207947120e-03 3.236076729207947120e-03
7.400000000000000000e+01 3.252179268622953315e-03 3.252179268622953315e-03
7.600000000000000000e+01 3.162202758926430622e-03 3.162202758926430622e-03
7.800000000000000000e+01 3.320276666927061797e-03 3.320276666927061797e-03
8.000000000000000000e+01 3.149763792586481124e-03 3.149763792586481124e-03
8.200000000000000000e+01 3.193323606687349745e-03 3.193323606687349745e-03
8.400000000000000000e+01 3.094053622807583104e-03 3.094053622807583104e-03
8.600000000000000000e+01 3.123236950393511440e-03 3.123236950393511440e-03
8.800000000000000000e+01 3.213570370747220479e-03 3.213570370747220479e-03
9.000000000000000000e+01 3.286684950521378407e-03 3.286684950521378407e-03
9.200000000000000000e+01 3.275089201994004547e-03 3.275089201994004547e-03
9.400000000000000000e+01 3.134053672976974420e-03 3.134053672976974420e-03
9.600000000000000000e+01 3.164434309680684565e-03 3.164434309680684565e-03
9.800000000000000000e+01 3.114784096592845917e-03 3.114784096592845917e-03
1.000000000000000000e+02 2.947903980895485478e-03 2.947903980895485478e-03
1.020000000000000000e+02 2.967363815919108957e-03 2.967363815919108957e-03
1.040000000000000000e+02 2.931748350746696090e-03 2.931748350746696090e-03
1.060000000000000000e+02 2.976391445366034522e-03 2.976391445366034522e-03
1.080000000000000000e+02 3.054489191097387122e-03 3.054489191097387122e-03
1.100000000000000000e+02 3.044312745176892820e-03 3.044312745176892820e-03
1.120000000000000000e+02 2.956276706199400910e-03 2.956276706199400910e-03
1.140000000000000000e+02 3.030802745985724123e-03 3.030802745985724123e-03
1.160000000000000000e+02 2.881752200986628393e-03 2.881752200986628393e-03
1.180000000000000000e+02 2.843247318985351289e-03 2.843247318985351289e-03
1.200000000000000000e+02 2.758033296738849217e-03 2.758033296738849217e-03
1.220000000000000000e+02 2.785528286485006513e-03 2.785528286485006513e-03
1.240000000000000000e+02 2.680345746557124056e-03 2.680345746557124056e-03
1.260000000000000000e+02 2.568324704408009220e-03 2.568324704408009220e-03
1.280000000000000000e+02 2.705239405762268744e-03 2.705239405762268744e-03
1.300000000000000000e+02 2.756157403557062298e-03 2.756157403557062298e-03
1.320000000000000000e+02 2.927703828443760023e-03 2.927703828443760023e-03
1.340000000000000000e+02 2.904768869713031474e-03 2.904768869713031474e-03
1.360000000000000000e+02 3.093999721254592564e-03 3.093999721254592564e-03
1.380000000000000000e+02 2.661578862927926545e-03 2.661578862927926545e-03
1.400000000000000000e+02 2.780124804209706344e-03 2.780124804209706344e-03
1.420000000000000000e+02 2.759020455375503847e-03 2.759020455375503847e-03
1.440000000000000000e+02 2.669701893216099194e-03 2.669701893216099194e-03
1.460000000000000000e+02 2.842501294712929290e-03 2.842501294712929290e-03
1.480000000000000000e+02 2.858245051235936644e-03 2.858245051235936644e-03
1.500000000000000000e+02 2.649047164399368111e-03 2.649047164399368111e-03
1.520000000000000000e+02 2.649254070634958578e-03 2.649254070634958578e-03
1.540000000000000000e+02 2.470046843231674637e-03 2.470046843231674637e-03
1.560000000000000000e+02 2.604380452211612230e-03 2.604380452211612230e-03
1.580000000000000000e+02 2.561173332724004954e-03 2.561173332724004954e-03
1.600000000000000000e+02 2.497651116429330190e-03 2.497651116429330190e-03
1.620000000000000000e+02 2.483212347424811409e-03 2.483212347424811409e-03
1.640000000000000000e+02 2.466064878543483638e-03 2.466064878543483638e-03
1.660000000000000000e+02 2.800704511552924800e-03 2.800704511552924800e-03
1.680000000000000000e+02 2.560124533746944639e-03 2.560124533746944639e-03
1.700000000000000000e+02 2.627839222702855158e-03 2.627839222702855158e-03
1.720000000000000000e+02 2.705633450759566648e-03 2.705633450759566648e-03
1.740000000000000000e+02 2.612014487257243844e-03 2.612014487257243844e-03
1.760000000000000000e+02 2.427190945254919553e-03 2.427190945254919553e-03
1.780000000000000000e+02 2.485206522010679694e-03 2.485206522010679694e-03
1.800000000000000000e+02 2.434981294354196090e-03 2.434981294354196090e-03
1.820000000000000000e+02 2.506686002460818598e-03 2.506686002460818598e-03
1.840000000000000000e+02 2.669140173132611080e-03 2.669140173132611080e-03
1.860000000000000000e+02 2.420571728368916663e-03 2.420571728368916663e-03
1.880000000000000000e+02 2.397642129808565548e-03 2.397642129808565548e-03
1.900000000000000000e+02 2.381574079450015161e-03 2.381574079450015161e-03
1.920000000000000000e+02 2.376809469198513068e-03 2.376809469198513068e-03
1.940000000000000000e+02 2.398076843006042430e-03 2.398076843006042430e-03
1.960000000000000000e+02 2.472032727693326912e-03 2.472032727693326912e-03
1.980000000000000000e+02 2.412179631765548268e-03 2.412179631765548268e-03
2.000000000000000000e+02 2.396180159476272390e-03 2.396180159476272390e-03
2.020000000000000000e+02 2.420284007776120870e-03 2.420284007776120870e-03
2.040000000000000000e+02 2.533573316227358437e-03 2.533573316227358437e-03
2.060000000000000000e+02 2.319707455262647738e-03 2.319707455262647738e-03
2.080000000000000000e+02 2.344538026497706984e-03 2.344538026497706984e-03
2.100000000000000000e+02 2.428635901791425557e-03 2.428635901791425557e-03
2.120000000000000000e+02 2.422914345060280233e-03 2.422914345060280233e-03
2.140000000000000000e+02 2.339258701634918877e-03 2.339258701634918877e-03
2.160000000000000000e+02 2.223567387896077750e-03 2.223567387896077750e-03
2.180000000000000000e+02 2.298550110088912711e-03 2.298550110088912711e-03
2.200000000000000000e+02 2.379658204635227807e-03 2.379658204635227807e-03
2.220000000000000000e+02 2.415317100074438478e-03 2.415317100074438478e-03
2.240000000000000000e+02 2.318976845613618561e-03 2.318976845613618561e-03
2.260000000000000000e+02 2.501664868068174431e-03 2.501664868068174431e-03
2.280000000000000000e+02 2.425396375846147409e-03 2.425396375846147409e-03
2.300000000000000000e+02 2.416925952258309421e-03 2.416925952258309421e-03
2.320000000000000000e+02 2.513774729956944586e-03 2.513774729956944586e-03
2.340000000000000000e+02 2.415886557607143086e-03 2.415886557607143086e-03
2.360000000000000000e+02 2.496705093554935605e-03 2.496705093554935605e-03
2.380000000000000000e+02 2.472277553286829702e-03 2.472277553286829702e-03
2.400000000000000000e+02 2.534551592006170119e-03 2.534551592006170119e-03
2.420000000000000000e+02 2.532449228168820194e-03 2.532449228168820194e-03
2.440000000000000000e+02 2.448096406202664686e-03 2.448096406202664686e-03
2.460000000000000000e+02 2.511784878443468986e-03 2.511784878443468986e-03
2.480000000000000000e+02 2.468383983117713315e-03 2.468383983117713315e-03
2.500000000000000000e+02 2.430981610643800309e-03 2.430981610643800309e-03
2.520000000000000000e+02 2.334221740360894592e-03 2.334221740360894592e-03
2.540000000000000000e+02 2.303139041727543350e-03 2.303139041727543350e-03
2.560000000000000000e+02 2.414604707527531237e-03 2.414604707527531237e-03
2.580000000000000000e+02 2.452893579808729501e-03 2.452893579808729501e-03
2.600000000000000000e+02 2.279179567005590150e-03 2.279179567005590150e-03
2.620000000000000000e+02 2.349846468165561926e-03 2.349846468165561926e-03
2.640000000000000000e+02 2.367092408307328380e-03 2.367092408307328380e-03
2.660000000000000000e+02 2.366832327234480102e-03 2.366832327234480102e-03
2.680000000000000000e+02 2.241931024920893866e-03 2.241931024920893866e-03
2.700000000000000000e+02 2.173719842811444071e-03 2.173719842811444071e-03
2.720000000000000000e+02 2.118267671575216945e-03 2.118267671575216945e-03
2.740000000000000000e+02 2.264279533389684535e-03 2.264279533389684535e-03
2.760000000000000000e+02 2.123262513826667738e-03 2.123262513826667738e-03
2.780000000000000000e+02 2.164295336331209085e-03 2.164295336331209085e-03
2.800000000000000000e+02 2.181086172418581631e-03 2.181086172418581631e-03
2.820000000000000000e+02 2.071664787569081102e-03 2.071664787569081102e-03
2.840000000000000000e+02 2.281050436216547003e-03 2.281050436216547003e-03
2.860000000000000000e+02 2.358146029938527986e-03 2.358146029938527986e-03
2.880000000000000000e+02 2.435203306581663635e-03 2.435203306581663635e-03
2.900000000000000000e+02 2.298214947260528076e-03 2.298214947260528076e-03
2.920000000000000000e+02 2.259508413503461856e-03 2.259508413503461856e-03
2.940000000000000000e+02 2.326944632232259662e-03 2.326944632232259662e-03
2.960000000000000000e+02 2.249361311238551493e-03 2.249361311238551493e-03
2.980000000000000000e+02 2.370478937351289551e-03 2.370478937351289551e-03
3.000000000000000000e+02 2.280431004222238742e-03 2.280431004222238742e-03
3.020000000000000000e+02 2.320412156490065259e-03 2.320412156490065259e-03
3.040000000000000000e+02 2.259650864523494226e-03 2.259650864523494226e-03
3.060000000000000000e+02 2.285140974453573563e-03 2.285140974453573563e-03
3.080000000000000000e+02 2.264094745276350098e-03 2.264094745276350098e-03
3.100000000000000000e+02 2.356808600945259433e-03 2.356808600945259433e-03
3.120000000000000000e+02 2.154620413922780052e-03 2.154620413922780052e-03
3.140000000000000000e+02 2.222406995005774943e-03 2.222406995005774943e-03
3.160000000000000000e+02 2.327198124413800816e-03 2.327198124413800816e-03
3.180000000000000000e+02 2.394740952921037020e-03 2.394740952921037020e-03
3.200000000000000000e+02 2.353542102146129363e-03 2.353542102146129363e-03
3.220000000000000000e+02 2.488675523589037666e-03 2.488675523589037666e-03
3.240000000000000000e+02 2.329242964753475056e-03 2.329242964753475056e-03
3.260000000000000000e+02 2.505049169940112841e-03 2.505049169940112841e-03
3.280000000000000000e+02 2.472696244753964847e-03 2.472696244753964847e-03
3.300000000000000000e+02 2.541117598418772289e-03 2.541117598418772289e-03
3.320000000000000000e+02 2.497089219980093248e-03 2.497089219980093248e-03
3.340000000000000000e+02 2.504189676780521796e-03 2.504189676780521796e-03
3.360000000000000000e+02 2.590650713156963068e-03 2.590650713156963068e-03
3.380000000000000000e+02 2.523856341165051607e-03 2.523856341165051607e-03
3.400000000000000000e+02 2.613327691632883268e-03 2.613327691632883268e-03
3.420000000000000000e+02 2.415811889391383804e-03 2.415811889391383804e-03
3.440000000000000000e+02 2.469321000581301516e-03 2.469321000581301516e-03
3.460000000000000000e+02 2.480713335907451869e-03 2.480713335907451869e-03
3.480000000000000000e+02 2.544618864236632139e-03 2.544618864236632139e-03
3.500000000000000000e+02 2.428440821312678050e-03 2.428440821312678050e-03
3.520000000000000000e+02 2.587029852300477394e-03 2.587029852300477394e-03
3.540000000000000000e+02 2.756549410228128875e-03 2.756549410228128875e-03
3.560000000000000000e+02 2.520739719131082947e-03 2.520739719131082947e-03
3.580000000000000000e+02 2.582346111734159805e-03 2.582346111734159805e-03
3.600000000000000000e+02 2.414666366688139696e-03 2.414666366688139696e-03
3.620000000000000000e+02 2.443267907214932352e-03 2.443267907214932352e-03
3.640000000000000000e+02 2.649811652879495872e-03 2.649811652879495872e-03
3.660000000000000000e+02 2.563642398618292979e-03 2.563642398618292979e-03
3.680000000000000000e+02 2.580373968513869319e-03 2.580373968513869319e-03
3.700000000000000000e+02 2.641386579748507355e-03 2.641386579748507355e-03
3.720000000000000000e+02 2.603175510276853431e-03 2.603175510276853431e-03
3.740000000000000000e+02 2.469703445398804820e-03 2.469703445398804820e-03
3.760000000000000000e+02 2.503231796602798341e-03 2.503231796602798341e-03
3.780000000000000000e+02 2.483778873724338393e-03 2.483778873724338393e-03
3.800000000000000000e+02 2.519154979896813442e-03 2.519154979896813442e-03
3.820000000000000000e+02 2.519246018123730974e-03 2.519246018123730974e-03
3.840000000000000000e+02 2.444464215020984016e-03 2.444464215020984016e-03
3.860000000000000000e+02 2.552671266605936393e-03 2.552671266605936393e-03
3.880000000000000000e+02 2.653222030717581042e-03 2.653222030717581042e-03
3.900000000000000000e+02 2.574894091375935345e-03 2.574894091375935345e-03
3.920000000000000000e+02 2.458560336679903834e-03 2.458560336679903834e-03
3.940000000000000000e+02 2.531390218966477878e-03 2.531390218966477878e-03
3.960000000000000000e+02 2.558512181542129185e-03 2.558512181542129185e-03
3.980000000000000000e+02 2.430175100223952965e-03 2.430175100223952965e-03
4.000000000000000000e+02 2.514947432806749657e-03 2.514947432806749657e-03
4.020000000000000000e+02 2.513756562691525122e-03 2.513756562691525122e-03
4.040000000000000000e+02 2.508953943938656804e-03 2.508953943938656804e-03
4.060000000000000000e+02 2.553826311956390767e-03 2.553826311956390767e-03
4.080000000000000000e+02 2.467997011049061391e-03 2.467997011049061391e-03
4.100000000000000000e+02 2.437523908125851894e-03 2.437523908125851894e-03
4.120000000000000000e+02 2.506539746711152448e-03 2.506539746711152448e-03
4.140000000000000000e+02 2.495249095953538682e-03 2.495249095953538682e-03
4.160000000000000000e+02 2.632983303134401893e-03 2.632983303134401893e-03
4.180000000000000000e+02 2.504990334981080542e-03 2.504990334981080542e-03
4.200000000000000000e+02 2.575442528400864132e-03 2.575442528400864132e-03
4.220000000000000000e+02 2.545381550588635220e-03 2.545381550588635220e-03
4.240000000000000000e+02 2.637263361589840902e-03 2.637263361589840902e-03
4.260000000000000000e+02 2.525634927236280070e-03 2.525634927236280070e-03
4.280000000000000000e+02 2.417892217282202258e-03 2.417892217282202258e-03
4.300000000000000000e+02 2.514702396547875436e-03 2.514702396547875436e-03
4.320000000000000000e+02 2.497250120251672673e-03 2.497250120251672673e-03
4.340000000000000000e+02 2.646414782460008823e-03 2.646414782460008823e-03
4.360000000000000000e+02 2.633202756952563849e-03 2.633202756952563849e-03
4.380000000000000000e+02 2.657240526419251455e-03 2.657240526419251455e-03
4.400000000000000000e+02 2.547488497709800553e-03 2.547488497709800553e-03
4.420000000000000000e+02 2.491153484928521240e-03 2.491153484928521240e-03
4.440000000000000000e+02 2.530418998688666911e-03 2.530418998688666911e-03
4.460000000000000000e+02 2.508242794704002195e-03 2.508242794704002195e-03
4.480000000000000000e+02 2.572231043416116532e-03 2.572231043416116532e-03
4.500000000000000000e+02 2.514078223420548441e-03 2.514078223420548441e-03
4.520000000000000000e+02 2.455432655551701045e-03 2.455432655551701045e-03
4.540000000000000000e+02 2.533014039155474535e-03 2.533014039155474535e-03
4.560000000000000000e+02 2.471731013413305204e-03 2.471731013413305204e-03
4.580000000000000000e+02 2.430318367012647158e-03 2.430318367012647158e-03
4.600000000000000000e+02 2.536680091133488701e-03 2.536680091133488701e-03
4.620000000000000000e+02 2.628836832684665857e-03 2.628836832684665857e-03
4.640000000000000000e+02 2.534787390908884407e-03 2.534787390908884407e-03
4.660000000000000000e+02 2.554795737653361033e-03 2.554795737653361033e-03
4.680000000000000000e+02 2.553151621614323848e-03 2.553151621614323848e-03
4.700000000000000000e+02 2.634411952827688842e-03 2.634411952827688842e-03
4.720000000000000000e+02 2.655755845917946896e-03 2.655755845917946896e-03
4.740000000000000000e+02 2.629598147207109268e-03 2.629598147207109268e-03
4.760000000000000000e+02 2.635972060707208672e-03 2.635972060707208672e-03
4.780000000000000000e+02 2.636540633126396513e-03 2.636540633126396513e-03
4.800000000000000000e+02 2.632603770171520162e-03 2.632603770171520162e-03
4.820000000000000000e+02 2.571954276086078905e-03 2.571954276086078905e-03
4.840000000000000000e+02 2.503374093901240566e-03 2.503374093901240566e-03
4.860000000000000000e+02 2.592946447842623282e-03 2.592946447842623282e-03
4.880000000000000000e+02 2.396158979444483646e-03 2.396158979444483646e-03
4.900000000000000000e+02 2.382490490853190687e-03 2.382490490853190687e-03
4.920000000000000000e+02 2.268423670591256883e-03 2.268423670591256883e-03
4.940000000000000000e+02 2.380366045916518930e-03 2.380366045916518930e-03
4.960000000000000000e+02 2.314733200220765123e-03 2.314733200220765123e-03
4.980000000000000000e+02 2.392058325901147940e-03 2.392058325901147940e-03
5.000000000000000000e+02 2.332883382848366296e-03 2.332883382848366296e-03
