# delays[ps] delta_averaged scan 0
-2.000000000000000000e+01 -1.003543470067034312e-03 -1.003543470067034312e-03
-1.800000000000000000e+01 -8.514578856851603202e-04 -8.514578856851603202e-04
-1.600000000000000000e+01 -1.030250967565762886e-03 -1.030250967565762886e-03
-1.400000000000000000e+01 -1.017108137169143089e-03 -1.017108137169143089e-03
-1.200000000000000000e+01 -8.718775215894179927e-04 -8.718775215894179927e-04
-1.000000000000000000e+01 -9.308679757068921701e-04 -9.308679757068921701e-04
-8.000000000000000000e+00 -8.446299340587065272e-04 -8.446299340587065272e-04
-6.000000000000000000e+00 -9.260866663654384245e-04 -9.260866663654384245e-04
-4.000000000000000000e+00 -8.348948621002114014e-04 -8.348948621002114014e-04
-2.000000000000000000e+00 -8.386983221734332482e-04 -8.386983221734332482e-04
-1.899999999999999911e+00 -7.902578430869788579e-04 -7.902578430869788579e-04
-1.800000000000000044e+00 -9.747677319705937019e-04 -9.747677319705937019e-04
-1.699999999999999956e+00 -8.788044341227644945e-04 -8.788044341227644945e-04
-1.600000000000000089e+00 -9.150740805705208369e-04 -9.150740805705208369e-04
-1.500000000000000000e+00 -8.583389014817130024e-04 -8.583389014817130024e-04
-1.399999999999999911e+00 -7.900537071911645486e-04 -7.900537071911645486e-04
-1.300000000000000044e+00 -8.664097515199574353e-04 -8.664097515199574353e-04
-1.199999999999999956e+00 -9.845921644850231039e-04 -9.845921644850231039e-04
-1.100000000000000089e+00 -9.559396635032028433e-04 -9.559396635032028433e-04
-1.000000000000000000e+00 -8.811427637840898086e-04 -8.811427637840898086e-04
-9.000000000000000222e-01 -9.067525084132840559e-04 -9.067525084132840559e-04
-8.000000000000000444e-01 -8.635573123636249146e-04 -8.635573123636249146e-04
-6.999999999999999556e-01 -7.749939732707803461e-04 -7.749939732707803461e-04
-5.999999999999999778e-01 -9.292309609459876779e-04 -9.292309609459876779e-04
-5.000000000000000000e-01 -7.299433710436281555e-04 -7.299433710436281555e-04
-4.000000000000000222e-01 -9.588101336220802417e-04 -9.588101336220802417e-04
-2.999999999999999889e-01 -8.288278762929697984e-04 -8.288278762929697984e-04
-2.000000000000000111e-01 -8.346287870493779466e-04 -8.346287870493779466e-04
-1.000000000000000056e-01 -9.303528204183894330e-04 -9.303528204183894330e-04
-0.000000000000000000e+00 -6.170840663814120344e-04 -6.170840663814120344e-04
1.000000000000000056e-01 6.954009411272668193e-04 6.954009411272668193e-04
2.000000000000000111e-01 2.170706169607974478e-03 2.170706169607974478e-03
2.999999999999999889e-01 3.245211225396227306e-03 3.245211225396227306e-03
4.000000000000000222e-01 3.580968528847761501e-03 3.580968528847761501e-03
5.000000000000000000e-01 3.915276896876903126e-03 3.915276896876903126e-03
5.999999999999999778e-01 4.329475491766614573e-03 4.329475491766614573e-03
6.999999999999999556e-01 4.303375229533388732e-03 4.303375229533388732e-03
8.000000000000000444e-01 4.251299123578481699e-03 4.251299123578481699e-03
9.000000000000000222e-01 4.268412017173201303e-03 4.268412017173201303e-03
1.000000000000000000e+00 4.162161286811935472e-03 4.162161286811935472e-03
1.100000000000000089e+00 4.223076986001893934e-03 4.223076986001893934e-03
1.199999999999999956e+00 4.108233887994717885e-03 4.108233887994717885e-03
1.300000000000000044e+00 4.179252062620417152e-03 4.179252062620417152e-03
1.399999999999999911e+00 4.362665240096239710e-03 4.362665240096239710e-03
1.500000000000000000e+00 4.378694960962644343e-03 4.378694960962644343e-03
1.600000000000000089e+00 4.392024825719458535e-03 4.392024825719458535e-03
1.699999999999999956e+00 4.674247952107031534e-03 4.674247952107031534e-03
1.800000000000000044e+00 4.321492474979333337e-03 4.321492474979333337e-03
1.899999999999999911e+00 4.439886719441494753e-03 4.439886719441494753e-03
2.000000000000000000e+00 4.461739017648636181e-03 4.461739017648636181e-03
4.000000000000000000e+00 5.173781863232900652e-03 5.173781863232900652e-03
6.000000000000000000e+00 5.512912110309954768e-03 5.512912110309954768e-03
8.000000000000000000e+00 5.447004335164924542e-03 5.447004335164924542e-03
1.000000000000000000e+01 5.656576303547429345e-03 5.656576303547429345e-03
1.200000000000000000e+01 5.907892816088288618e-03 5.907892816088288618e-03
1.400000000000000000e+01 5.852996542978377605e-03 5.852996542978377605e-03
1.600000000000000000e+01 6.012046351852057963e-03 6.012046351852057963e-03
1.800000000000000000e+01 6.083380707231690089e-03 6.083380707231690089e-03
2.000000000000000000e+01 5.957800102379609206e-03 5.957800102379609206e-03
2.200000000000000000e+01 5.752692690927236653e-03 5.752692690927236653e-03
2.400000000000000000e+01 5.460598554225521914e-03 5.460598554225521914e-03
2.600000000000000000e+01 5.185620925228603094e-03 5.185620925228603094e-03
2.800000000000000000e+01 5.112698492622245669e-03 5.112698492622245669e-03
3.000000000000000000e+01 5.160783855586999203e-03 5.160783855586999203e-03
3.200000000000000000e+01 4.845830204604746096e-03 4.845830204604746096e-03
3.400000000000000000e+01 4.460286031849295708e-03 4.460286031849295708e-03
3.600000000000000000e+01 4.341546528160538689e-03 4.341546528160538689e-03
3.800000000000000000e+01 4.149007812976585052e-03 4.149007812976585052e-03
4.000000000000000000e+01 4.072034896479418027e-03 4.072034896479418027e-03
4.200000000000000000e+01 4.063782964383300805e-03 4.063782964383300805e-03
4.400000000000000000e+01 3.966301449255281615e-03 3.966301449255281615e-03
4.600000000000000000e+01 3.882857105688824421e-03 3.882857105688824421e-03
4.800000000000000000e+01 3.685965713047672804e-03 3.685965713047672804e-03
5.000000000000000000e+01 3.819383518479448590e-03 3.819383518479448590e-03
5.200000000000000000e+01 3.800582810283427426e-03 3.800582810283427426e-03
5.400000000000000000e+01 3.704092794324663311e-03 3.704092794324663311e-03
5.600000000000000000e+01 3.552613828303682626e-03 3.552613828303682626e-03
5.800000000000000000e+01 3.457168027494092119e-03 3.457168027494092119e-03
6.000000000000000000e+01 3.541601935307395893e-03 3.541601935307395893e-03
6.200000000000000000e+01 3.528217933732164663e-03 3.528217933732164663e-03
6.400000000000000000e+01 3.480156998746257013e-03 3.480156998746257013e-03
6.600000000000000000e+01 3.529615488302222277e-03 3.529615488302222277e-03
6.800000000000000000e+01 3.393056494809568082e-03 3.393056494809568082e-03
7.000000000000000000e+01 3.161705046719142341e-03 3.161705046719142341e-03
7.200000000000000000e+01 3.171061006929787665e-03 3.171061006929787665e-03
7.400000000000000000e+01 3.061517999180818524e-03 3.061517999180818524e-03
7.600000000000000000e+01 2.972146139512377074e-03 2.972146139512377074e-03
7.800000000000000000e+01 3.163389344246867081e-03 3.163389344246867081e-03
8.000000000000000000e+01 3.126106991806673271e-03 3.126106991806673271e-03
8.200000000000000000e+01 2.936653628050645351e-03 2.936653628050645351e-03
8.400000000000000000e+01 2.908284118040840253e-03 2.908284118040840253e-03
8.600000000000000000e+01 2.993118609890145238e-03 2.993118609890145238e-03
8.800000000000000000e+01 2.951390043102978134e-03 2.951390043102978134e-03
9.000000000000000000e+01 2.943439082132502140e-03 2.943439082132502140e-03
9.200000000000000000e+01 3.043821158207777114e-03 3.043821158207777114e-03
9.400000000000000000e+01 3.035590288933070514e-03 3.035590288933070514e-03
9.600000000000000000e+01 2.586209194146305273e-03 2.586209194146305273e-03
9.800000000000000000e+01 2.643951420494687968e-03 2.643951420494687968e-03
1.000000000000000000e+02 2.755728408771926721e-03 2.755728408771926721e-03
1.020000000000000000e+02 2.858678903294426150e-03 2.858678903294426150e-03
1.040000000000000000e+02 2.802286562418996110e-03 2.802286562418996110e-03
1.060000000000000000e+02 2.725865007976191814e-03 2.725865007976191814e-03
1.080000000000000000e+02 2.620387575593195999e-03 2.620387575593195999e-03
1.100000000000000000e+02 2.675883103699917571e-03 2.675883103699917571e-03
1.120000000000000000e+02 2.689350746777291121e-03 2.689350746777291121e-03
1.140000000000000000e+02 2.376861237991440869e-03 2.376861237991440869e-03
1.160000000000000000e+02 2.468101121875927208e-03 2.468101121875927208e-03
1.180000000000000000e+02 2.456267158061126079e-03 2.456267158061126079e-03
1.200000000000000000e+02 2.364665783684803419e-03 2.364665783684803419e-03
1.220000000000000000e+02 2.284653277535712498e-03 2.284653277535712498e-03
1.240000000000000000e+02 2.180599412333294757e-03 2.180599412333294757e-03
1.260000000000000000e+02 2.276378250155600570e-03 2.276378250155600570e-03
1.280000000000000000e+02 2.411697204097582991e-03 2.411697204097582991e-03
1.300000000000000000e+02 2.354093944706259645e-03 2.354093944706259645e-03
1.320000000000000000e+02 2.450946857574029438e-03 2.450946857574029438e-03
1.340000000000000000e+02 2.669007277534285200e-03 2.669007277534285200e-03
1.360000000000000000e+02 2.606994270907656615e-03 2.606994270907656615e-03
1.380000000000000000e+02 2.632871645166900108e-03 2.632871645166900108e-03
1.400000000000000000e+02 2.596548643043548703e-03 2.596548643043548703e-03
1.420000000000000000e+02 2.627692959854515363e-03 2.627692959854515363e-03
1.440000000000000000e+02 2.503224975125838223e-03 2.503224975125838223e-03
1.460000000000000000e+02 2.369412535174944719e-03 2.369412535174944719e-03
1.480000000000000000e+02 2.291695683235694427e-03 2.291695683235694427e-03
1.500000000000000000e+02 2.157700662349012252e-03 2.157700662349012252e-03
1.520000000000000000e+02 2.241024457786513439e-03 2.241024457786513439e-03
1.540000000000000000e+02 2.218312247683166139e-03 2.218312247683166139e-03
1.560000000000000000e+02 2.269098571314554034e-03 2.269098571314554034e-03
1.580000000000000000e+02 2.278972466582796039e-03 2.278972466582796039e-03
1.600000000000000000e+02 2.240025547644217824e-03 2.240025547644217824e-03
1.620000000000000000e+02 2.174353671106148914e-03 2.174353671106148914e-03
1.640000000000000000e+02 2.056246087985299890e-03 2.056246087985299890e-03
1.660000000000000000e+02 2.094403624020435041e-03 2.094403624020435041e-03
1.680000000000000000e+02 2.291503732842079845e-03 2.291503732842079845e-03
1.700000000000000000e+02 2.414062290403016110e-03 2.414062290403016110e-03
1.720000000000000000e+02 2.196617725725033554e-03 2.196617725725033554e-03
1.740000000000000000e+02 2.260181619410480802e-03 2.260181619410480802e-03
1.760000000000000000e+02 2.181674286427716814e-03 2.181674286427716814e-03
1.780000000000000000e+02 2.027497521058145916e-03 2.027497521058145916e-03
1.800000000000000000e+02 2.087542244133956063e-03 2.087542244133956063e-03
1.820000000000000000e+02 2.065452620748296688e-03 2.065452620748296688e-03
1.840000000000000000e+02 2.091609401616606641e-03 2.091609401616606641e-03
1.860000000000000000e+02 2.068503598700499081e-03 2.068503598700499081e-03
1.880000000000000000e+02 1.900571001059837102e-03 1.900571001059837102e-03
1.900000000000000000e+02 2.123554742318788189e-03 2.123554742318788189e-03
1.920000000000000000e+02 2.043067530101267976e-03 2.043067530101267976e-03
1.940000000000000000e+02 1.924823373156532786e-03 1.924823373156532786e-03
1.960000000000000000e+02 1.892812778863041346e-03 1.892812778863041346e-03
1.980000000000000000e+02 2.025124824988613556e-03 2.025124824988613556e-03
2.000000000000000000e+02 1.834592663463034852e-03 1.834592663463034852e-03
2.020000000000000000e+02 2.052024158985348706e-03 2.052024158985348706e-03
2.040000000000000000e+02 2.024604931350330352e-03 2.024604931350330352e-03
2.060000000000000000e+02 1.736497269798616648e-03 1.736497269798616648e-03
2.080000000000000000e+02 1.829450196637401934e-03 1.829450196637401934e-03
2.100000000000000000e+02 1.858299723960202656e-03 1.858299723960202656e-03
2.120000000000000000e+02 2.054355833822699151e-03 2.054355833822699151e-03
2.140000000000000000e+02 1.980725620714270802e-03 1.980725620714270802e-03
2.160000000000000000e+02 1.812873655894355973e-03 1.812873655894355973e-03
2.180000000000000000e+02 1.815286475573567662e-03 1.815286475573567662e-03
2.200000000000000000e+02 1.747505228425686027e-03 1.747505228425686027e-03
2.220000000000000000e+02 1.920522288425858745e-03 1.920522288425858745e-03
2.240000000000000000e+02 1.852694854279271887e-03 1.852694854279271887e-03
2.260000000000000000e+02 2.000687632721326846e-03 2.000687632721326846e-03
2.280000000000000000e+02 1.910759849211481672e-03 1.910759849211481672e-03
2.300000000000000000e+02 2.007588721044519051e-03 2.007588721044519051e-03
2.320000000000000000e+02 2.022727537270902886e-03 2.022727537270902886e-03
2.340000000000000000e+02 2.060292285880357174e-03 2.060292285880357174e-03
2.360000000000000000e+02 1.945656042624425291e-03 1.945656042624425291e-03
2.380000000000000000e+02 2.180054236322654868e-03 2.180054236322654868e-03
2.400000000000000000e+02 2.077629232459914706e-03 2.077629232459914706e-03
2.420000000000000000e+02 2.089548872730921918e-03 2.089548872730921918e-03
2.440000000000000000e+02 1.992075787802923860e-03 1.992075787802923860e-03
2.460000000000000000e+02 2.053157662630204078e-03 2.053157662630204078e-03
2.480000000000000000e+02 2.082187943845275908e-03 2.082187943845275908e-03
2.500000000000000000e+02 2.130788882715221877e-03 2.130788882715221877e-03
2.520000000000000000e+02 2.008031174555534922e-03 2.008031174555534922e-03
2.540000000000000000e+02 1.996068351842193115e-03 1.996068351842193115e-03
2.560000000000000000e+02 2.029729794789319509e-03 2.029729794789319509e-03
2.580000000000000000e+02 2.011236128120963938e-03 2.011236128120963938e-03
2.600000000000000000e+02 1.979378778378506568e-03 1.979378778378506568e-03
2.620000000000000000e+02 2.059512766738616062e-03 2.059512766738616062e-03
2.640000000000000000e+02 1.953267302439935359e-03 1.953267302439935359e-03
2.660000000000000000e+02 1.950038361288548199e-03 1.950038361288548199e-03
2.680000000000000000e+02 1.938127146824534510e-03 1.938127146824534510e-03
2.700000000000000000e+02 1.830718748916411584e-03 1.830718748916411584e-03
2.720000000000000000e+02 1.946563692287746122e-03 1.946563692287746122e-03
2.740000000000000000e+02 1.865595177590063372e-03 1.865595177590063372e-03
2.760000000000000000e+02 1.947500429094761688e-03 1.947500429094761688e-03
2.780000000000000000e+02 1.848090391454491584e-03 1.848090391454491584e-03
2.800000000000000000e+02 1.895326559812180031e-03 1.895326559812180031e-03
2.820000000000000000e+02 2.064129351666740050e-03 2.064129351666740050e-03
2.840000000000000000e+02 2.020544119720468334e-03 2.020544119720468334e-03
2.860000000000000000e+02 2.034064078780152898e-03 2.034064078780152898e-03
2.880000000000000000e+02 2.028813467486775390e-03 2.028813467486775390e-03
2.900000000000000000e+02 1.866455289645618408e-03 1.866455289645618408e-03
2.920000000000000000e+02 1.918963829940496845e-03 1.918963829940496845e-03
2.940000000000000000e+02 2.145714180458685276e-03 2.145714180458685276e-03
2.960000000000000000e+02 2.192756945550292276e-03 2.192756945550292276e-03
2.980000000000000000e+02 2.036618968720278929e-03 2.036618968720278929e-03
3.000000000000000000e+02 2.089154336842317678e-03 2.089154336842317678e-03
3.020000000000000000e+02 1.980814772624033340e-03 1.980814772624033340e-03
3.040000000000000000e+02 2.037362816851239888e-03 2.037362816851239888e-03
3.060000000000000000e+02 2.246713906337857638e-03 2.246713906337857638e-03
3.080000000000000000e+02 2.123975423661693136e-03 2.123975423661693136e-03
3.100000000000000000e+02 2.097559532353741093e-03 2.097559532353741093e-03
3.120000000000000000e+02 2.178221514854673368e-03 2.178221514854673368e-03
3.140000000000000000e+02 2.165912246260063428e-03 2.165912246260063428e-03
3.160000000000000000e+02 1.999748833478463741e-03 1.999748833478463741e-03
3.180000000000000000e+02 2.056067757542856533e-03 2.056067757542856533e-03
3.200000000000000000e+02 2.161786312355113305e-03 2.161786312355113305e-03
3.220000000000000000e+02 2.138459446695667975e-03 2.138459446695667975e-03
3.240000000000000000e+02 2.138386530186982791e-03 2.138386530186982791e-03
3.260000000000000000e+02 1.937599105274077568e-03 1.937599105274077568e-03
3.280000000000000000e+02 2.140639400081674557e-03 2.140639400081674557e-03
3.300000000000000000e+02 1.991587415449732733e-03 1.991587415449732733e-03
3.320000000000000000e+02 2.254122377299347477e-03 2.254122377299347477e-03
3.340000000000000000e+02 2.207194287721052275e-03 2.207194287721052275e-03
3.360000000000000000e+02 2.247004537338948005e-03 2.247004537338948005e-03
3.380000000000000000e+02 2.304324053205425264e-03 2.304324053205425264e-03
3.400000000000000000e+02 2.130138656005167025e-03 2.130138656005167025e-03
3.420000000000000000e+02 2.108553016671626309e-03 2.108553016671626309e-03
3.440000000000000000e+02 2.059524956629543886e-03 2.059524956629543886e-03
3.460000000000000000e+02 2.106083944773965138e-03 2.106083944773965138e-03
3.480000000000000000e+02 1.996012935836996138e-03 1.996012935836996138e-03
3.500000000000000000e+02 2.019837533592401188e-03 2.019837533592401188e-03
3.520000000000000000e+02 2.270265652545711953e-03 2.270265652545711953e-03
3.540000000000000000e+02 2.134926337952509825e-03 2.134926337952509825e-03
3.560000000000000000e+02 2.311646289862841729e-03 2.311646289862841729e-03
3.580000000000000000e+02 2.529293203968237865e-03 2.529293203968237865e-03
3.600000000000000000e+02 2.434463531808721184e-03 2.434463531808721184e-03
3.620000000000000000e+02 2.211899400950448433e-03 2.211899400950448433e-03
3.640000000000000000e+02 2.305953677197410037e-03 2.305953677197410037e-03
3.660000000000000000e+02 2.370978382630287411e-03 2.370978382630287411e-03
3.680000000000000000e+02 2.060651091535957349e-03 2.060651091535957349e-03
3.700000000000000000e+02 2.262912581604911971e-03 2.262912581604911971e-03
3.720000000000000000e+02 2.167982947835464785e-03 2.167982947835464785e-03
3.740000000000000000e+02 2.327218897735357228e-03 2.327218897735357228e-03
3.760000000000000000e+02 2.263618975309114514e-03 2.263618975309114514e-03
3.780000000000000000e+02 2.268324063262418255e-03 2.268324063262418255e-03
3.800000000000000000e+02 2.150709459444656579e-03 2.150709459444656579e-03
3.820000000000000000e+02 2.139024341304866100e-03 2.139024341304866100e-03
3.840000000000000000e+02 2.262345935437482924e-03 2.262345935437482924e-03
3.860000000000000000e+02 2.279519324694672874e-03 2.279519324694672874e-03
3.880000000000000000e+02 2.442268908090152162e-03 2.442268908090152162e-03
3.900000000000000000e+02 2.034785695658083548e-03 2.034785695658083548e-03
3.920000000000000000e+02 2.326897051373446809e-03 2.326897051373446809e-03
3.940000000000000000e+02 2.324067319164324283e-03 2.324067319164324283e-03
3.960000000000000000e+02 2.229705558898596035e-03 2.229705558898596035e-03
3.980000000000000000e+02 2.158324677670138848e-03 2.158324677670138848e-03
4.000000000000000000e+02 2.085089044640443291e-03 2.085089044640443291e-03
4.020000000000000000e+02 2.209950761171540750e-03 2.209950761171540750e-03
4.040000000000000000e+02 2.413076183409846448e-03 2.413076183409846448e-03
4.060000000000000000e+02 2.229288039350740824e-03 2.229288039350740824e-03
4.080000000000000000e+02 2.084655123145034462e-03 2.084655123145034462e-03
4.100000000000000000e+02 2.244323774578066942e-03 2.244323774578066942e-03
4.120000000000000000e+02 2.124995189164098630e-03 2.124995189164098630e-03
4.140000000000000000e+02 2.235581900912789622e-03 2.235581900912789622e-03
4.160000000000000000e+02 2.163695759785417942e-03 2.163695759785417942e-03
4.180000000000000000e+02 2.336804464736912199e-03 2.336804464736912199e-03
4.200000000000000000e+02 2.147985371369614573e-03 2.147985371369614573e-03
4.220000000000000000e+02 2.286304703039161463e-03 2.286304703039161463e-03
4.240000000000000000e+02 2.304197325475032358e-03 2.304197325475032358e-03
4.260000000000000000e+02 2.144517390827542936e-03 2.144517390827542936e-03
4.280000000000000000e+02 2.308542875317795909e-03 2.308542875317795909e-03
4.300000000000000000e+02 2.343471810518726970e-03 2.343471810518726970e-03
4.320000000000000000e+02 2.263502934870423398e-03 2.263502934870423398e-03
4.340000000000000000e+02 2.410391451644018634e-03 2.410391451644018634e-03
4.360000000000000000e+02 2.174022725046974996e-03 2.174022725046974996e-03
4.380000000000000000e+02 2.191877659043300029e-03 2.191877659043300029e-03
4.400000000000000000e+02 2.232555792249584295e-03 2.232555792249584295e-03
4.420000000000000000e+02 2.386914019674969516e-03 2.386914019674969516e-03
4.440000000000000000e+02 2.426643870510332684e-03 2.426643870510332684e-03
4.460000000000000000e+02 2.169704736549718949e-03 2.169704736549718949e-03
4.480000000000000000e+02 2.175490508854139356e-03 2.175490508854139356e-03
4.500000000000000000e+02 2.273191367877981043e-03 2.273191367877981043e-03
4.520000000000000000e+02 2.084811667832317007e-03 2.084811667832317007e-03
4.540000000000000000e+02 2.258615123361555187e-03 2.258615123361555187e-03
4.560000000000000000e+02 2.187204672130772798e-03 2.187204672130772798e-03
4.580000000000000000e+02 2.314080615960724743e-03 2.314080615960724743e-03
4.600000000000000000e+02 2.312431383203950117e-03 2.312431383203950117e-03
4.620000000000000000e+02 2.143515884193179961e-03 2.143515884193179961e-03
4.640000000000000000e+02 2.271751813860950226e-03 2.271751813860950226e-03
4.660000000000000000e+02 2.279244956935351854e-03 2.279244956935351854e-03
4.680000000000000000e+02 2.309741090221151000e-03 2.309741090221151000e-03
4.700000000000000000e+02 2.359205424875897988e-03 2.359205424875897988e-03
4.720000000000000000e+02 2.233464327367496501e-03 2.233464327367496501e-03
4.740000000000000000e+02 2.259626275059649792e-03 2.259626275059649792e-03
4.760000000000000000e+02 2.135201998386187724e-03 2.135201998386187724e-03
4.780000000000000000e+02 2.189437027338752596e-03 2.189437027338752596e-03
4.800000000000000000e+02 2.207407630146195412e-03 2.207407630146195412e-03
4.820000000000000000e+02 2.350969026137554856e-03 2.350969026137554856e-03
4.840000000000000000e+02 2.123568116564436212e-03 2.123568116564436212e-03
4.860000000000000000e+02 2.039000706825088056e-03 2.039000706825088056e-03
4.880000000000000000e+02 2.052650864025036895e-03 2.052650864025036895e-03
4.900000000000000000e+02 2.054210987512808829e-03 2.054210987512808829e-03
4.920000000000000000e+02 2.276919452682456269e-03 2.276919452682456269e-03
4.940000000000000000e+02 2.167326366338679679e-03 2.167326366338679679e-03
4.960000000000000000e+02 2.158004800269721843e-03 2.158004800269721843e-03
4.980000000000000000e+02 2.054052074705851969e-03 2.054052074705851969e-03
5.000000000000000000e+02 2.067713817644220662e-03 2.067713817644220662e-03
