# delays[ps] delta_averaged scan 0
-2.000000000000000000e+01 -6.316899097639803312e-03 -6.316899097639803312e-03
-1.800000000000000000e+01 -6.256902707603142696e-03 -6.256902707603142696e-03
-1.600000000000000000e+01 -6.346081223738989086e-03 -6.346081223738989086e-03
-1.400000000000000000e+01 -6.334301831542177644e-03 -6.334301831542177644e-03
-1.200000000000000000e+01 -6.302618449873880618e-03 -6.302618449873880618e-03
-1.000000000000000000e+01 -6.234116150676120502e-03 -6.234116150676120502e-03
-8.000000000000000000e+00 -6.274424870988234461e-03 -6.274424870988234461e-03
-6.000000000000000000e+00 -6.391631482442020409e-03 -6.391631482442020409e-03
-4.000000000000000000e+00 -6.381643650114689724e-03 -6.381643650114689724e-03
-2.000000000000000000e+00 -6.235023124108467554e-03 -6.235023124108467554e-03
-1.899999999999999911e+00 -6.367952554330610568e-03 -6.367952554330610568e-03
-1.800000000000000044e+00 -6.422017509998587982e-03 -6.422017509998587982e-03
-1.699999999999999956e+00 -6.420890981529070972e-03 -6.420890981529070972e-03
-1.600000000000000089e+00 -6.169812052352764697e-03 -6.169812052352764697e-03
-1.500000000000000000e+00 -6.445546876579066192e-03 -6.445546876579066192e-03
-1.399999999999999911e+00 -6.294921091281518132e-03 -6.294921091281518132e-03
-1.300000000000000044e+00 -6.383727479072650972e-03 -6.383727479072650972e-03
-1.199999999999999956e+00 -6.379094487594590655e-03 -6.379094487594590655e-03
-1.100000000000000089e+00 -6.450352188350068523e-03 -6.450352188350068523e-03
-1.000000000000000000e+00 -6.373167907832995305e-03 -6.373167907832995305e-03
-9.000000000000000222e-01 -6.362964214284962637e-03 -6.362964214284962637e-03
-8.000000000000000444e-01 -6.195595189410935642e-03 -6.195595189410935642e-03
-6.999999999999999556e-01 -6.452512392830764103e-03 -6.452512392830764103e-03
-5.999999999999999778e-01 -6.427826611308657540e-03 -6.427826611308657540e-03
-5.000000000000000000e-01 -6.336642699793401147e-03 -6.336642699793401147e-03
-4.000000000000000222e-01 -6.377033548274285181e-03 -6.377033548274285181e-03
-2.999999999999999889e-01 -6.313293836967327245e-03 -6.313293836967327245e-03
-2.000000000000000111e-01 -6.330112580466219080e-03 -6.330112580466219080e-03
-1.000000000000000056e-01 -6.300327142869368777e-03 -6.300327142869368777e-03
-0.000000000000000000e+00 -6.403855832658649459e-03 -6.403855832658649459e-03
1.000000000000000056e-01 -5.774474066526000780e-03 -5.774474066526000780e-03
2.000000000000000111e-01 -4.971497485798063304e-03 -4.971497485798063304e-03
2.999999999999999889e-01 -5.105458505012571042e-03 -5.105458505012571042e-03
4.000000000000000222e-01 -5.001974720273043643e-03 -5.001974720273043643e-03
5.000000000000000000e-01 -5.354986811129544555e-03 -5.354986811129544555e-03
5.999999999999999778e-01 -5.473286303544495912e-03 -5.473286303544495912e-03
6.999999999999999556e-01 -5.653185222000853272e-03 -5.653185222000853272e-03
8.000000000000000444e-01 -5.775070820469601317e-03 -5.775070820469601317e-03
9.000000000000000222e-01 -5.887326199782606274e-03 -5.887326199782606274e-03
1.000000000000000000e+00 -6.038028351170759110e-03 -6.038028351170759110e-03
1.100000000000000089e+00 -6.017296109670412611e-03 -6.017296109670412611e-03
1.199999999999999956e+00 -5.955546449157081250e-03 -5.955546449157081250e-03
1.300000000000000044e+00 -6.194224653465542005e-03 -6.194224653465542005e-03
1.399999999999999911e+00 -6.060924858025443750e-03 -6.060924858025443750e-03
1.500000000000000000e+00 -6.108001285526489660e-03 -6.108001285526489660e-03
1.600000000000000089e+00 -6.197664510933105150e-03 -6.197664510933105150e-03
1.699999999999999956e+00 -6.357693941320926787e-03 -6.357693941320926787e-03
1.800000000000000044e+00 -6.297009229119568050e-03 -6.297009229119568050e-03
1.899999999999999911e+00 -6.269992191706276995e-03 -6.269992191706276995e-03
2.000000000000000000e+00 -6.252646351519074858e-03 -6.252646351519074858e-03
4.000000000000000000e+00 -6.125867325829523202e-03 -6.125867325829523202e-03
6.000000000000000000e+00 -5.775803433898002090e-03 -5.775803433898002090e-03
8.000000000000000000e+00 -5.752291495786832250e-03 -5.752291495786832250e-03
1.000000000000000000e+01 -5.200801018367126952e-03 -5.200801018367126952e-03
1.200000000000000000e+01 -5.184891567360125526e-03 -5.184891567360125526e-03
1.400000000000000000e+01 -5.052428747257876537e-03 -5.052428747257876537e-03
1.600000000000000000e+01 -4.717765522274142836e-03 -4.717765522274142836e-03
1.800000000000000000e+01 -4.465956002921708107e-03 -4.465956002921708107e-03
2.000000000000000000e+01 -4.495299366460423982e-03 -4.495299366460423982e-03
2.200000000000000000e+01 -4.120534046618880113e-03 -4.120534046618880113e-03
2.400000000000000000e+01 -4.178610117995358413e-03 -4.178610117995358413e-03
2.600000000000000000e+01 -4.272603527018054015e-03 -4.272603527018054015e-03
2.800000000000000000e+01 -4.500586396057652816e-03 -4.500586396057652816e-03
3.000000000000000000e+01 -4.493174063513716808e-03 -4.493174063513716808e-03
3.200000000000000000e+01 -4.400304276015610389e-03 -4.400304276015610389e-03
3.400000000000000000e+01 -4.575769589226668689e-03 -4.575769589226668689e-03
3.600000000000000000e+01 -4.855761773983799032e-03 -4.855761773983799032e-03
3.800000000000000000e+01 -4.993297679939137819e-03 -4.993297679939137819e-03
4.000000000000000000e+01 -5.298468139740206140e-03 -5.298468139740206140e-03
4.200000000000000000e+01 -5.282496875018649792e-03 -5.282496875018649792e-03
4.400000000000000000e+01 -5.398203725062686829e-03 -5.398203725062686829e-03
4.600000000000000000e+01 -5.341430128479247516e-03 -5.341430128479247516e-03
4.800000000000000000e+01 -5.475694393020160387e-03 -5.475694393020160387e-03
5.000000000000000000e+01 -5.602584310854479173e-03 -5.602584310854479173e-03
5.200000000000000000e+01 -5.507713320734364433e-03 -5.507713320734364433e-03
5.400000000000000000e+01 -5.610513633140479413e-03 -5.610513633140479413e-03
5.600000000000000000e+01 -5.557777377739102007e-03 -5.557777377739102007e-03
5.800000000000000000e+01 -5.541018877972222687e-03 -5.541018877972222687e-03
6.000000000000000000e+01 -5.695677524111464850e-03 -5.695677524111464850e-03
6.200000000000000000e+01 -5.586377803466673411e-03 -5.586377803466673411e-03
6.400000000000000000e+01 -5.806199595315540522e-03 -5.806199595315540522e-03
6.600000000000000000e+01 -5.641238823467954223e-03 -5.641238823467954223e-03
6.800000000000000000e+01 -5.628157249766807882e-03 -5.628157249766807882e-03
7.000000000000000000e+01 -5.610397992897197227e-03 -5.610397992897197227e-03
7.200000000000000000e+01 -5.845937827577103903e-03 -5.845937827577103903e-03
7.400000000000000000e+01 -5.924455343479879434e-03 -5.924455343479879434e-03
7.600000000000000000e+01 -5.915218360868897129e-03 -5.915218360868897129e-03
7.800000000000000000e+01 -6.096228754496086678e-03 -6.096228754496086678e-03
8.000000000000000000e+01 -6.054119631050314601e-03 -6.054119631050314601e-03
8.200000000000000000e+01 -6.070948359021126686e-03 -6.070948359021126686e-03
8.400000000000000000e+01 -5.991689088126654975e-03 -5.991689088126654975e-03
8.600000000000000000e+01 -6.055388901585242317e-03 -6.055388901585242317e-03
8.800000000000000000e+01 -6.075238274432484716e-03 -6.075238274432484716e-03
9.000000000000000000e+01 -6.077110927991924774e-03 -6.077110927991924774e-03
9.200000000000000000e+01 -6.192130335847535229e-03 -6.192130335847535229e-03
9.400000000000000000e+01 -6.155605924321233893e-03 -6.155605924321233893e-03
9.600000000000000000e+01 -6.508203389350985212e-03 -6.508203389350985212e-03
9.800000000000000000e+01 -6.319518009388561640e-03 -6.319518009388561640e-03
1.000000000000000000e+02 -6.535346681566679000e-03 -6.535346681566679000e-03
1.020000000000000000e+02 -6.588272193594995121e-03 -6.588272193594995121e-03
1.040000000000000000e+02 -6.285615407655415106e-03 -6.285615407655415106e-03
1.060000000000000000e+02 -6.528564835149835294e-03 -6.528564835149835294e-03
1.080000000000000000e+02 -6.509421126349236239e-03 -6.509421126349236239e-03
1.100000000000000000e+02 -6.508615857329645357e-03 -6.508615857329645357e-03
1.120000000000000000e+02 -6.617444149433906325e-03 -6.617444149433906325e-03
1.140000000000000000e+02 -6.602249183006447808e-03 -6.602249183006447808e-03
1.160000000000000000e+02 -6.746926046700583816e-03 -6.746926046700583816e-03
1.180000000000000000e+02 -6.801940042679956167e-03 -6.801940042679956167e-03
1.200000000000000000e+02 -6.951702136754400914e-03 -6.951702136754400914e-03
1.220000000000000000e+02 -6.851774458546614453e-03 -6.851774458546614453e-03
1.240000000000000000e+02 -6.951392627074844122e-03 -6.951392627074844122e-03
1.260000000000000000e+02 -7.194365037476845720e-03 -7.194365037476845720e-03
1.280000000000000000e+02 -7.408365416383032309e-03 -7.408365416383032309e-03
1.300000000000000000e+02 -7.033835365072531667e-03 -7.033835365072531667e-03
1.320000000000000000e+02 -7.195086440943517653e-03 -7.195086440943517653e-03
1.340000000000000000e+02 -6.964363800378219754e-03 -6.964363800378219754e-03
1.360000000000000000e+02 -6.806671031570793104e-03 -6.806671031570793104e-03
1.380000000000000000e+02 -6.684413877068118813e-03 -6.684413877068118813e-03
1.400000000000000000e+02 -6.725315495668107192e-03 -6.725315495668107192e-03
1.420000000000000000e+02 -6.643155304073143815e-03 -6.643155304073143815e-03
1.440000000000000000e+02 -6.593792846773297543e-03 -6.593792846773297543e-03
1.460000000000000000e+02 -6.888738044558400525e-03 -6.888738044558400525e-03
1.480000000000000000e+02 -6.873345219117873474e-03 -6.873345219117873474e-03
1.500000000000000000e+02 -6.852603720909122842e-03 -6.852603720909122842e-03
1.520000000000000000e+02 -6.720693685358014070e-03 -6.720693685358014070e-03
1.540000000000000000e+02 -6.942823967157034891e-03 -6.942823967157034891e-03
1.560000000000000000e+02 -7.054444614805408832e-03 -7.054444614805408832e-03
1.580000000000000000e+02 -7.071160947262443777e-03 -7.071160947262443777e-03
1.600000000000000000e+02 -7.076178351062072450e-03 -7.076178351062072450e-03
1.620000000000000000e+02 -7.402221194546385573e-03 -7.402221194546385573e-03
1.640000000000000000e+02 -7.088641877620238327e-03 -7.088641877620238327e-03
1.660000000000000000e+02 -7.113250122687100711e-03 -7.113250122687100711e-03
1.680000000000000000e+02 -7.051055593906360372e-03 -7.051055593906360372e-03
1.700000000000000000e+02 -7.013868699201841750e-03 -7.013868699201841750e-03
1.720000000000000000e+02 -7.002753782080272521e-03 -7.002753782080272521e-03
1.740000000000000000e+02 -6.927530657943238405e-03 -6.927530657943238405e-03
1.760000000000000000e+02 -6.942810746417926379e-03 -6.942810746417926379e-03
1.780000000000000000e+02 -7.008662395288626189e-03 -7.008662395288626189e-03
1.800000000000000000e+02 -7.027729347651323448e-03 -7.027729347651323448e-03
1.820000000000000000e+02 -6.960880825180515083e-03 -6.960880825180515083e-03
1.840000000000000000e+02 -7.181742757203683943e-03 -7.181742757203683943e-03
1.860000000000000000e+02 -7.176007378290461328e-03 -7.176007378290461328e-03
1.880000000000000000e+02 -7.045870522378441803e-03 -7.045870522378441803e-03
1.900000000000000000e+02 -7.205614487670205376e-03 -7.205614487670205376e-03
1.920000000000000000e+02 -7.190526517492685024e-03 -7.190526517492685024e-03
1.940000000000000000e+02 -7.107599798740297029e-03 -7.107599798740297029e-03
1.960000000000000000e+02 -7.082962512484480139e-03 -7.082962512484480139e-03
1.980000000000000000e+02 -7.182554564258021232e-03 -7.182554564258021232e-03
2.000000000000000000e+02 -7.143129596850777800e-03 -7.143129596850777800e-03
2.020000000000000000e+02 -7.289069949603904641e-03 -7.289069949603904641e-03
2.040000000000000000e+02 -7.045758584409256287e-03 -7.045758584409256287e-03
2.060000000000000000e+02 -7.257798948943971346e-03 -7.257798948943971346e-03
2.080000000000000000e+02 -7.047389629811177426e-03 -7.047389629811177426e-03
2.100000000000000000e+02 -7.135446935834836857e-03 -7.135446935834836857e-03
2.120000000000000000e+02 -7.156474894569314800e-03 -7.156474894569314800e-03
2.140000000000000000e+02 -7.169306204330172863e-03 -7.169306204330172863e-03
2.160000000000000000e+02 -7.002608013511371285e-03 -7.002608013511371285e-03
2.180000000000000000e+02 -7.239522550441731229e-03 -7.239522550441731229e-03
2.200000000000000000e+02 -7.137853223746938938e-03 -7.137853223746938938e-03
2.220000000000000000e+02 -7.255802452790076698e-03 -7.255802452790076698e-03
2.240000000000000000e+02 -7.226198550611274106e-03 -7.226198550611274106e-03
2.260000000000000000e+02 -7.411020003851149368e-03 -7.411020003851149368e-03
2.280000000000000000e+02 -7.407380981868832634e-03 -7.407380981868832634e-03
2.300000000000000000e+02 -7.259456572968705536e-03 -7.259456572968705536e-03
2.320000000000000000e+02 -7.202782277229547066e-03 -7.202782277229547066e-03
2.340000000000000000e+02 -7.191119607281838688e-03 -7.191119607281838688e-03
2.360000000000000000e+02 -7.223508334392112103e-03 -7.223508334392112103e-03
2.380000000000000000e+02 -7.151663791907666122e-03 -7.151663791907666122e-03
2.400000000000000000e+02 -7.225545455554770007e-03 -7.225545455554770007e-03
2.420000000000000000e+02 -7.287456069401160481e-03 -7.287456069401160481e-03
2.440000000000000000e+02 -6.994402068924716019e-03 -6.994402068924716019e-03
2.460000000000000000e+02 -7.091833145496924916e-03 -7.091833145496924916e-03
2.480000000000000000e+02 -7.145810279110880944e-03 -7.145810279110880944e-03
2.500000000000000000e+02 -7.099957498671575877e-03 -7.099957498671575877e-03
2.520000000000000000e+02 -7.107845648699232140e-03 -7.107845648699232140e-03
2.540000000000000000e+02 -7.000164148052668775e-03 -7.000164148052668775e-03
2.560000000000000000e+02 -7.000068850025075416e-03 -7.000068850025075416e-03
2.580000000000000000e+02 -6.790516033624100813e-03 -6.790516033624100813e-03
2.600000000000000000e+02 -6.941058042839452422e-03 -6.941058042839452422e-03
2.620000000000000000e+02 -6.971619451257620760e-03 -6.971619451257620760e-03
2.640000000000000000e+02 -7.001809785403409307e-03 -7.001809785403409307e-03
2.660000000000000000e+02 -6.950166749237308289e-03 -6.950166749237308289e-03
2.680000000000000000e+02 -7.119573462981651849e-03 -7.119573462981651849e-03
2.700000000000000000e+02 -7.125027794952236773e-03 -7.125027794952236773e-03
2.720000000000000000e+02 -7.057145147061955406e-03 -7.057145147061955406e-03
2.740000000000000000e+02 -6.969729227339633258e-03 -6.969729227339633258e-03
2.760000000000000000e+02 -6.825010713788139116e-03 -6.825010713788139116e-03
2.780000000000000000e+02 -6.899909974152672668e-03 -6.899909974152672668e-03
2.800000000000000000e+02 -6.985450303829271457e-03 -6.985450303829271457e-03
2.820000000000000000e+02 -6.897036663666812964e-03 -6.897036663666812964e-03
2.840000000000000000e+02 -6.860272313150667448e-03 -6.860272313150667448e-03
2.860000000000000000e+02 -6.807002913900526801e-03 -6.807002913900526801e-03
2.880000000000000000e+02 -6.795625404431302266e-03 -6.795625404431302266e-03
2.900000000000000000e+02 -6.659504212093623164e-03 -6.659504212093623164e-03
2.920000000000000000e+02 -6.531312601443130597e-03 -6.531312601443130597e-03
2.940000000000000000e+02 -6.773669118257579468e-03 -6.773669118257579468e-03
2.960000000000000000e+02 -6.579852551905249550e-03 -6.579852551905249550e-03
2.980000000000000000e+02 -6.736889088211590187e-03 -6.736889088211590187e-03
3.000000000000000000e+02 -6.587730207344997049e-03 -6.587730207344997049e-03
3.020000000000000000e+02 -6.567099887849442257e-03 -6.567099887849442257e-03
3.040000000000000000e+02 -6.597338462889368663e-03 -6.597338462889368663e-03
3.060000000000000000e+02 -6.598805406981013248e-03 -6.598805406981013248e-03
3.080000000000000000e+02 -6.541451254474036671e-03 -6.541451254474036671e-03
3.100000000000000000e+02 -6.649245953491346450e-03 -6.649245953491346450e-03
3.120000000000000000e+02 -6.686100851910888564e-03 -6.686100851910888564e-03
3.140000000000000000e+02 -6.753520689457948901e-03 -6.753520689457948901e-03
3.160000000000000000e+02 -6.713487399782379697e-03 -6.713487399782379697e-03
3.180000000000000000e+02 -6.678208249288579076e-03 -6.678208249288579076e-03
3.200000000000000000e+02 -6.632594475113461063e-03 -6.632594475113461063e-03
3.220000000000000000e+02 -6.589642980720107276e-03 -6.589642980720107276e-03
3.240000000000000000e+02 -6.468786355707553497e-03 -6.468786355707553497e-03
3.260000000000000000e+02 -6.628895670904656583e-03 -6.628895670904656583e-03
3.280000000000000000e+02 -6.570722752514615919e-03 -6.570722752514615919e-03
3.300000000000000000e+02 -6.399661662899030871e-03 -6.399661662899030871e-03
3.320000000000000000e+02 -6.545141576769779486e-03 -6.545141576769779486e-03
3.340000000000000000e+02 -6.492356334540925686e-03 -6.492356334540925686e-03
3.360000000000000000e+02 -6.520056170384054724e-03 -6.520056170384054724e-03
3.380000000000000000e+02 -6.546384194786871238e-03 -6.546384194786871238e-03
3.400000000000000000e+02 -6.445963945464321283e-03 -6.445963945464321283e-03
3.420000000000000000e+02 -6.450482445530214722e-03 -6.450482445530214722e-03
3.440000000000000000e+02 -6.547941416707229317e-03 -6.547941416707229317e-03
3.460000000000000000e+02 -6.537872375893839620e-03 -6.537872375893839620e-03
3.480000000000000000e+02 -6.636223826228864094e-03 -6.636223826228864094e-03
3.500000000000000000e+02 -6.467134805064141470e-03 -6.467134805064141470e-03
3.520000000000000000e+02 -6.359191002887806463e-03 -6.359191002887806463e-03
3.540000000000000000e+02 -6.509854275191903801e-03 -6.509854275191903801e-03
3.560000000000000000e+02 -6.404680738529578039e-03 -6.404680738529578039e-03
3.580000000000000000e+02 -6.496587784804177222e-03 -6.496587784804177222e-03
3.600000000000000000e+02 -6.312399275390827985e-03 -6.312399275390827985e-03
3.620000000000000000e+02 -6.420883388862508659e-03 -6.420883388862508659e-03
3.640000000000000000e+02 -6.404889601273470665e-03 -6.404889601273470665e-03
3.660000000000000000e+02 -6.330807999833756514e-03 -6.330807999833756514e-03
3.680000000000000000e+02 -6.312349475139590951e-03 -6.312349475139590951e-03
3.700000000000000000e+02 -6.274596961498193903e-03 -6.274596961498193903e-03
3.720000000000000000e+02 -6.260152555608284805e-03 -6.260152555608284805e-03
3.740000000000000000e+02 -6.406494934748162111e-03 -6.406494934748162111e-03
3.760000000000000000e+02 -6.157147668019715032e-03 -6.157147668019715032e-03
3.780000000000000000e+02 -6.380339181766504254e-03 -6.380339181766504254e-03
3.800000000000000000e+02 -6.368533437845075307e-03 -6.368533437845075307e-03
3.820000000000000000e+02 -6.069120981414139956e-03 -6.069120981414139956e-03
3.840000000000000000e+02 -6.273740032857590652e-03 -6.273740032857590652e-03
3.860000000000000000e+02 -6.127179302275461564e-03 -6.127179302275461564e-03
3.880000000000000000e+02 -6.218810904168730301e-03 -6.218810904168730301e-03
3.900000000000000000e+02 -6.280733710776919242e-03 -6.280733710776919242e-03
3.920000000000000000e+02 -6.332404622228022389e-03 -6.332404622228022389e-03
3.940000000000000000e+02 -6.283665118085420692e-03 -6.283665118085420692e-03
3.960000000000000000e+02 -6.365650443647918356e-03 -6.365650443647918356e-03
3.980000000000000000e+02 -6.182222992308660826e-03 -6.182222992308660826e-03
4.000000000000000000e+02 -6.206163138497505782e-03 -6.206163138497505782e-03
4.020000000000000000e+02 -6.271775630859822981e-03 -6.271775630859822981e-03
4.040000000000000000e+02 -6.206634963973985640e-03 -6.206634963973985640e-03
4.060000000000000000e+02 -6.123037132940892247e-03 -6.123037132940892247e-03
4.080000000000000000e+02 -6.094461105368050892e-03 -6.094461105368050892e-03
4.100000000000000000e+02 -6.309036129292546792e-03 -6.309036129292546792e-03
4.120000000000000000e+02 -6.159579478699637317e-03 -6.159579478699637317e-03
4.140000000000000000e+02 -6.208278676862981696e-03 -6.208278676862981696e-03
4.160000000000000000e+02 -6.105463467690970363e-03 -6.105463467690970363e-03
4.180000000000000000e+02 -6.132139978517582926e-03 -6.132139978517582926e-03
4.200000000000000000e+02 -6.252549226174981128e-03 -6.252549226174981128e-03
4.220000000000000000e+02 -6.238518302478410563e-03 -6.238518302478410563e-03
4.240000000000000000e+02 -6.229962959901083445e-03 -6.229962959901083445e-03
4.260000000000000000e+02 -6.429377891673866696e-03 -6.429377891673866696e-03
4.280000000000000000e+02 -6.232542552243598710e-03 -6.232542552243598710e-03
4.300000000000000000e+02 -6.095786875781407203e-03 -6.095786875781407203e-03
4.320000000000000000e+02 -6.299508348911123622e-03 -6.299508348911123622e-03
4.340000000000000000e+02 -6.402392008642399969e-03 -6.402392008642399969e-03
4.360000000000000000e+02 -6.368361622850345419e-03 -6.368361622850345419e-03
4.380000000000000000e+02 -6.448406874118248547e-03 -6.448406874118248547e-03
4.400000000000000000e+02 -6.365746441794850087e-03 -6.365746441794850087e-03
4.420000000000000000e+02 -6.378822053629559265e-03 -6.378822053629559265e-03
4.440000000000000000e+02 -6.374797735408212380e-03 -6.374797735408212380e-03
4.460000000000000000e+02 -6.377665522289537384e-03 -6.377665522289537384e-03
4.480000000000000000e+02 -6.334111405551105627e-03 -6.334111405551105627e-03
4.500000000000000000e+02 -6.384921447491168252e-03 -6.384921447491168252e-03
4.520000000000000000e+02 -6.444909955352327163e-03 -6.444909955352327163e-03
4.540000000000000000e+02 -6.515698404706345148e-03 -6.515698404706345148e-03
4.560000000000000000e+02 -6.485364658345481835e-03 -6.485364658345481835e-03
4.580000000000000000e+02 -6.532026908832410175e-03 -6.532026908832410175e-03
4.600000000000000000e+02 -6.619042747101614409e-03 -6.619042747101614409e-03
4.620000000000000000e+02 -6.577020884782305843e-03 -6.577020884782305843e-03
4.640000000000000000e+02 -6.502841761917185250e-03 -6.502841761917185250e-03
4.660000000000000000e+02 -6.403280436934514520e-03 -6.403280436934514520e-03
4.680000000000000000e+02 -6.345849317892815131e-03 -6.345849317892815131e-03
4.700000000000000000e+02 -6.744382104690757954e-03 -6.744382104690757954e-03
4.720000000000000000e+02 -6.369288405623398444e-03 -6.369288405623398444e-03
4.740000000000000000e+02 -6.595724047299474958e-03 -6.595724047299474958e-03
4.760000000000000000e+02 -6.479696592791278804e-03 -6.479696592791278804e-03
4.780000000000000000e+02 -6.650547683242128381e-03 -6.650547683242128381e-03
4.800000000000000000e+02 -6.842716386247438103e-03 -6.842716386247438103e-03
4.820000000000000000e+02 -6.643512576044644999e-03 -6.643512576044644999e-03
4.840000000000000000e+02 -6.785064540698590441e-03 -6.785064540698590441e-03
4.860000000000000000e+02 -6.629030953837459703e-03 -6.629030953837459703e-03
4.880000000000000000e+02 -6.719913823992142848e-03 -6.719913823992142848e-03
4.900000000000000000e+02 -6.757621551844771382e-03 -6.757621551844771382e-03
4.920000000000000000e+02 -6.851819391812607844e-03 -6.851819391812607844e-03
4.940000000000000000e+02 -6.722451433958416891e-03 -6.722451433958416891e-03
4.960000000000000000e+02 -6.940791809483640683e-03 -6.940791809483640683e-03
4.980000000000000000e+02 -6.818165259049263974e-03 -6.818165259049263974e-03
5.000000000000000000e+02 -6.747119788096373957e-03 -6.747119788096373957e-03
