# delays[ps] delta_averaged scan 0
-2.000000000000000000e+01 1.523812032721384507e-04 1.523812032721384507e-04
-1.800000000000000000e+01 6.297311634875358383e-05 6.297311634875358383e-05
-1.600000000000000000e+01 2.367986111651210261e-05 2.367986111651210261e-05
-1.400000000000000000e+01 1.749186350981067899e-04 1.749186350981067899e-04
-1.200000000000000000e+01 1.426717752374517920e-04 1.426717752374517920e-04
-1.000000000000000000e+01 2.483211839853204377e-04 2.483211839853204377e-04
-8.000000000000000000e+00 1.468712161764365034e-04 1.468712161764365034e-04
-6.000000000000000000e+00 7.630700611641161681e-05 7.630700611641161681e-05
-4.000000000000000000e+00 1.588556535052446659e-04 1.588556535052446659e-04
-2.000000000000000000e+00 4.775426909697433526e-05 4.775426909697433526e-05
-1.899999999999999911e+00 1.648507305312092513e-04 1.648507305312092513e-04
-1.800000000000000044e+00 2.061764218204085173e-04 2.061764218204085173e-04
-1.699999999999999956e+00 -5.668170414956452490e-05 -5.668170414956452490e-05
-1.600000000000000089e+00 -3.257190893684014491e-05 -3.257190893684014491e-05
-1.500000000000000000e+00 1.728199871228621831e-04 1.728199871228621831e-04
-1.399999999999999911e+00 8.948976700587918929e-05 8.948976700587918929e-05
-1.300000000000000044e+00 1.295220398557864747e-04 1.295220398557864747e-04
-1.199999999999999956e+00 1.073896651156437383e-04 1.073896651156437383e-04
-1.100000000000000089e+00 1.663317609769095012e-04 1.663317609769095012e-04
-1.000000000000000000e+00 2.751832125514265168e-04 2.751832125514265168e-04
-9.000000000000000222e-01 1.219738067013709248e-04 1.219738067013709248e-04
-8.000000000000000444e-01 -3.748503207002018724e-05 -3.748503207002018724e-05
-6.999999999999999556e-01 2.576223535328190620e-04 2.576223535328190620e-04
-5.999999999999999778e-01 1.101013417196089440e-04 1.101013417196089440e-04
-5.000000000000000000e-01 8.317711664780958239e-05 8.317711664780958239e-05
-4.000000000000000222e-01 1.092777416512785758e-04 1.092777416512785758e-04
-2.999999999999999889e-01 1.078168979874194488e-04 1.078168979874194488e-04
-2.000000000000000111e-01 7.783250405511421622e-06 7.783250405511421622e-06
-1.000000000000000056e-01 9.300738278465537159e-05 9.300738278465537159e-05
-0.000000000000000000e+00 2.123356972180456869e-04 2.123356972180456869e-04
1.000000000000000056e-01 -2.891022152521411010e-04 -2.891022152521411010e-04
2.000000000000000111e-01 -1.289395550639441633e-03 -1.289395550639441633e-03
2.999999999999999889e-01 -1.965714421501230103e-03 -1.965714421501230103e-03
4.000000000000000222e-01 -2.591598211811267389e-03 -2.591598211811267389e-03
5.000000000000000000e-01 -2.878842739780186274e-03 -2.878842739780186274e-03
5.999999999999999778e-01 -3.240667700334061603e-03 -3.240667700334061603e-03
6.999999999999999556e-01 -3.381777582788893406e-03 -3.381777582788893406e-03
8.000000000000000444e-01 -3.501117723770245330e-03 -3.501117723770245330e-03
9.000000000000000222e-01 -3.495726847654902214e-03 -3.495726847654902214e-03
1.000000000000000000e+00 -3.609652634765526686e-03 -3.609652634765526686e-03
1.100000000000000089e+00 -3.503880608306249572e-03 -3.503880608306249572e-03
1.199999999999999956e+00 -3.558039582882994729e-03 -3.558039582882994729e-03
1.300000000000000044e+00 -3.434545384188013219e-03 -3.434545384188013219e-03
1.399999999999999911e+00 -3.690304176620270646e-03 -3.690304176620270646e-03
1.500000000000000000e+00 -3.759061538535577850e-03 -3.759061538535577850e-03
1.600000000000000089e+00 -3.624112771232896636e-03 -3.624112771232896636e-03
1.699999999999999956e+00 -3.717614981005134926e-03 -3.717614981005134926e-03
1.800000000000000044e+00 -3.822938717755647135e-03 -3.822938717755647135e-03
1.899999999999999911e+00 -3.818059997494040441e-03 -3.818059997494040441e-03
2.000000000000000000e+00 -3.897751615701331145e-03 -3.897751615701331145e-03
4.000000000000000000e+00 -4.054039221691575420e-03 -4.054039221691575420e-03
6.000000000000000000e+00 -4.151973971604357508e-03 -4.151973971604357508e-03
8.000000000000000000e+00 -4.236038340104187130e-03 -4.236038340104187130e-03
1.000000000000000000e+01 -4.203768020138854214e-03 -4.203768020138854214e-03
1.200000000000000000e+01 -4.299739451143093708e-03 -4.299739451143093708e-03
1.400000000000000000e+01 -4.353041995992283641e-03 -4.353041995992283641e-03
1.600000000000000000e+01 -4.329747931324253937e-03 -4.329747931324253937e-03
1.800000000000000000e+01 -4.315556239722262780e-03 -4.315556239722262780e-03
2.000000000000000000e+01 -4.318672088054744881e-03 -4.318672088054744881e-03
2.200000000000000000e+01 -4.211925406706558232e-03 -4.211925406706558232e-03
2.400000000000000000e+01 -4.107334155832188111e-03 -4.107334155832188111e-03
2.600000000000000000e+01 -4.019258185567919049e-03 -4.019258185567919049e-03
2.800000000000000000e+01 -3.989411188369978468e-03 -3.989411188369978468e-03
3.000000000000000000e+01 -3.974622210729170796e-03 -3.974622210729170796e-03
3.200000000000000000e+01 -3.645832461257356855e-03 -3.645832461257356855e-03
3.400000000000000000e+01 -3.516095984170903091e-03 -3.516095984170903091e-03
3.600000000000000000e+01 -3.532900212075944756e-03 -3.532900212075944756e-03
3.800000000000000000e+01 -3.355534113158779082e-03 -3.355534113158779082e-03
4.000000000000000000e+01 -3.517049840792976865e-03 -3.517049840792976865e-03
4.200000000000000000e+01 -3.390976097180979816e-03 -3.390976097180979816e-03
4.400000000000000000e+01 -3.325158037319538452e-03 -3.325158037319538452e-03
4.600000000000000000e+01 -3.529075618985247614e-03 -3.529075618985247614e-03
4.800000000000000000e+01 -3.354558573522291830e-03 -3.354558573522291830e-03
5.000000000000000000e+01 -3.209084446352555679e-03 -3.209084446352555679e-03
5.200000000000000000e+01 -3.297580719204505455e-03 -3.297580719204505455e-03
5.400000000000000000e+01 -3.199504059440812231e-03 -3.199504059440812231e-03
5.600000000000000000e+01 -3.180339089971485466e-03 -3.180339089971485466e-03
5.800000000000000000e+01 -2.966237171050815045e-03 -2.966237171050815045e-03
6.000000000000000000e+01 -2.950110342957443406e-03 -2.950110342957443406e-03
6.200000000000000000e+01 -3.133374841774235354e-03 -3.133374841774235354e-03
6.400000000000000000e+01 -2.990201314735743167e-03 -2.990201314735743167e-03
6.600000000000000000e+01 -3.146896195924678112e-03 -3.146896195924678112e-03
6.800000000000000000e+01 -2.921713489101191233e-03 -2.921713489101191233e-03
7.000000000000000000e+01 -2.990882142214315240e-03 -2.990882142214315240e-03
7.200000000000000000e+01 -3.064990664524675380e-03 -3.064990664524675380e-03
7.400000000000000000e+01 -3.021109207581626054e-03 -3.021109207581626054e-03
7.600000000000000000e+01 -3.101915630557685287e-03 -3.101915630557685287e-03
7.800000000000000000e+01 -3.009020391910983971e-03 -3.009020391910983971e-03
8.000000000000000000e+01 -2.875455427685020496e-03 -2.875455427685020496e-03
8.200000000000000000e+01 -2.973791323361076131e-03 -2.973791323361076131e-03
8.400000000000000000e+01 -3.119637353766887937e-03 -3.119637353766887937e-03
8.600000000000000000e+01 -3.076149411847022442e-03 -3.076149411847022442e-03
8.800000000000000000e+01 -2.913301872544720589e-03 -2.913301872544720589e-03
9.000000000000000000e+01 -2.855009265383157222e-03 -2.855009265383157222e-03
9.200000000000000000e+01 -3.106897130744382292e-03 -3.106897130744382292e-03
9.400000000000000000e+01 -3.251793622595917747e-03 -3.251793622595917747e-03
9.600000000000000000e+01 -3.431474919305090281e-03 -3.431474919305090281e-03
9.800000000000000000e+01 -3.546827905707699603e-03 -3.546827905707699603e-03
1.000000000000000000e+02 -3.593446701657686520e-03 -3.593446701657686520e-03
1.020000000000000000e+02 -3.671838146764639689e-03 -3.671838146764639689e-03
1.040000000000000000e+02 -3.654573133249825172e-03 -3.654573133249825172e-03
1.060000000000000000e+02 -3.685039430541037046e-03 -3.685039430541037046e-03
1.080000000000000000e+02 -3.823747592440865199e-03 -3.823747592440865199e-03
1.100000000000000000e+02 -3.783107156735186858e-03 -3.783107156735186858e-03
1.120000000000000000e+02 -3.889929963298802140e-03 -3.889929963298802140e-03
1.140000000000000000e+02 -3.884099237898628980e-03 -3.884099237898628980e-03
1.160000000000000000e+02 -3.689752642987942539e-03 -3.689752642987942539e-03
1.180000000000000000e+02 -3.850059719504261586e-03 -3.850059719504261586e-03
1.200000000000000000e+02 -3.962158692504810786e-03 -3.962158692504810786e-03
1.220000000000000000e+02 -4.171144640284746123e-03 -4.171144640284746123e-03
1.240000000000000000e+02 -4.234824780272379574e-03 -4.234824780272379574e-03
1.260000000000000000e+02 -4.498099632425265129e-03 -4.498099632425265129e-03
1.280000000000000000e+02 -4.540790787262178468e-03 -4.540790787262178468e-03
1.300000000000000000e+02 -4.705715183685014319e-03 -4.705715183685014319e-03
1.320000000000000000e+02 -4.574964437557788553e-03 -4.574964437557788553e-03
1.340000000000000000e+02 -4.353693721189797611e-03 -4.353693721189797611e-03
1.360000000000000000e+02 -4.250374823938254769e-03 -4.250374823938254769e-03
1.380000000000000000e+02 -4.052427694682995962e-03 -4.052427694682995962e-03
1.400000000000000000e+02 -4.249120316590491997e-03 -4.249120316590491997e-03
1.420000000000000000e+02 -3.848240033163960027e-03 -3.848240033163960027e-03
1.440000000000000000e+02 -3.975812126519137624e-03 -3.975812126519137624e-03
1.460000000000000000e+02 -4.049298097193997428e-03 -4.049298097193997428e-03
1.480000000000000000e+02 -3.890781724535239371e-03 -3.890781724535239371e-03
1.500000000000000000e+02 -3.915231173627318172e-03 -3.915231173627318172e-03
1.520000000000000000e+02 -3.986426426531258609e-03 -3.986426426531258609e-03
1.540000000000000000e+02 -3.997378786282946954e-03 -3.997378786282946954e-03
1.560000000000000000e+02 -4.048752814278980261e-03 -4.048752814278980261e-03
1.580000000000000000e+02 -4.001421906651094276e-03 -4.001421906651094276e-03
1.600000000000000000e+02 -4.047757112095638245e-03 -4.047757112095638245e-03
1.620000000000000000e+02 -3.795857313332115165e-03 -3.795857313332115165e-03
1.640000000000000000e+02 -4.099736616971073715e-03 -4.099736616971073715e-03
1.660000000000000000e+02 -3.856301736483791834e-03 -3.856301736483791834e-03
1.680000000000000000e+02 -3.751221683481540791e-03 -3.751221683481540791e-03
1.700000000000000000e+02 -3.834550508821717770e-03 -3.834550508821717770e-03
1.720000000000000000e+02 -3.757937304212314884e-03 -3.757937304212314884e-03
1.740000000000000000e+02 -3.785408935646857390e-03 -3.785408935646857390e-03
1.760000000000000000e+02 -3.935863922313495925e-03 -3.935863922313495925e-03
1.780000000000000000e+02 -3.865663277354654519e-03 -3.865663277354654519e-03
1.800000000000000000e+02 -3.821022125715851231e-03 -3.821022125715851231e-03
1.820000000000000000e+02 -3.866919694777237390e-03 -3.866919694777237390e-03
1.840000000000000000e+02 -3.775977948384449338e-03 -3.775977948384449338e-03
1.860000000000000000e+02 -3.806844667727821586e-03 -3.806844667727821586e-03
1.880000000000000000e+02 -3.992518493649462909e-03 -3.992518493649462909e-03
1.900000000000000000e+02 -3.848470629795368737e-03 -3.848470629795368737e-03
1.920000000000000000e+02 -3.648284653978278117e-03 -3.648284653978278117e-03
1.940000000000000000e+02 -3.887497910382052470e-03 -3.887497910382052470e-03
1.960000000000000000e+02 -3.561143708312161215e-03 -3.561143708312161215e-03
1.980000000000000000e+02 -3.669655512138940597e-03 -3.669655512138940597e-03
2.000000000000000000e+02 -3.758232494179004814e-03 -3.758232494179004814e-03
2.020000000000000000e+02 -3.450375772361595570e-03 -3.450375772361595570e-03
2.040000000000000000e+02 -3.653921923867506881e-03 -3.653921923867506881e-03
2.060000000000000000e+02 -3.599391286073702449e-03 -3.599391286073702449e-03
2.080000000000000000e+02 -3.560190428791090277e-03 -3.560190428791090277e-03
2.100000000000000000e+02 -3.698514578377825202e-03 -3.698514578377825202e-03
2.120000000000000000e+02 -3.722524283525819634e-03 -3.722524283525819634e-03
2.140000000000000000e+02 -3.844918468144869345e-03 -3.844918468144869345e-03
2.160000000000000000e+02 -3.956931354261740072e-03 -3.956931354261740072e-03
2.180000000000000000e+02 -3.970614863234745752e-03 -3.970614863234745752e-03
2.200000000000000000e+02 -4.059105644731005047e-03 -4.059105644731005047e-03
2.220000000000000000e+02 -4.122251166786414060e-03 -4.122251166786414060e-03
2.240000000000000000e+02 -4.205833554113830308e-03 -4.205833554113830308e-03
2.260000000000000000e+02 -4.038937496843169293e-03 -4.038937496843169293e-03
2.280000000000000000e+02 -4.036408427397678890e-03 -4.036408427397678890e-03
2.300000000000000000e+02 -4.149049707670251531e-03 -4.149049707670251531e-03
2.320000000000000000e+02 -3.917513435704812579e-03 -3.917513435704812579e-03
2.340000000000000000e+02 -4.031022826356427287e-03 -4.031022826356427287e-03
2.360000000000000000e+02 -3.928190788226700730e-03 -3.928190788226700730e-03
2.380000000000000000e+02 -3.954793206278128977e-03 -3.954793206278128977e-03
2.400000000000000000e+02 -4.215204989012838813e-03 -4.215204989012838813e-03
2.420000000000000000e+02 -4.243272176422116689e-03 -4.243272176422116689e-03
2.440000000000000000e+02 -4.090384589202121848e-03 -4.090384589202121848e-03
2.460000000000000000e+02 -4.005754606755776090e-03 -4.005754606755776090e-03
2.480000000000000000e+02 -4.252476454601593174e-03 -4.252476454601593174e-03
2.500000000000000000e+02 -4.008792703318731117e-03 -4.008792703318731117e-03
2.520000000000000000e+02 -4.049534181200863808e-03 -4.049534181200863808e-03
2.540000000000000000e+02 -4.046450313703337659e-03 -4.046450313703337659e-03
2.560000000000000000e+02 -3.918688615959650505e-03 -3.918688615959650505e-03
2.580000000000000000e+02 -3.838303697372021182e-03 -3.838303697372021182e-03
2.600000000000000000e+02 -3.843647915971319141e-03 -3.843647915971319141e-03
2.620000000000000000e+02 -3.705616589422742937e-03 -3.705616589422742937e-03
2.640000000000000000e+02 -3.618662896821325456e-03 -3.618662896821325456e-03
2.660000000000000000e+02 -3.745274682202238969e-03 -3.745274682202238969e-03
2.680000000000000000e+02 -3.627643961039215929e-03 -3.627643961039215929e-03
2.700000000000000000e+02 -3.711518611164790673e-03 -3.711518611164790673e-03
2.720000000000000000e+02 -3.543061828983813145e-03 -3.543061828983813145e-03
2.740000000000000000e+02 -3.599360274736986866e-03 -3.599360274736986866e-03
2.760000000000000000e+02 -3.555927366414992925e-03 -3.555927366414992925e-03
2.780000000000000000e+02 -3.643008462670087669e-03 -3.643008462670087669e-03
2.800000000000000000e+02 -3.427024817010293489e-03 -3.427024817010293489e-03
2.820000000000000000e+02 -3.422536030770693613e-03 -3.422536030770693613e-03
2.840000000000000000e+02 -3.281002437460065445e-03 -3.281002437460065445e-03
2.860000000000000000e+02 -3.350031214245948949e-03 -3.350031214245948949e-03
2.880000000000000000e+02 -3.332172446348762203e-03 -3.332172446348762203e-03
2.900000000000000000e+02 -3.299036478968384034e-03 -3.299036478968384034e-03
2.920000000000000000e+02 -3.343352670154162154e-03 -3.343352670154162154e-03
2.940000000000000000e+02 -3.260007014799738354e-03 -3.260007014799738354e-03
2.960000000000000000e+02 -3.135975438076981855e-03 -3.135975438076981855e-03
2.980000000000000000e+02 -3.192577470824060123e-03 -3.192577470824060123e-03
3.000000000000000000e+02 -3.119851514264809864e-03 -3.119851514264809864e-03
3.020000000000000000e+02 -2.970185405625202450e-03 -2.970185405625202450e-03
3.040000000000000000e+02 -3.077806749339568465e-03 -3.077806749339568465e-03
3.060000000000000000e+02 -2.879669450843840191e-03 -2.879669450843840191e-03
3.080000000000000000e+02 -3.102427661566907642e-03 -3.102427661566907642e-03
3.100000000000000000e+02 -3.077044340998306114e-03 -3.077044340998306114e-03
3.120000000000000000e+02 -2.965925343898342861e-03 -2.965925343898342861e-03
3.140000000000000000e+02 -2.923489975247024232e-03 -2.923489975247024232e-03
3.160000000000000000e+02 -2.703561913454062982e-03 -2.703561913454062982e-03
3.180000000000000000e+02 -3.000603127099515498e-03 -3.000603127099515498e-03
3.200000000000000000e+02 -2.905919786242032281e-03 -2.905919786242032281e-03
3.220000000000000000e+02 -2.723993202040128625e-03 -2.723993202040128625e-03
3.240000000000000000e+02 -2.724684714357577218e-03 -2.724684714357577218e-03
3.260000000000000000e+02 -2.940349631360540325e-03 -2.940349631360540325e-03
3.280000000000000000e+02 -2.956562135170298384e-03 -2.956562135170298384e-03
3.300000000000000000e+02 -2.577515942619594633e-03 -2.577515942619594633e-03
3.320000000000000000e+02 -2.735907098663092549e-03 -2.735907098663092549e-03
3.340000000000000000e+02 -2.634953128663989827e-03 -2.634953128663989827e-03
3.360000000000000000e+02 -2.709598875238211895e-03 -2.709598875238211895e-03
3.380000000000000000e+02 -2.576100901234714032e-03 -2.576100901234714032e-03
3.400000000000000000e+02 -2.654386437642788660e-03 -2.654386437642788660e-03
3.420000000000000000e+02 -2.645390020602734430e-03 -2.645390020602734430e-03
3.440000000000000000e+02 -2.623854411474371619e-03 -2.623854411474371619e-03
3.460000000000000000e+02 -2.456851083633616872e-03 -2.456851083633616872e-03
3.480000000000000000e+02 -2.576076511032447756e-03 -2.576076511032447756e-03
3.500000000000000000e+02 -2.458338408082243361e-03 -2.458338408082243361e-03
3.520000000000000000e+02 -2.581514012716517974e-03 -2.581514012716517974e-03
3.540000000000000000e+02 -2.457496806097421872e-03 -2.457496806097421872e-03
3.560000000000000000e+02 -2.440586863952825310e-03 -2.440586863952825310e-03
3.580000000000000000e+02 -2.386227623647904465e-03 -2.386227623647904465e-03
3.600000000000000000e+02 -2.264025932487005819e-03 -2.264025932487005819e-03
3.620000000000000000e+02 -2.033867002758052867e-03 -2.033867002758052867e-03
3.640000000000000000e+02 -2.251700587390271981e-03 -2.251700587390271981e-03
3.660000000000000000e+02 -2.195519560477104774e-03 -2.195519560477104774e-03
3.680000000000000000e+02 -2.118223555644508510e-03 -2.118223555644508510e-03
3.700000000000000000e+02 -2.209933480436619604e-03 -2.209933480436619604e-03
3.720000000000000000e+02 -2.088268280034260866e-03 -2.088268280034260866e-03
3.740000000000000000e+02 -2.083312885310386123e-03 -2.083312885310386123e-03
3.760000000000000000e+02 -1.932775118015168242e-03 -1.932775118015168242e-03
3.780000000000000000e+02 -2.021341802760130788e-03 -2.021341802760130788e-03
3.800000000000000000e+02 -2.084091796605210337e-03 -2.084091796605210337e-03
3.820000000000000000e+02 -1.984356301767442252e-03 -1.984356301767442252e-03
3.840000000000000000e+02 -1.962128948890546915e-03 -1.962128948890546915e-03
3.860000000000000000e+02 -1.974240146109127337e-03 -1.974240146109127337e-03
3.880000000000000000e+02 -1.977065118811030964e-03 -1.977065118811030964e-03
3.900000000000000000e+02 -2.052847021224843502e-03 -2.052847021224843502e-03
3.920000000000000000e+02 -1.935850282411678272e-03 -1.935850282411678272e-03
3.940000000000000000e+02 -1.977292302238508812e-03 -1.977292302238508812e-03
3.960000000000000000e+02 -1.906352349474993478e-03 -1.906352349474993478e-03
3.980000000000000000e+02 -1.926848722800621324e-03 -1.926848722800621324e-03
4.000000000000000000e+02 -1.888531861901581723e-03 -1.888531861901581723e-03
4.020000000000000000e+02 -1.787698875413555556e-03 -1.787698875413555556e-03
4.040000000000000000e+02 -1.800411554559862466e-03 -1.800411554559862466e-03
4.060000000000000000e+02 -1.768871999497005762e-03 -1.768871999497005762e-03
4.080000000000000000e+02 -1.840575135916707687e-03 -1.840575135916707687e-03
4.100000000000000000e+02 -1.602058379384092021e-03 -1.602058379384092021e-03
4.120000000000000000e+02 -1.871870498387318916e-03 -1.871870498387318916e-03
4.140000000000000000e+02 -2.005370498565692012e-03 -2.005370498565692012e-03
4.160000000000000000e+02 -1.731449125951130524e-03 -1.731449125951130524e-03
4.180000000000000000e+02 -1.984209505387532404e-03 -1.984209505387532404e-03
4.200000000000000000e+02 -1.989414099382282898e-03 -1.989414099382282898e-03
4.220000000000000000e+02 -1.860398976778577596e-03 -1.860398976778577596e-03
4.240000000000000000e+02 -1.956149986318957840e-03 -1.956149986318957840e-03
4.260000000000000000e+02 -2.227530951693621180e-03 -2.227530951693621180e-03
4.280000000000000000e+02 -2.023234958695705778e-03 -2.023234958695705778e-03
4.300000000000000000e+02 -2.080999109490503946e-03 -2.080999109490503946e-03
4.320000000000000000e+02 -1.992042282570766990e-03 -1.992042282570766990e-03
4.340000000000000000e+02 -2.173248334049717161e-03 -2.173248334049717161e-03
4.360000000000000000e+02 -2.157821895993575646e-03 -2.157821895993575646e-03
4.380000000000000000e+02 -2.305914923868458786e-03 -2.305914923868458786e-03
4.400000000000000000e+02 -2.142773325066809134e-03 -2.142773325066809134e-03
4.420000000000000000e+02 -2.360738585263641616e-03 -2.360738585263641616e-03
4.440000000000000000e+02 -2.395792040690272653e-03 -2.395792040690272653e-03
4.460000000000000000e+02 -2.125034538422294634e-03 -2.125034538422294634e-03
4.480000000000000000e+02 -2.446658690013902345e-03 -2.446658690013902345e-03
4.500000000000000000e+02 -2.405584090126640200e-03 -2.405584090126640200e-03
4.520000000000000000e+02 -2.665514523676783699e-03 -2.665514523676783699e-03
4.540000000000000000e+02 -2.396589459097934333e-03 -2.396589459097934333e-03
4.560000000000000000e+02 -2.334271497091830981e-03 -2.334271497091830981e-03
4.580000000000000000e+02 -2.628379416102255648e-03 -2.628379416102255648e-03
4.600000000000000000e+02 -2.454285383537830462e-03 -2.454285383537830462e-03
4.620000000000000000e+02 -2.628884767081687834e-03 -2.628884767081687834e-03
4.640000000000000000e+02 -2.717070185097344819e-03 -2.717070185097344819e-03
4.660000000000000000e+02 -2.811324019917678212e-03 -2.811324019917678212e-03
4.680000000000000000e+02 -2.765787909167345161e-03 -2.765787909167345161e-03
4.700000000000000000e+02 -2.936755096933254920e-03 -2.936755096933254920e-03
4.720000000000000000e+02 -3.000776043076902426e-03 -3.000776043076902426e-03
4.740000000000000000e+02 -2.911194618184852461e-03 -2.911194618184852461e-03
4.760000000000000000e+02 -3.049858968221741407e-03 -3.049858968221741407e-03
4.780000000000000000e+02 -3.299592463602870566e-03 -3.299592463602870566e-03
4.800000000000000000e+02 -3.374806808058355631e-03 -3.374806808058355631e-03
4.820000000000000000e+02 -3.287060180359049812e-03 -3.287060180359049812e-03
4.840000000000000000e+02 -3.319449265426364839e-03 -3.319449265426364839e-03
4.860000000000000000e+02 -3.427522472487224813e-03 -3.427522472487224813e-03
4.880000000000000000e+02 -3.395222014399546049e-03 -3.395222014399546049e-03
4.900000000000000000e+02 -3.590026232421348728e-03 -3.590026232421348728e-03
4.920000000000000000e+02 -3.475282245713993967e-03 -3.475282245713993967e-03
4.940000000000000000e+02 -3.301924444965699621e-03 -3.301924444965699621e-03
4.960000000000000000e+02 -3.532023165069839328e-03 -3.532023165069839328e-03
4.980000000000000000e+02 -3.517591413899827640e-03 -3.517591413899827640e-03
5.000000000000000000e+02 -3.568507577164374295e-03 -3.568507577164374295e-03
