# delays[ps] delta_averaged scan 0
-2.000000000000000000e+01 -1.381276960859933035e-04 -1.381276960859933035e-04
-1.800000000000000000e+01 -1.588847415388849893e-04 -1.588847415388849893e-04
-1.600000000000000000e+01 -1.276664639706481905e-04 -1.276664639706481905e-04
-1.400000000000000000e+01 -2.904805184427461484e-05 -2.904805184427461484e-05
-1.200000000000000000e+01 -2.154342072862692830e-04 -2.154342072862692830e-04
-1.000000000000000000e+01 -2.428477310109016332e-04 -2.428477310109016332e-04
-8.000000000000000000e+00 -2.839155579079007943e-04 -2.839155579079007943e-04
-6.000000000000000000e+00 -1.969466780943068688e-04 -1.969466780943068688e-04
-4.000000000000000000e+00 -1.514459449264785593e-04 -1.514459449264785593e-04
-2.000000000000000000e+00 1.480089567698816814e-05 1.480089567698816814e-05
-1.899999999999999911e+00 -2.193749806531434241e-04 -2.193749806531434241e-04
-1.800000000000000044e+00 -2.175714289406805018e-05 -2.175714289406805018e-05
-1.699999999999999956e+00 -1.734541377057488998e-04 -1.734541377057488998e-04
-1.600000000000000089e+00 -2.081439396955183545e-04 -2.081439396955183545e-04
-1.500000000000000000e+00 -1.362167928287564341e-04 -1.362167928287564341e-04
-1.399999999999999911e+00 -1.210530262227631454e-04 -1.210530262227631454e-04
-1.300000000000000044e+00 -2.303851587986148800e-04 -2.303851587986148800e-04
-1.199999999999999956e+00 -2.502690801408152745e-04 -2.502690801408152745e-04
-1.100000000000000089e+00 -1.314391405581560835e-04 -1.314391405581560835e-04
-1.000000000000000000e+00 -1.130521058059970080e-04 -1.130521058059970080e-04
-9.000000000000000222e-01 -1.774794235864424240e-04 -1.774794235864424240e-04
-8.000000000000000444e-01 -1.727668716765700144e-04 -1.727668716765700144e-04
-6.999999999999999556e-01 -1.660220286062209522e-04 -1.660220286062209522e-04
-5.999999999999999778e-01 -1.173825389474140226e-04 -1.173825389474140226e-04
-5.000000000000000000e-01 -2.044696724989368921e-04 -2.044696724989368921e-04
-4.000000000000000222e-01 -2.003246682200416793e-04 -2.003246682200416793e-04
-2.999999999999999889e-01 -1.508393435386441435e-04 -1.508393435386441435e-04
-2.000000000000000111e-01 -2.168434656733692067e-04 -2.168434656733692067e-04
-1.000000000000000056e-01 -2.521038282070858609e-04 -2.521038282070858609e-04
-0.000000000000000000e+00 -3.037809410858560754e-04 -3.037809410858560754e-04
1.000000000000000056e-01 -9.053616572080945123e-04 -9.053616572080945123e-04
2.000000000000000111e-01 -1.938544840819362647e-03 -1.938544840819362647e-03
2.999999999999999889e-01 -2.352582918011809562e-03 -2.352582918011809562e-03
4.000000000000000222e-01 -2.655995965185253306e-03 -2.655995965185253306e-03
5.000000000000000000e-01 -2.661505050342011583e-03 -2.661505050342011583e-03
5.999999999999999778e-01 -2.948943193587087643e-03 -2.948943193587087643e-03
6.999999999999999556e-01 -2.507971189825366695e-03 -2.507971189825366695e-03
8.000000000000000444e-01 -2.545443364199061198e-03 -2.545443364199061198e-03
9.000000000000000222e-01 -2.725571007975151772e-03 -2.725571007975151772e-03
1.000000000000000000e+00 -2.673523706723242993e-03 -2.673523706723242993e-03
1.100000000000000089e+00 -2.598820253701168530e-03 -2.598820253701168530e-03
1.199999999999999956e+00 -2.611731732774830780e-03 -2.611731732774830780e-03
1.300000000000000044e+00 -2.701924097310002583e-03 -2.701924097310002583e-03
1.399999999999999911e+00 -2.680007344963146465e-03 -2.680007344963146465e-03
1.500000000000000000e+00 -2.708550244497497442e-03 -2.708550244497497442e-03
1.600000000000000089e+00 -2.854941062510291377e-03 -2.854941062510291377e-03
1.699999999999999956e+00 -2.704313520724954765e-03 -2.704313520724954765e-03
1.800000000000000044e+00 -2.711757147607449236e-03 -2.711757147607449236e-03
1.899999999999999911e+00 -2.876227207369316027e-03 -2.876227207369316027e-03
2.000000000000000000e+00 -2.748172284738936971e-03 -2.748172284738936971e-03
4.000000000000000000e+00 -2.996193742906083299e-03 -2.996193742906083299e-03
6.000000000000000000e+00 -3.074928676002832914e-03 -3.074928676002832914e-03
8.000000000000000000e+00 -3.109459132841495364e-03 -3.109459132841495364e-03
1.000000000000000000e+01 -3.068689581760404485e-03 -3.068689581760404485e-03
1.200000000000000000e+01 -3.384644307283772233e-03 -3.384644307283772233e-03
1.400000000000000000e+01 -3.975937721742978451e-03 -3.975937721742978451e-03
1.600000000000000000e+01 -4.260090842116260636e-03 -4.260090842116260636e-03
1.800000000000000000e+01 -4.495177295573098489e-03 -4.495177295573098489e-03
2.000000000000000000e+01 -4.594623604430682524e-03 -4.594623604430682524e-03
2.200000000000000000e+01 -4.557826754249045230e-03 -4.557826754249045230e-03
2.400000000000000000e+01 -4.466351155733168897e-03 -4.466351155733168897e-03
2.600000000000000000e+01 -4.369986956250252776e-03 -4.369986956250252776e-03
2.800000000000000000e+01 -4.142277232839967557e-03 -4.142277232839967557e-03
3.000000000000000000e+01 -4.159156325041378152e-03 -4.159156325041378152e-03
3.200000000000000000e+01 -4.211409648557495194e-03 -4.211409648557495194e-03
3.400000000000000000e+01 -4.122413487345418480e-03 -4.122413487345418480e-03
3.600000000000000000e+01 -4.005634949644530651e-03 -4.005634949644530651e-03
3.800000000000000000e+01 -3.733138909965565567e-03 -3.733138909965565567e-03
4.000000000000000000e+01 -3.516265481977321090e-03 -3.516265481977321090e-03
4.200000000000000000e+01 -3.814254591712250807e-03 -3.814254591712250807e-03
4.400000000000000000e+01 -3.530651851556981281e-03 -3.530651851556981281e-03
4.600000000000000000e+01 -3.660412352897390170e-03 -3.660412352897390170e-03
4.800000000000000000e+01 -3.513234735430177755e-03 -3.513234735430177755e-03
5.000000000000000000e+01 -3.433897724075741197e-03 -3.433897724075741197e-03
5.200000000000000000e+01 -3.402229622784426564e-03 -3.402229622784426564e-03
5.400000000000000000e+01 -3.284322869939168121e-03 -3.284322869939168121e-03
5.600000000000000000e+01 -3.169662066549387269e-03 -3.169662066549387269e-03
5.800000000000000000e+01 -3.251911402996053319e-03 -3.251911402996053319e-03
6.000000000000000000e+01 -3.062442891777199250e-03 -3.062442891777199250e-03
6.200000000000000000e+01 -3.159894131589035138e-03 -3.159894131589035138e-03
6.400000000000000000e+01 -3.085641442991510306e-03 -3.085641442991510306e-03
6.600000000000000000e+01 -2.958975081904627585e-03 -2.958975081904627585e-03
6.800000000000000000e+01 -3.086849095450874218e-03 -3.086849095450874218e-03
7.000000000000000000e+01 -2.792506427666518673e-03 -2.792506427666518673e-03
7.200000000000000000e+01 -3.043243850176374343e-03 -3.043243850176374343e-03
7.400000000000000000e+01 -2.985118867025012696e-03 -2.985118867025012696e-03
7.600000000000000000e+01 -3.129943359785533879e-03 -3.129943359785533879e-03
7.800000000000000000e+01 -2.941494220253926001e-03 -2.941494220253926001e-03
8.000000000000000000e+01 -2.913095329979041147e-03 -2.913095329979041147e-03
8.200000000000000000e+01 -2.926313008676959156e-03 -2.926313008676959156e-03
8.400000000000000000e+01 -2.967545531320170838e-03 -2.967545531320170838e-03
8.600000000000000000e+01 -2.981203613183344356e-03 -2.981203613183344356e-03
8.800000000000000000e+01 -2.678839301421499872e-03 -2.678839301421499872e-03
9.000000000000000000e+01 -2.701424021497785335e-03 -2.701424021497785335e-03
9.200000000000000000e+01 -2.755148435555564504e-03 -2.755148435555564504e-03
9.400000000000000000e+01 -3.108029253248296032e-03 -3.108029253248296032e-03
9.600000000000000000e+01 -3.302470426114209948e-03 -3.302470426114209948e-03
9.800000000000000000e+01 -3.287094012662035436e-03 -3.287094012662035436e-03
1.000000000000000000e+02 -3.309058978870553763e-03 -3.309058978870553763e-03
1.020000000000000000e+02 -3.550726669625974170e-03 -3.550726669625974170e-03
1.040000000000000000e+02 -3.292275355814506654e-03 -3.292275355814506654e-03
1.060000000000000000e+02 -3.613566472007201900e-03 -3.613566472007201900e-03
1.080000000000000000e+02 -3.515611058069982933e-03 -3.515611058069982933e-03
1.100000000000000000e+02 -3.493319674537334781e-03 -3.493319674537334781e-03
1.120000000000000000e+02 -3.603338427204784335e-03 -3.603338427204784335e-03
1.140000000000000000e+02 -3.590863286809129092e-03 -3.590863286809129092e-03
1.160000000000000000e+02 -3.610695193210466860e-03 -3.610695193210466860e-03
1.180000000000000000e+02 -3.780726542588078512e-03 -3.780726542588078512e-03
1.200000000000000000e+02 -3.882345016644732621e-03 -3.882345016644732621e-03
1.220000000000000000e+02 -3.922438261300596925e-03 -3.922438261300596925e-03
1.240000000000000000e+02 -4.093498174992559607e-03 -4.093498174992559607e-03
1.260000000000000000e+02 -4.132564228338654437e-03 -4.132564228338654437e-03
1.280000000000000000e+02 -4.384861015379282363e-03 -4.384861015379282363e-03
1.300000000000000000e+02 -4.214514637339579484e-03 -4.214514637339579484e-03
1.320000000000000000e+02 -4.320985819997689818e-03 -4.320985819997689818e-03
1.340000000000000000e+02 -4.367626494474158988e-03 -4.367626494474158988e-03
1.360000000000000000e+02 -4.220526404134224835e-03 -4.220526404134224835e-03
1.380000000000000000e+02 -4.215151270364109887e-03 -4.215151270364109887e-03
1.400000000000000000e+02 -3.895341342314152799e-03 -3.895341342314152799e-03
1.420000000000000000e+02 -3.830586622213376282e-03 -3.830586622213376282e-03
1.440000000000000000e+02 -3.806547631386448301e-03 -3.806547631386448301e-03
1.460000000000000000e+02 -3.766470204589603566e-03 -3.766470204589603566e-03
1.480000000000000000e+02 -3.658677276396054417e-03 -3.658677276396054417e-03
1.500000000000000000e+02 -3.657839992891091362e-03 -3.657839992891091362e-03
1.520000000000000000e+02 -3.620978424213956888e-03 -3.620978424213956888e-03
1.540000000000000000e+02 -3.805529420099038659e-03 -3.805529420099038659e-03
1.560000000000000000e+02 -3.620938481100818666e-03 -3.620938481100818666e-03
1.580000000000000000e+02 -3.780729839240064630e-03 -3.780729839240064630e-03
1.600000000000000000e+02 -3.638809217179418774e-03 -3.638809217179418774e-03
1.620000000000000000e+02 -3.719716541669145383e-03 -3.719716541669145383e-03
1.640000000000000000e+02 -3.883198852898660149e-03 -3.883198852898660149e-03
1.660000000000000000e+02 -3.638835016447397683e-03 -3.638835016447397683e-03
1.680000000000000000e+02 -3.754595018997213852e-03 -3.754595018997213852e-03
1.700000000000000000e+02 -3.602580847197808193e-03 -3.602580847197808193e-03
1.720000000000000000e+02 -3.667169893732880308e-03 -3.667169893732880308e-03
1.740000000000000000e+02 -3.549574781722665117e-03 -3.549574781722665117e-03
1.760000000000000000e+02 -3.478865038337961967e-03 -3.478865038337961967e-03
1.780000000000000000e+02 -3.484947248733387577e-03 -3.484947248733387577e-03
1.800000000000000000e+02 -3.581364705599221054e-03 -3.581364705599221054e-03
1.820000000000000000e+02 -3.452959776347835213e-03 -3.452959776347835213e-03
1.840000000000000000e+02 -3.491568523435274740e-03 -3.491568523435274740e-03
1.860000000000000000e+02 -3.472735993363110316e-03 -3.472735993363110316e-03
1.880000000000000000e+02 -3.570173358997316086e-03 -3.570173358997316086e-03
1.900000000000000000e+02 -3.560374426406757390e-03 -3.560374426406757390e-03
1.920000000000000000e+02 -3.584627646149303720e-03 -3.584627646149303720e-03
1.940000000000000000e+02 -3.749869189224903400e-03 -3.749869189224903400e-03
1.960000000000000000e+02 -3.556768389057967782e-03 -3.556768389057967782e-03
1.980000000000000000e+02 -3.331865263005869080e-03 -3.331865263005869080e-03
2.000000000000000000e+02 -3.328814213490059650e-03 -3.328814213490059650e-03
2.020000000000000000e+02 -3.243780389824328560e-03 -3.243780389824328560e-03
2.040000000000000000e+02 -3.510436196865837025e-03 -3.510436196865837025e-03
2.060000000000000000e+02 -3.464771740395623887e-03 -3.464771740395623887e-03
2.080000000000000000e+02 -3.298584428627027772e-03 -3.298584428627027772e-03
2.100000000000000000e+02 -3.291093971634375531e-03 -3.291093971634375531e-03
2.120000000000000000e+02 -3.448488339645162677e-03 -3.448488339645162677e-03
2.140000000000000000e+02 -3.607999452368920289e-03 -3.607999452368920289e-03
2.160000000000000000e+02 -3.590025346334642115e-03 -3.590025346334642115e-03
2.180000000000000000e+02 -3.663809514615848275e-03 -3.663809514615848275e-03
2.200000000000000000e+02 -3.742271194126828900e-03 -3.742271194126828900e-03
2.220000000000000000e+02 -3.758768022871009779e-03 -3.758768022871009779e-03
2.240000000000000000e+02 -3.769962959380666889e-03 -3.769962959380666889e-03
2.260000000000000000e+02 -3.855359473918180350e-03 -3.855359473918180350e-03
2.280000000000000000e+02 -3.730136845220489734e-03 -3.730136845220489734e-03
2.300000000000000000e+02 -3.986823131156900894e-03 -3.986823131156900894e-03
2.320000000000000000e+02 -4.095936829028942391e-03 -4.095936829028942391e-03
2.340000000000000000e+02 -4.102201027092766163e-03 -4.102201027092766163e-03
2.360000000000000000e+02 -4.092299943490772252e-03 -4.092299943490772252e-03
2.380000000000000000e+02 -4.053465031957602382e-03 -4.053465031957602382e-03
2.400000000000000000e+02 -4.004192810822532547e-03 -4.004192810822532547e-03
2.420000000000000000e+02 -4.130974945460095561e-03 -4.130974945460095561e-03
2.440000000000000000e+02 -4.216394584267536307e-03 -4.216394584267536307e-03
2.460000000000000000e+02 -4.183424507774112511e-03 -4.183424507774112511e-03
2.480000000000000000e+02 -3.957890697930900939e-03 -3.957890697930900939e-03
2.500000000000000000e+02 -4.079283305649841762e-03 -4.079283305649841762e-03
2.520000000000000000e+02 -3.913277178073348329e-03 -3.913277178073348329e-03
2.540000000000000000e+02 -3.827789003084069303e-03 -3.827789003084069303e-03
2.560000000000000000e+02 -3.729003726952846709e-03 -3.729003726952846709e-03
2.580000000000000000e+02 -3.736234400426018034e-03 -3.736234400426018034e-03
2.600000000000000000e+02 -3.816701760465443689e-03 -3.816701760465443689e-03
2.620000000000000000e+02 -3.805458299076168623e-03 -3.805458299076168623e-03
2.640000000000000000e+02 -3.913858742090828985e-03 -3.913858742090828985e-03
2.660000000000000000e+02 -3.928169704851964573e-03 -3.928169704851964573e-03
2.680000000000000000e+02 -3.869247053959161929e-03 -3.869247053959161929e-03
2.700000000000000000e+02 -3.806634109339161569e-03 -3.806634109339161569e-03
2.720000000000000000e+02 -3.837056499526757345e-03 -3.837056499526757345e-03
2.740000000000000000e+02 -3.785862690386218761e-03 -3.785862690386218761e-03
2.760000000000000000e+02 -3.512602948704742888e-03 -3.512602948704742888e-03
2.780000000000000000e+02 -3.316473785196704868e-03 -3.316473785196704868e-03
2.800000000000000000e+02 -3.751177046744020617e-03 -3.751177046744020617e-03
2.820000000000000000e+02 -3.489516664094279366e-03 -3.489516664094279366e-03
2.840000000000000000e+02 -3.521149776943459115e-03 -3.521149776943459115e-03
2.860000000000000000e+02 -3.365930195778342373e-03 -3.365930195778342373e-03
2.880000000000000000e+02 -3.254417019863125368e-03 -3.254417019863125368e-03
2.900000000000000000e+02 -3.128910260775899944e-03 -3.128910260775899944e-03
2.920000000000000000e+02 -3.199000007152312617e-03 -3.199000007152312617e-03
2.940000000000000000e+02 -3.049485434092305287e-03 -3.049485434092305287e-03
2.960000000000000000e+02 -3.127943952859536282e-03 -3.127943952859536282e-03
2.980000000000000000e+02 -3.185357029424295671e-03 -3.185357029424295671e-03
3.000000000000000000e+02 -3.103557305012050616e-03 -3.103557305012050616e-03
3.020000000000000000e+02 -3.038161787619344471e-03 -3.038161787619344471e-03
3.040000000000000000e+02 -3.172740388806162461e-03 -3.172740388806162461e-03
3.060000000000000000e+02 -3.034792007190173068e-03 -3.034792007190173068e-03
3.080000000000000000e+02 -3.020785592785358784e-03 -3.020785592785358784e-03
3.100000000000000000e+02 -2.731367710758745865e-03 -2.731367710758745865e-03
3.120000000000000000e+02 -2.854326695070147617e-03 -2.854326695070147617e-03
3.140000000000000000e+02 -3.099977309657784945e-03 -3.099977309657784945e-03
3.160000000000000000e+02 -2.968594806959922675e-03 -2.968594806959922675e-03
3.180000000000000000e+02 -3.091953884928005155e-03 -3.091953884928005155e-03
3.200000000000000000e+02 -2.890049344306452276e-03 -2.890049344306452276e-03
3.220000000000000000e+02 -2.709521823497462820e-03 -2.709521823497462820e-03
3.240000000000000000e+02 -2.750804811898732195e-03 -2.750804811898732195e-03
3.260000000000000000e+02 -2.674182025388965444e-03 -2.674182025388965444e-03
3.280000000000000000e+02 -2.588576474839118964e-03 -2.588576474839118964e-03
3.300000000000000000e+02 -2.570906517402362680e-03 -2.570906517402362680e-03
3.320000000000000000e+02 -2.458639482007413026e-03 -2.458639482007413026e-03
3.340000000000000000e+02 -2.434561390022004727e-03 -2.434561390022004727e-03
3.360000000000000000e+02 -2.417844817184321669e-03 -2.417844817184321669e-03
3.380000000000000000e+02 -2.424601644648612456e-03 -2.424601644648612456e-03
3.400000000000000000e+02 -2.503124938378691391e-03 -2.503124938378691391e-03
3.420000000000000000e+02 -2.324478537321759183e-03 -2.324478537321759183e-03
3.440000000000000000e+02 -2.397728709281217972e-03 -2.397728709281217972e-03
3.460000000000000000e+02 -2.307072691963883183e-03 -2.307072691963883183e-03
3.480000000000000000e+02 -2.314213915618305428e-03 -2.314213915618305428e-03
3.500000000000000000e+02 -2.245434687444171178e-03 -2.245434687444171178e-03
3.520000000000000000e+02 -2.034188221086924084e-03 -2.034188221086924084e-03
3.540000000000000000e+02 -2.085463569736827234e-03 -2.085463569736827234e-03
3.560000000000000000e+02 -2.144718020318099518e-03 -2.144718020318099518e-03
3.580000000000000000e+02 -2.030682502114974832e-03 -2.030682502114974832e-03
3.600000000000000000e+02 -2.097407187227256185e-03 -2.097407187227256185e-03
3.620000000000000000e+02 -1.992545031747827971e-03 -1.992545031747827971e-03
3.640000000000000000e+02 -1.972449376824450800e-03 -1.972449376824450800e-03
3.660000000000000000e+02 -1.866643100681409685e-03 -1.866643100681409685e-03
3.680000000000000000e+02 -1.901027748606376119e-03 -1.901027748606376119e-03
3.700000000000000000e+02 -1.805204662774248601e-03 -1.805204662774248601e-03
3.720000000000000000e+02 -1.848752954055642595e-03 -1.848752954055642595e-03
3.740000000000000000e+02 -1.641922914634857305e-03 -1.641922914634857305e-03
3.760000000000000000e+02 -1.708505070520583216e-03 -1.708505070520583216e-03
3.780000000000000000e+02 -1.916470287685474380e-03 -1.916470287685474380e-03
3.800000000000000000e+02 -1.569199016789657626e-03 -1.569199016789657626e-03
3.820000000000000000e+02 -1.573739261854102851e-03 -1.573739261854102851e-03
3.840000000000000000e+02 -1.677471776285048219e-03 -1.677471776285048219e-03
3.860000000000000000e+02 -1.566450356539100591e-03 -1.566450356539100591e-03
3.880000000000000000e+02 -1.686276285859089879e-03 -1.686276285859089879e-03
3.900000000000000000e+02 -1.712523171514617262e-03 -1.712523171514617262e-03
3.920000000000000000e+02 -1.792289174709086252e-03 -1.792289174709086252e-03
3.940000000000000000e+02 -1.628641247507480773e-03 -1.628641247507480773e-03
3.960000000000000000e+02 -1.585762625965085430e-03 -1.585762625965085430e-03
3.980000000000000000e+02 -1.417569836414732864e-03 -1.417569836414732864e-03
4.000000000000000000e+02 -1.611254168926996421e-03 -1.611254168926996421e-03
4.020000000000000000e+02 -1.703863044328942982e-03 -1.703863044328942982e-03
4.040000000000000000e+02 -1.506358126887550773e-03 -1.506358126887550773e-03
4.060000000000000000e+02 -1.500812569826409388e-03 -1.500812569826409388e-03
4.080000000000000000e+02 -1.580036298521967503e-03 -1.580036298521967503e-03
4.100000000000000000e+02 -1.495728625229512032e-03 -1.495728625229512032e-03
4.120000000000000000e+02 -1.552735460692169491e-03 -1.552735460692169491e-03
4.140000000000000000e+02 -1.598633267618689057e-03 -1.598633267618689057e-03
4.160000000000000000e+02 -1.628727614975231282e-03 -1.628727614975231282e-03
4.180000000000000000e+02 -1.580503833005137988e-03 -1.580503833005137988e-03
4.200000000000000000e+02 -1.535884797489252317e-03 -1.535884797489252317e-03
4.220000000000000000e+02 -1.517977312416101884e-03 -1.517977312416101884e-03
4.240000000000000000e+02 -1.739164776961719646e-03 -1.739164776961719646e-03
4.260000000000000000e+02 -1.697069472264286756e-03 -1.697069472264286756e-03
4.280000000000000000e+02 -1.644198181163020493e-03 -1.644198181163020493e-03
4.300000000000000000e+02 -1.740477896673408090e-03 -1.740477896673408090e-03
4.320000000000000000e+02 -1.661479198628019842e-03 -1.661479198628019842e-03
4.340000000000000000e+02 -1.734314329320401932e-03 -1.734314329320401932e-03
4.360000000000000000e+02 -1.763111625087777478e-03 -1.763111625087777478e-03
4.380000000000000000e+02 -1.760247705637836731e-03 -1.760247705637836731e-03
4.400000000000000000e+02 -1.941762787077858706e-03 -1.941762787077858706e-03
4.420000000000000000e+02 -2.043784622401888587e-03 -2.043784622401888587e-03
4.440000000000000000e+02 -1.928998438449093999e-03 -1.928998438449093999e-03
4.460000000000000000e+02 -1.974386283621779991e-03 -1.974386283621779991e-03
4.480000000000000000e+02 -2.018882480831648858e-03 -2.018882480831648858e-03
4.500000000000000000e+02 -2.205259770012040453e-03 -2.205259770012040453e-03
4.520000000000000000e+02 -2.264487473761110994e-03 -2.264487473761110994e-03
4.540000000000000000e+02 -2.223403741678953160e-03 -2.223403741678953160e-03
4.560000000000000000e+02 -2.279504178832080560e-03 -2.279504178832080560e-03
4.580000000000000000e+02 -2.344284337585267330e-03 -2.344284337585267330e-03
4.600000000000000000e+02 -2.310602139352401722e-03 -2.310602139352401722e-03
4.620000000000000000e+02 -2.186887241801455800e-03 -2.186887241801455800e-03
4.640000000000000000e+02 -2.510475568828194910e-03 -2.510475568828194910e-03
4.660000000000000000e+02 -2.588656308784170051e-03 -2.588656308784170051e-03
4.680000000000000000e+02 -2.607010629850541831e-03 -2.607010629850541831e-03
4.700000000000000000e+02 -2.863147101176143766e-03 -2.863147101176143766e-03
4.720000000000000000e+02 -2.753437738422884543e-03 -2.753437738422884543e-03
4.740000000000000000e+02 -2.957735932366041542e-03 -2.957735932366041542e-03
4.760000000000000000e+02 -2.904218675668407152e-03 -2.904218675668407152e-03
4.780000000000000000e+02 -3.082533421540979354e-03 -3.082533421540979354e-03
4.800000000000000000e+02 -3.135616453921648457e-03 -3.135616453921648457e-03
4.820000000000000000e+02 -3.224950408170036698e-03 -3.224950408170036698e-03
4.840000000000000000e+02 -3.237101205079178940e-03 -3.237101205079178940e-03
4.860000000000000000e+02 -3.274596956378780267e-03 -3.274596956378780267e-03
4.880000000000000000e+02 -3.390017476896490557e-03 -3.390017476896490557e-03
4.900000000000000000e+02 -3.439017246197061378e-03 -3.439017246197061378e-03
4.920000000000000000e+02 -3.593229883218545476e-03 -3.593229883218545476e-03
4.940000000000000000e+02 -3.580296862980428610e-03 -3.580296862980428610e-03
4.960000000000000000e+02 -3.451001821708202764e-03 -3.451001821708202764e-03
4.980000000000000000e+02 -3.665065711660938415e-03 -3.665065711660938415e-03
5.000000000000000000e+02 -3.545796418660306440e-03 -3.545796418660306440e-03
