# delays[ps] delta_averaged scan 0
-2.000000000000000000e+01 -4.530261267389656856e-05 -4.530261267389656856e-05
-1.800000000000000000e+01 -6.867346099987391985e-05 -6.867346099987391985e-05
-1.600000000000000000e+01 -1.974920403789770487e-06 -1.974920403789770487e-06
-1.400000000000000000e+01 -1.183606938751152683e-04 -1.183606938751152683e-04
-1.200000000000000000e+01 -1.511813856089994177e-04 -1.511813856089994177e-04
-1.000000000000000000e+01 -8.052277224769988204e-05 -8.052277224769988204e-05
-8.000000000000000000e+00 -2.152703408962063276e-04 -2.152703408962063276e-04
-6.000000000000000000e+00 -1.107970943282243797e-04 -1.107970943282243797e-04
-4.000000000000000000e+00 -1.575662097098902024e-04 -1.575662097098902024e-04
-2.000000000000000000e+00 -1.109746962894917469e-04 -1.109746962894917469e-04
-1.899999999999999911e+00 -2.159648800377864531e-04 -2.159648800377864531e-04
-1.800000000000000044e+00 -1.248030867466993869e-04 -1.248030867466993869e-04
-1.699999999999999956e+00 -5.775996927394622127e-05 -5.775996927394622127e-05
-1.600000000000000089e+00 -1.354873949926003129e-04 -1.354873949926003129e-04
-1.500000000000000000e+00 -2.308468829766007087e-04 -2.308468829766007087e-04
-1.399999999999999911e+00 -2.027802925009746199e-04 -2.027802925009746199e-04
-1.300000000000000044e+00 -1.962047692852413375e-04 -1.962047692852413375e-04
-1.199999999999999956e+00 -1.031162676390129417e-04 -1.031162676390129417e-04
-1.100000000000000089e+00 -1.932640315655531616e-04 -1.932640315655531616e-04
-1.000000000000000000e+00 -1.113126917434635837e-04 -1.113126917434635837e-04
-9.000000000000000222e-01 -2.062737526668659890e-04 -2.062737526668659890e-04
-8.000000000000000444e-01 -3.908781182696052846e-05 -3.908781182696052846e-05
-6.999999999999999556e-01 -3.107676342895237783e-05 -3.107676342895237783e-05
-5.999999999999999778e-01 -6.574394174537644868e-05 -6.574394174537644868e-05
-5.000000000000000000e-01 -1.928228543851539999e-05 -1.928228543851539999e-05
-4.000000000000000222e-01 -2.094219102938299514e-04 -2.094219102938299514e-04
-2.999999999999999889e-01 -7.695636568711116668e-05 -7.695636568711116668e-05
-2.000000000000000111e-01 -2.626110707424863557e-04 -2.626110707424863557e-04
-1.000000000000000056e-01 -1.590968454658230394e-04 -1.590968454658230394e-04
-0.000000000000000000e+00 -1.819963815630232262e-04 -1.819963815630232262e-04
1.000000000000000056e-01 -5.291532551400391759e-04 -5.291532551400391759e-04
2.000000000000000111e-01 -1.025251076412766766e-03 -1.025251076412766766e-03
2.999999999999999889e-01 -1.378708930667520019e-03 -1.378708930667520019e-03
4.000000000000000222e-01 -1.164664371300171749e-03 -1.164664371300171749e-03
5.000000000000000000e-01 -1.073021874981393287e-03 -1.073021874981393287e-03
5.999999999999999778e-01 -9.427904255888304441e-04 -9.427904255888304441e-04
6.999999999999999556e-01 -7.112646948625924587e-04 -7.112646948625924587e-04
8.000000000000000444e-01 -8.232495519917235613e-04 -8.232495519917235613e-04
9.000000000000000222e-01 -8.552671107582148239e-04 -8.552671107582148239e-04
1.000000000000000000e+00 -6.699551459623812521e-04 -6.699551459623812521e-04
1.100000000000000089e+00 -7.204967407472807287e-04 -7.204967407472807287e-04
1.199999999999999956e+00 -6.883642791429988748e-04 -6.883642791429988748e-04
1.300000000000000044e+00 -8.216659976485824130e-04 -8.216659976485824130e-04
1.399999999999999911e+00 -6.237576471192624299e-04 -6.237576471192624299e-04
1.500000000000000000e+00 -7.040370654525753480e-04 -7.040370654525753480e-04
1.600000000000000089e+00 -6.132225622231729295e-04 -6.132225622231729295e-04
1.699999999999999956e+00 -6.952854515684279632e-04 -6.952854515684279632e-04
1.800000000000000044e+00 -6.625167448981175104e-04 -6.625167448981175104e-04
1.899999999999999911e+00 -6.214257348454981390e-04 -6.214257348454981390e-04
2.000000000000000000e+00 -6.758668756365427766e-04 -6.758668756365427766e-04
4.000000000000000000e+00 -7.283833788232576840e-04 -7.283833788232576840e-04
6.000000000000000000e+00 -7.236960442713910417e-04 -7.236960442713910417e-04
8.000000000000000000e+00 -7.164017125943718299e-04 -7.164017125943718299e-04
1.000000000000000000e+01 -1.070511319784426705e-03 -1.070511319784426705e-03
1.200000000000000000e+01 -1.400427748111239719e-03 -1.400427748111239719e-03
1.400000000000000000e+01 -1.969475230925709589e-03 -1.969475230925709589e-03
1.600000000000000000e+01 -2.149494995513622549e-03 -2.149494995513622549e-03
1.800000000000000000e+01 -2.708305469981700520e-03 -2.708305469981700520e-03
2.000000000000000000e+01 -2.952981935085910101e-03 -2.952981935085910101e-03
2.200000000000000000e+01 -2.950935464073399950e-03 -2.950935464073399950e-03
2.400000000000000000e+01 -2.984760725557426570e-03 -2.984760725557426570e-03
2.600000000000000000e+01 -3.100597706566204058e-03 -3.100597706566204058e-03
2.800000000000000000e+01 -3.090970182694695485e-03 -3.090970182694695485e-03
3.000000000000000000e+01 -3.174771665636231307e-03 -3.174771665636231307e-03
3.200000000000000000e+01 -2.951821782840992857e-03 -2.951821782840992857e-03
3.400000000000000000e+01 -3.058083376626374254e-03 -3.058083376626374254e-03
3.600000000000000000e+01 -2.943273059920809356e-03 -2.943273059920809356e-03
3.800000000000000000e+01 -2.741559818554612296e-03 -2.741559818554612296e-03
4.000000000000000000e+01 -2.660844090770083607e-03 -2.660844090770083607e-03
4.200000000000000000e+01 -2.595714376746369179e-03 -2.595714376746369179e-03
4.400000000000000000e+01 -2.551472885447574144e-03 -2.551472885447574144e-03
4.600000000000000000e+01 -2.338174334294281214e-03 -2.338174334294281214e-03
4.800000000000000000e+01 -2.317615038260423775e-03 -2.317615038260423775e-03
5.000000000000000000e+01 -2.202599635522324833e-03 -2.202599635522324833e-03
5.200000000000000000e+01 -2.196703002830420731e-03 -2.196703002830420731e-03
5.400000000000000000e+01 -2.178384037311352581e-03 -2.178384037311352581e-03
5.600000000000000000e+01 -2.007459358697863145e-03 -2.007459358697863145e-03
5.800000000000000000e+01 -2.015544430013648143e-03 -2.015544430013648143e-03
6.000000000000000000e+01 -2.079661513706792392e-03 -2.079661513706792392e-03
6.200000000000000000e+01 -2.001759703624651689e-03 -2.001759703624651689e-03
6.400000000000000000e+01 -2.042394380233648714e-03 -2.042394380233648714e-03
6.600000000000000000e+01 -1.897400754975472588e-03 -1.897400754975472588e-03
6.800000000000000000e+01 -1.854718833291561612e-03 -1.854718833291561612e-03
7.000000000000000000e+01 -1.627465994487176017e-03 -1.627465994487176017e-03
7.200000000000000000e+01 -1.842149397270998823e-03 -1.842149397270998823e-03
7.400000000000000000e+01 -1.892169225926819539e-03 -1.892169225926819539e-03
7.600000000000000000e+01 -1.849680321664591044e-03 -1.849680321664591044e-03
7.800000000000000000e+01 -1.816338048651195075e-03 -1.816338048651195075e-03
8.000000000000000000e+01 -1.878871313780724117e-03 -1.878871313780724117e-03
8.200000000000000000e+01 -1.852616936708834918e-03 -1.852616936708834918e-03
8.400000000000000000e+01 -1.886106152404721245e-03 -1.886106152404721245e-03
8.600000000000000000e+01 -1.769139655421561944e-03 -1.769139655421561944e-03
8.800000000000000000e+01 -1.605441057706531813e-03 -1.605441057706531813e-03
9.000000000000000000e+01 -1.584831340966900851e-03 -1.584831340966900851e-03
9.200000000000000000e+01 -1.620086254678512619e-03 -1.620086254678512619e-03
9.400000000000000000e+01 -1.897600407108673099e-03 -1.897600407108673099e-03
9.600000000000000000e+01 -1.860340787745986971e-03 -1.860340787745986971e-03
9.800000000000000000e+01 -1.977994558981423061e-03 -1.977994558981423061e-03
1.000000000000000000e+02 -2.226649415614220372e-03 -2.226649415614220372e-03
1.020000000000000000e+02 -2.137696796878226294e-03 -2.137696796878226294e-03
1.040000000000000000e+02 -2.396238312757271224e-03 -2.396238312757271224e-03
1.060000000000000000e+02 -2.429360592430779980e-03 -2.429360592430779980e-03
1.080000000000000000e+02 -2.146333430415505155e-03 -2.146333430415505155e-03
1.100000000000000000e+02 -2.350759053040077547e-03 -2.350759053040077547e-03
1.120000000000000000e+02 -2.273053281675566258e-03 -2.273053281675566258e-03
1.140000000000000000e+02 -2.442965936127058316e-03 -2.442965936127058316e-03
1.160000000000000000e+02 -2.554073036470373616e-03 -2.554073036470373616e-03
1.180000000000000000e+02 -2.641406922590028468e-03 -2.641406922590028468e-03
1.200000000000000000e+02 -2.604815633983718296e-03 -2.604815633983718296e-03
1.220000000000000000e+02 -2.611221419861186992e-03 -2.611221419861186992e-03
1.240000000000000000e+02 -2.914573286520991992e-03 -2.914573286520991992e-03
1.260000000000000000e+02 -3.034948634426941957e-03 -3.034948634426941957e-03
1.280000000000000000e+02 -3.061412938662627561e-03 -3.061412938662627561e-03
1.300000000000000000e+02 -3.136345626102466332e-03 -3.136345626102466332e-03
1.320000000000000000e+02 -3.156425301860644583e-03 -3.156425301860644583e-03
1.340000000000000000e+02 -3.160238748604555625e-03 -3.160238748604555625e-03
1.360000000000000000e+02 -2.963027777248865551e-03 -2.963027777248865551e-03
1.380000000000000000e+02 -2.707599554258001678e-03 -2.707599554258001678e-03
1.400000000000000000e+02 -2.649556457640330539e-03 -2.649556457640330539e-03
1.420000000000000000e+02 -2.619227215246865050e-03 -2.619227215246865050e-03
1.440000000000000000e+02 -2.617641439030848980e-03 -2.617641439030848980e-03
1.460000000000000000e+02 -2.551406657553712421e-03 -2.551406657553712421e-03
1.480000000000000000e+02 -2.638438077611617114e-03 -2.638438077611617114e-03
1.500000000000000000e+02 -2.524328952864988030e-03 -2.524328952864988030e-03
1.520000000000000000e+02 -2.458337618388615163e-03 -2.458337618388615163e-03
1.540000000000000000e+02 -2.387470746915824806e-03 -2.387470746915824806e-03
1.560000000000000000e+02 -2.433616618835477211e-03 -2.433616618835477211e-03
1.580000000000000000e+02 -2.347888205324503725e-03 -2.347888205324503725e-03
1.600000000000000000e+02 -2.391757116068070083e-03 -2.391757116068070083e-03
1.620000000000000000e+02 -2.356784832612279258e-03 -2.356784832612279258e-03
1.640000000000000000e+02 -2.550116220024714869e-03 -2.550116220024714869e-03
1.660000000000000000e+02 -2.481423180717247552e-03 -2.481423180717247552e-03
1.680000000000000000e+02 -2.390166464481309309e-03 -2.390166464481309309e-03
1.700000000000000000e+02 -2.343905053174533647e-03 -2.343905053174533647e-03
1.720000000000000000e+02 -2.340668016149417916e-03 -2.340668016149417916e-03
1.740000000000000000e+02 -2.367391057966680007e-03 -2.367391057966680007e-03
1.760000000000000000e+02 -2.220993175419112928e-03 -2.220993175419112928e-03
1.780000000000000000e+02 -2.224115355234242662e-03 -2.224115355234242662e-03
1.800000000000000000e+02 -2.222507324108753592e-03 -2.222507324108753592e-03
1.820000000000000000e+02 -2.269245896202951723e-03 -2.269245896202951723e-03
1.840000000000000000e+02 -2.208509500441525886e-03 -2.208509500441525886e-03
1.860000000000000000e+02 -2.405206390663458191e-03 -2.405206390663458191e-03
1.880000000000000000e+02 -2.523648952243364753e-03 -2.523648952243364753e-03
1.900000000000000000e+02 -2.383613068070005499e-03 -2.383613068070005499e-03
1.920000000000000000e+02 -2.376592705405798298e-03 -2.376592705405798298e-03
1.940000000000000000e+02 -2.264785040215297734e-03 -2.264785040215297734e-03
1.960000000000000000e+02 -2.322562204629105131e-03 -2.322562204629105131e-03
1.980000000000000000e+02 -2.105902661545929356e-03 -2.105902661545929356e-03
2.000000000000000000e+02 -1.960347573218829478e-03 -1.960347573218829478e-03
2.020000000000000000e+02 -2.076062035838272934e-03 -2.076062035838272934e-03
2.040000000000000000e+02 -1.916837915873507905e-03 -1.916837915873507905e-03
2.060000000000000000e+02 -2.125037095123117475e-03 -2.125037095123117475e-03
2.080000000000000000e+02 -2.217364290449147252e-03 -2.217364290449147252e-03
2.100000000000000000e+02 -2.268828780269404287e-03 -2.268828780269404287e-03
2.120000000000000000e+02 -2.190094385050875801e-03 -2.190094385050875801e-03
2.140000000000000000e+02 -2.454334334810286990e-03 -2.454334334810286990e-03
2.160000000000000000e+02 -2.257656219641735601e-03 -2.257656219641735601e-03
2.180000000000000000e+02 -2.469131800833308799e-03 -2.469131800833308799e-03
2.200000000000000000e+02 -2.602520199706318850e-03 -2.602520199706318850e-03
2.220000000000000000e+02 -2.599087834596798714e-03 -2.599087834596798714e-03
2.240000000000000000e+02 -2.683547797278488557e-03 -2.683547797278488557e-03
2.260000000000000000e+02 -2.681336360308387602e-03 -2.681336360308387602e-03
2.280000000000000000e+02 -2.669434407110307748e-03 -2.669434407110307748e-03
2.300000000000000000e+02 -2.747977547302569989e-03 -2.747977547302569989e-03
2.320000000000000000e+02 -2.930843375567959361e-03 -2.930843375567959361e-03
2.340000000000000000e+02 -2.692782613462824277e-03 -2.692782613462824277e-03
2.360000000000000000e+02 -2.828216462249398197e-03 -2.828216462249398197e-03
2.380000000000000000e+02 -2.834581920737705776e-03 -2.834581920737705776e-03
2.400000000000000000e+02 -2.810240167346551420e-03 -2.810240167346551420e-03
2.420000000000000000e+02 -2.766094809972390132e-03 -2.766094809972390132e-03
2.440000000000000000e+02 -2.689543148248169351e-03 -2.689543148248169351e-03
2.460000000000000000e+02 -2.806015681298899053e-03 -2.806015681298899053e-03
2.480000000000000000e+02 -2.652628618130419436e-03 -2.652628618130419436e-03
2.500000000000000000e+02 -2.717180193498665037e-03 -2.717180193498665037e-03
2.520000000000000000e+02 -2.876484612338765963e-03 -2.876484612338765963e-03
2.540000000000000000e+02 -2.673119219654135868e-03 -2.673119219654135868e-03
2.560000000000000000e+02 -2.654385998818499688e-03 -2.654385998818499688e-03
2.580000000000000000e+02 -2.757085653400089507e-03 -2.757085653400089507e-03
2.600000000000000000e+02 -2.755477235463857279e-03 -2.755477235463857279e-03
2.620000000000000000e+02 -2.611547507730337895e-03 -2.611547507730337895e-03
2.640000000000000000e+02 -2.688340253037671546e-03 -2.688340253037671546e-03
2.660000000000000000e+02 -2.737919472614426444e-03 -2.737919472614426444e-03
2.680000000000000000e+02 -2.736271222651576185e-03 -2.736271222651576185e-03
2.700000000000000000e+02 -2.928448868487456593e-03 -2.928448868487456593e-03
2.720000000000000000e+02 -2.753024476971937390e-03 -2.753024476971937390e-03
2.740000000000000000e+02 -2.673159237016183194e-03 -2.673159237016183194e-03
2.760000000000000000e+02 -2.586664798576410098e-03 -2.586664798576410098e-03
2.780000000000000000e+02 -2.626150589920524161e-03 -2.626150589920524161e-03
2.800000000000000000e+02 -2.481135820982145312e-03 -2.481135820982145312e-03
2.820000000000000000e+02 -2.559514006198811142e-03 -2.559514006198811142e-03
2.840000000000000000e+02 -2.383683867480761425e-03 -2.383683867480761425e-03
2.860000000000000000e+02 -2.426564124489512860e-03 -2.426564124489512860e-03
2.880000000000000000e+02 -2.263904801727039534e-03 -2.263904801727039534e-03
2.900000000000000000e+02 -2.163174424092872711e-03 -2.163174424092872711e-03
2.920000000000000000e+02 -2.130868804654341159e-03 -2.130868804654341159e-03
2.940000000000000000e+02 -2.144167093195824096e-03 -2.144167093195824096e-03
2.960000000000000000e+02 -1.976600180736067837e-03 -1.976600180736067837e-03
2.980000000000000000e+02 -1.940996418582791646e-03 -1.940996418582791646e-03
3.000000000000000000e+02 -2.181292901470988609e-03 -2.181292901470988609e-03
3.020000000000000000e+02 -2.006965079431100030e-03 -2.006965079431100030e-03
3.040000000000000000e+02 -1.963909233974840598e-03 -1.963909233974840598e-03
3.060000000000000000e+02 -1.992984428347617520e-03 -1.992984428347617520e-03
3.080000000000000000e+02 -1.924378676607459322e-03 -1.924378676607459322e-03
3.100000000000000000e+02 -1.887652553585860392e-03 -1.887652553585860392e-03
3.120000000000000000e+02 -1.928209069661039913e-03 -1.928209069661039913e-03
3.140000000000000000e+02 -1.852617885062741174e-03 -1.852617885062741174e-03
3.160000000000000000e+02 -1.874960737563047264e-03 -1.874960737563047264e-03
3.180000000000000000e+02 -2.000639097125962024e-03 -2.000639097125962024e-03
3.200000000000000000e+02 -1.726000975178673376e-03 -1.726000975178673376e-03
3.220000000000000000e+02 -1.744924793203670409e-03 -1.744924793203670409e-03
3.240000000000000000e+02 -1.707503120862950696e-03 -1.707503120862950696e-03
3.260000000000000000e+02 -1.551870871817495699e-03 -1.551870871817495699e-03
3.280000000000000000e+02 -1.578839433008760859e-03 -1.578839433008760859e-03
3.300000000000000000e+02 -1.452697561332832402e-03 -1.452697561332832402e-03
3.320000000000000000e+02 -1.461961187085277728e-03 -1.461961187085277728e-03
3.340000000000000000e+02 -1.301448483343403684e-03 -1.301448483343403684e-03
3.360000000000000000e+02 -1.351404790427138515e-03 -1.351404790427138515e-03
3.380000000000000000e+02 -1.383633356701555444e-03 -1.383633356701555444e-03
3.400000000000000000e+02 -1.192442234892664502e-03 -1.192442234892664502e-03
3.420000000000000000e+02 -1.139459008818763212e-03 -1.139459008818763212e-03
3.440000000000000000e+02 -1.145457788586806865e-03 -1.145457788586806865e-03
3.460000000000000000e+02 -1.297009908559196420e-03 -1.297009908559196420e-03
3.480000000000000000e+02 -1.053474932009498431e-03 -1.053474932009498431e-03
3.500000000000000000e+02 -1.135397827341882732e-03 -1.135397827341882732e-03
3.520000000000000000e+02 -9.608543204957262305e-04 -9.608543204957262305e-04
3.540000000000000000e+02 -9.546117633628679921e-04 -9.546117633628679921e-04
3.560000000000000000e+02 -7.784565461649575139e-04 -7.784565461649575139e-04
3.580000000000000000e+02 -8.770163985104885993e-04 -8.770163985104885993e-04
3.600000000000000000e+02 -9.405404981439516700e-04 -9.405404981439516700e-04
3.620000000000000000e+02 -8.256115523287831538e-04 -8.256115523287831538e-04
3.640000000000000000e+02 -8.637810839448048722e-04 -8.637810839448048722e-04
3.660000000000000000e+02 -6.949123477460221942e-04 -6.949123477460221942e-04
3.680000000000000000e+02 -5.493734881489138961e-04 -5.493734881489138961e-04
3.700000000000000000e+02 -6.633163287919216977e-04 -6.633163287919216977e-04
3.720000000000000000e+02 -7.211013350402590248e-04 -7.211013350402590248e-04
3.740000000000000000e+02 -5.112203250889701218e-04 -5.112203250889701218e-04
3.760000000000000000e+02 -5.885511601531329259e-04 -5.885511601531329259e-04
3.780000000000000000e+02 -5.644010544701777909e-04 -5.644010544701777909e-04
3.800000000000000000e+02 -6.209446359710324654e-04 -6.209446359710324654e-04
3.820000000000000000e+02 -5.506006869041559990e-04 -5.506006869041559990e-04
3.840000000000000000e+02 -6.156538852808892542e-04 -6.156538852808892542e-04
3.860000000000000000e+02 -5.174288242299915569e-04 -5.174288242299915569e-04
3.880000000000000000e+02 -6.320989539851575717e-04 -6.320989539851575717e-04
3.900000000000000000e+02 -5.942709226780563958e-04 -5.942709226780563958e-04
3.920000000000000000e+02 -6.166815859839764030e-04 -6.166815859839764030e-04
3.940000000000000000e+02 -5.506392754867552725e-04 -5.506392754867552725e-04
3.960000000000000000e+02 -5.817297322144752633e-04 -5.817297322144752633e-04
3.980000000000000000e+02 -5.293168685622419304e-04 -5.293168685622419304e-04
4.000000000000000000e+02 -4.850205124523957454e-04 -4.850205124523957454e-04
4.020000000000000000e+02 -4.679610930428461878e-04 -4.679610930428461878e-04
4.040000000000000000e+02 -5.170311185624644696e-04 -5.170311185624644696e-04
4.060000000000000000e+02 -4.535146425000279209e-04 -4.535146425000279209e-04
4.080000000000000000e+02 -3.356995112813079395e-04 -3.356995112813079395e-04
4.100000000000000000e+02 -4.692050952910084192e-04 -4.692050952910084192e-04
4.120000000000000000e+02 -5.382639347991840031e-04 -5.382639347991840031e-04
4.140000000000000000e+02 -6.420145061360806342e-04 -6.420145061360806342e-04
4.160000000000000000e+02 -5.076371570155677757e-04 -5.076371570155677757e-04
4.180000000000000000e+02 -5.159708708892196075e-04 -5.159708708892196075e-04
4.200000000000000000e+02 -4.326051527564316588e-04 -4.326051527564316588e-04
4.220000000000000000e+02 -3.928650975126537679e-04 -3.928650975126537679e-04
4.240000000000000000e+02 -6.026156120678267903e-04 -6.026156120678267903e-04
4.260000000000000000e+02 -5.375704152841566906e-04 -5.375704152841566906e-04
4.280000000000000000e+02 -5.748965647358958301e-04 -5.748965647358958301e-04
4.300000000000000000e+02 -6.606550921348618155e-04 -6.606550921348618155e-04
4.320000000000000000e+02 -5.861196143517886968e-04 -5.861196143517886968e-04
4.340000000000000000e+02 -7.385233458700199514e-04 -7.385233458700199514e-04
4.360000000000000000e+02 -6.008386345277193447e-04 -6.008386345277193447e-04
4.380000000000000000e+02 -6.121749095889901168e-04 -6.121749095889901168e-04
4.400000000000000000e+02 -8.898674318368739004e-04 -8.898674318368739004e-04
4.420000000000000000e+02 -7.709383314289498064e-04 -7.709383314289498064e-04
4.440000000000000000e+02 -8.507493046218908995e-04 -8.507493046218908995e-04
4.460000000000000000e+02 -1.001345298592028546e-03 -1.001345298592028546e-03
4.480000000000000000e+02 -8.501671114611872651e-04 -8.501671114611872651e-04
4.500000000000000000e+02 -9.371780042119580304e-04 -9.371780042119580304e-04
4.520000000000000000e+02 -9.220075177328498342e-04 -9.220075177328498342e-04
4.540000000000000000e+02 -1.020166580542528848e-03 -1.020166580542528848e-03
4.560000000000000000e+02 -9.682963031346199451e-04 -9.682963031346199451e-04
4.580000000000000000e+02 -1.077807005825627594e-03 -1.077807005825627594e-03
4.600000000000000000e+02 -1.133617019682835831e-03 -1.133617019682835831e-03
4.620000000000000000e+02 -1.211393699811273011e-03 -1.211393699811273011e-03
4.640000000000000000e+02 -1.220278151438003401e-03 -1.220278151438003401e-03
4.660000000000000000e+02 -1.336297264794475154e-03 -1.336297264794475154e-03
4.680000000000000000e+02 -1.397544470957528531e-03 -1.397544470957528531e-03
4.700000000000000000e+02 -1.484260829951288951e-03 -1.484260829951288951e-03
4.720000000000000000e+02 -1.494153001899741666e-03 -1.494153001899741666e-03
4.740000000000000000e+02 -1.785569746828246469e-03 -1.785569746828246469e-03
4.760000000000000000e+02 -1.669113288859540951e-03 -1.669113288859540951e-03
4.780000000000000000e+02 -1.973503923282035610e-03 -1.973503923282035610e-03
4.800000000000000000e+02 -1.950390995257970418e-03 -1.950390995257970418e-03
4.820000000000000000e+02 -2.088420047918909846e-03 -2.088420047918909846e-03
4.840000000000000000e+02 -2.115874755153189773e-03 -2.115874755153189773e-03
4.860000000000000000e+02 -2.216319872356883793e-03 -2.216319872356883793e-03
4.880000000000000000e+02 -2.338769573874065547e-03 -2.338769573874065547e-03
4.900000000000000000e+02 -2.204964191329732669e-03 -2.204964191329732669e-03
4.920000000000000000e+02 -2.340008184012718016e-03 -2.340008184012718016e-03
4.940000000000000000e+02 -2.458304640345721024e-03 -2.458304640345721024e-03
4.960000000000000000e+02 -2.328309334440184942e-03 -2.328309334440184942e-03
4.980000000000000000e+02 -2.458012316839142467e-03 -2.458012316839142467e-03
5.000000000000000000e+02 -2.414516624746170393e-03 -2.414516624746170393e-03
