# delays[ps] delta_averaged scan 0
-2.000000000000000000e+01 -4.438619677075861399e-05 -4.438619677075861399e-05
-1.800000000000000000e+01 -1.115227278424670899e-04 -1.115227278424670899e-04
-1.600000000000000000e+01 -3.484000687218435894e-06 -3.484000687218435894e-06
-1.400000000000000000e+01 3.440514227241908598e-05 3.440514227241908598e-05
-1.200000000000000000e+01 8.720223785532276511e-06 8.720223785532276511e-06
-1.000000000000000000e+01 -8.226950899901808579e-05 -8.226950899901808579e-05
-8.000000000000000000e+00 -1.416016689665300369e-05 -1.416016689665300369e-05
-6.000000000000000000e+00 2.345105987341555801e-05 2.345105987341555801e-05
-4.000000000000000000e+00 -3.870953612930505235e-05 -3.870953612930505235e-05
-2.000000000000000000e+00 -1.791254530275543505e-05 -1.791254530275543505e-05
-1.899999999999999911e+00 -9.599220956558596597e-05 -9.599220956558596597e-05
-1.800000000000000044e+00 -5.183958663318421876e-05 -5.183958663318421876e-05
-1.699999999999999956e+00 -2.540907589113716879e-05 -2.540907589113716879e-05
-1.600000000000000089e+00 6.239384113570012390e-05 6.239384113570012390e-05
-1.500000000000000000e+00 -5.212078915192708273e-05 -5.212078915192708273e-05
-1.399999999999999911e+00 5.877564401218493540e-05 5.877564401218493540e-05
-1.300000000000000044e+00 1.305017341925407371e-05 1.305017341925407371e-05
-1.199999999999999956e+00 5.283649580230864308e-06 5.283649580230864308e-06
-1.100000000000000089e+00 -5.274230210894836972e-05 -5.274230210894836972e-05
-1.000000000000000000e+00 -5.814216109036074339e-05 -5.814216109036074339e-05
-9.000000000000000222e-01 4.587900271124312136e-05 4.587900271124312136e-05
-8.000000000000000444e-01 -3.775564920974116900e-05 -3.775564920974116900e-05
-6.999999999999999556e-01 7.998247118203160471e-05 7.998247118203160471e-05
-5.999999999999999778e-01 -2.220338637160679121e-05 -2.220338637160679121e-05
-5.000000000000000000e-01 2.738718392658567971e-05 2.738718392658567971e-05
-4.000000000000000222e-01 1.595277202325873279e-05 1.595277202325873279e-05
-2.999999999999999889e-01 -8.141680475406043622e-05 -8.141680475406043622e-05
-2.000000000000000111e-01 -2.902172913192668899e-05 -2.902172913192668899e-05
-1.000000000000000056e-01 -1.548546776670730696e-04 -1.548546776670730696e-04
-0.000000000000000000e+00 1.050749882339563411e-05 1.050749882339563411e-05
1.000000000000000056e-01 -6.245945926863483405e-05 -6.245945926863483405e-05
2.000000000000000111e-01 6.518470092358797426e-05 6.518470092358797426e-05
2.999999999999999889e-01 1.673387600252565998e-04 1.673387600252565998e-04
4.000000000000000222e-01 4.785197362323462505e-04 4.785197362323462505e-04
5.000000000000000000e-01 7.289068154293847990e-04 7.289068154293847990e-04
5.999999999999999778e-01 8.188232367007909022e-04 8.188232367007909022e-04
6.999999999999999556e-01 9.686228316243341045e-04 9.686228316243341045e-04
8.000000000000000444e-01 1.076004192542687286e-03 1.076004192542687286e-03
9.000000000000000222e-01 1.260394490286779025e-03 1.260394490286779025e-03
1.000000000000000000e+00 1.202781552454016984e-03 1.202781552454016984e-03
1.100000000000000089e+00 1.376033284202621103e-03 1.376033284202621103e-03
1.199999999999999956e+00 1.351902849889463154e-03 1.351902849889463154e-03
1.300000000000000044e+00 1.331592822504117915e-03 1.331592822504117915e-03
1.399999999999999911e+00 1.375942680429575321e-03 1.375942680429575321e-03
1.500000000000000000e+00 1.219395950683052968e-03 1.219395950683052968e-03
1.600000000000000089e+00 1.364278561051455963e-03 1.364278561051455963e-03
1.699999999999999956e+00 1.453527582650422732e-03 1.453527582650422732e-03
1.800000000000000044e+00 1.481723257834795726e-03 1.481723257834795726e-03
1.899999999999999911e+00 1.485672939504796390e-03 1.485672939504796390e-03
2.000000000000000000e+00 1.633208839882666812e-03 1.633208839882666812e-03
4.000000000000000000e+00 1.530037315146073234e-03 1.530037315146073234e-03
6.000000000000000000e+00 1.450361049116230669e-03 1.450361049116230669e-03
8.000000000000000000e+00 1.355016624861205866e-03 1.355016624861205866e-03
1.000000000000000000e+01 1.155113358061985156e-03 1.155113358061985156e-03
1.200000000000000000e+01 8.758647639352355610e-04 8.758647639352355610e-04
1.400000000000000000e+01 2.215952847915080254e-04 2.215952847915080254e-04
1.600000000000000000e+01 -2.340470127068606870e-04 -2.340470127068606870e-04
1.800000000000000000e+01 -8.074802096410604391e-04 -8.074802096410604391e-04
2.000000000000000000e+01 -1.021599115417915447e-03 -1.021599115417915447e-03
2.200000000000000000e+01 -1.280101662530234302e-03 -1.280101662530234302e-03
2.400000000000000000e+01 -1.402342306892055386e-03 -1.402342306892055386e-03
2.600000000000000000e+01 -1.551835563540265557e-03 -1.551835563540265557e-03
2.800000000000000000e+01 -1.475565098854634194e-03 -1.475565098854634194e-03
3.000000000000000000e+01 -1.597738780465685808e-03 -1.597738780465685808e-03
3.200000000000000000e+01 -1.706250796502764436e-03 -1.706250796502764436e-03
3.400000000000000000e+01 -1.729892401859319927e-03 -1.729892401859319927e-03
3.600000000000000000e+01 -1.750241445382155021e-03 -1.750241445382155021e-03
3.800000000000000000e+01 -1.692245225341471385e-03 -1.692245225341471385e-03
4.000000000000000000e+01 -1.573822922513584514e-03 -1.573822922513584514e-03
4.200000000000000000e+01 -1.334012184641343102e-03 -1.334012184641343102e-03
4.400000000000000000e+01 -1.231376165205447584e-03 -1.231376165205447584e-03
4.600000000000000000e+01 -1.226177660925322887e-03 -1.226177660925322887e-03
4.800000000000000000e+01 -1.155946658963246092e-03 -1.155946658963246092e-03
5.000000000000000000e+01 -1.207479071494022308e-03 -1.207479071494022308e-03
5.200000000000000000e+01 -1.090646471266498501e-03 -1.090646471266498501e-03
5.400000000000000000e+01 -1.095021479104846783e-03 -1.095021479104846783e-03
5.600000000000000000e+01 -9.676005846397795060e-04 -9.676005846397795060e-04
5.800000000000000000e+01 -9.574109409441511646e-04 -9.574109409441511646e-04
6.000000000000000000e+01 -9.789106218948656190e-04 -9.789106218948656190e-04
6.200000000000000000e+01 -8.758828395929375192e-04 -8.758828395929375192e-04
6.400000000000000000e+01 -7.745879062686082022e-04 -7.745879062686082022e-04
6.600000000000000000e+01 -8.394299947752076720e-04 -8.394299947752076720e-04
6.800000000000000000e+01 -8.792888884476776114e-04 -8.792888884476776114e-04
7.000000000000000000e+01 -8.307489791665309195e-04 -8.307489791665309195e-04
7.200000000000000000e+01 -8.742541204033179398e-04 -8.742541204033179398e-04
7.400000000000000000e+01 -8.728336119057466093e-04 -8.728336119057466093e-04
7.600000000000000000e+01 -7.375548402221881236e-04 -7.375548402221881236e-04
7.800000000000000000e+01 -8.251381293009072207e-04 -8.251381293009072207e-04
8.000000000000000000e+01 -8.319321144921831661e-04 -8.319321144921831661e-04
8.200000000000000000e+01 -8.049262193080423998e-04 -8.049262193080423998e-04
8.400000000000000000e+01 -7.213141366280486364e-04 -7.213141366280486364e-04
8.600000000000000000e+01 -7.702361396423222173e-04 -7.702361396423222173e-04
8.800000000000000000e+01 -5.566342686199766011e-04 -5.566342686199766011e-04
9.000000000000000000e+01 -4.519488369850995857e-04 -4.519488369850995857e-04
9.200000000000000000e+01 -5.946726887125006319e-04 -5.946726887125006319e-04
9.400000000000000000e+01 -8.529657026324189524e-04 -8.529657026324189524e-04
9.600000000000000000e+01 -8.511234700076761870e-04 -8.511234700076761870e-04
9.800000000000000000e+01 -1.044162574852742402e-03 -1.044162574852742402e-03
1.000000000000000000e+02 -1.025092811263026392e-03 -1.025092811263026392e-03
1.020000000000000000e+02 -1.088014915255909902e-03 -1.088014915255909902e-03
1.040000000000000000e+02 -1.160278081023933486e-03 -1.160278081023933486e-03
1.060000000000000000e+02 -1.219017818361692622e-03 -1.219017818361692622e-03
1.080000000000000000e+02 -1.239937139801365780e-03 -1.239937139801365780e-03
1.100000000000000000e+02 -1.303317823213216795e-03 -1.303317823213216795e-03
1.120000000000000000e+02 -1.279817730215371176e-03 -1.279817730215371176e-03
1.140000000000000000e+02 -1.400384739001639791e-03 -1.400384739001639791e-03
1.160000000000000000e+02 -1.430099754119175740e-03 -1.430099754119175740e-03
1.180000000000000000e+02 -1.434291590424430132e-03 -1.434291590424430132e-03
1.200000000000000000e+02 -1.553533858972249186e-03 -1.553533858972249186e-03
1.220000000000000000e+02 -1.516427587874058991e-03 -1.516427587874058991e-03
1.240000000000000000e+02 -1.714751631456440991e-03 -1.714751631456440991e-03
1.260000000000000000e+02 -1.818191353029488706e-03 -1.818191353029488706e-03
1.280000000000000000e+02 -1.828575946268621655e-03 -1.828575946268621655e-03
1.300000000000000000e+02 -1.896157097448104801e-03 -1.896157097448104801e-03
1.320000000000000000e+02 -1.896358181222735067e-03 -1.896358181222735067e-03
1.340000000000000000e+02 -1.786551799545757014e-03 -1.786551799545757014e-03
1.360000000000000000e+02 -1.710665827114757646e-03 -1.710665827114757646e-03
1.380000000000000000e+02 -1.615412239858886540e-03 -1.615412239858886540e-03
1.400000000000000000e+02 -1.589095183491091683e-03 -1.589095183491091683e-03
1.420000000000000000e+02 -1.508014449415678729e-03 -1.508014449415678729e-03
1.440000000000000000e+02 -1.432407365721426792e-03 -1.432407365721426792e-03
1.460000000000000000e+02 -1.410538335731870065e-03 -1.410538335731870065e-03
1.480000000000000000e+02 -1.246993003500783490e-03 -1.246993003500783490e-03
1.500000000000000000e+02 -1.362176021903810244e-03 -1.362176021903810244e-03
1.520000000000000000e+02 -1.337566720020834724e-03 -1.337566720020834724e-03
1.540000000000000000e+02 -1.209340599809549405e-03 -1.209340599809549405e-03
1.560000000000000000e+02 -1.300471691598341188e-03 -1.300471691598341188e-03
1.580000000000000000e+02 -1.394565239729839232e-03 -1.394565239729839232e-03
1.600000000000000000e+02 -1.220594559362665537e-03 -1.220594559362665537e-03
1.620000000000000000e+02 -1.302380256026416765e-03 -1.302380256026416765e-03
1.640000000000000000e+02 -1.230988578386395119e-03 -1.230988578386395119e-03
1.660000000000000000e+02 -1.252328903967860453e-03 -1.252328903967860453e-03
1.680000000000000000e+02 -1.190681490750336059e-03 -1.190681490750336059e-03
1.700000000000000000e+02 -1.198977084711285671e-03 -1.198977084711285671e-03
1.720000000000000000e+02 -1.202181164148823740e-03 -1.202181164148823740e-03
1.740000000000000000e+02 -1.051746664107196857e-03 -1.051746664107196857e-03
1.760000000000000000e+02 -1.028114497016412729e-03 -1.028114497016412729e-03
1.780000000000000000e+02 -1.051171568043755312e-03 -1.051171568043755312e-03
1.800000000000000000e+02 -1.063092658623322620e-03 -1.063092658623322620e-03
1.820000000000000000e+02 -1.029791902796660299e-03 -1.029791902796660299e-03
1.840000000000000000e+02 -9.922507517424021279e-04 -9.922507517424021279e-04
1.860000000000000000e+02 -1.209720647641030497e-03 -1.209720647641030497e-03
1.880000000000000000e+02 -1.125701378307142559e-03 -1.125701378307142559e-03
1.900000000000000000e+02 -1.119134518473612061e-03 -1.119134518473612061e-03
1.920000000000000000e+02 -1.128355694060003854e-03 -1.128355694060003854e-03
1.940000000000000000e+02 -1.055671207779434280e-03 -1.055671207779434280e-03
1.960000000000000000e+02 -9.587810713189638852e-04 -9.587810713189638852e-04
1.980000000000000000e+02 -7.986069821554520097e-04 -7.986069821554520097e-04
2.000000000000000000e+02 -7.601202807873260955e-04 -7.601202807873260955e-04
2.020000000000000000e+02 -7.719646588743695435e-04 -7.719646588743695435e-04
2.040000000000000000e+02 -7.776730320319283178e-04 -7.776730320319283178e-04
2.060000000000000000e+02 -8.655085403994666792e-04 -8.655085403994666792e-04
2.080000000000000000e+02 -9.229891712384821973e-04 -9.229891712384821973e-04
2.100000000000000000e+02 -9.824620614382927400e-04 -9.824620614382927400e-04
2.120000000000000000e+02 -1.104203436554942802e-03 -1.104203436554942802e-03
2.140000000000000000e+02 -1.208470289274580535e-03 -1.208470289274580535e-03
2.160000000000000000e+02 -1.229553087340285161e-03 -1.229553087340285161e-03
2.180000000000000000e+02 -1.249921806798365937e-03 -1.249921806798365937e-03
2.200000000000000000e+02 -1.297683161727133201e-03 -1.297683161727133201e-03
2.220000000000000000e+02 -1.529692074531285471e-03 -1.529692074531285471e-03
2.240000000000000000e+02 -1.408326835628375849e-03 -1.408326835628375849e-03
2.260000000000000000e+02 -1.447940049383110656e-03 -1.447940049383110656e-03
2.280000000000000000e+02 -1.419499801058808760e-03 -1.419499801058808760e-03
2.300000000000000000e+02 -1.430978453886518282e-03 -1.430978453886518282e-03
2.320000000000000000e+02 -1.511176180653447205e-03 -1.511176180653447205e-03
2.340000000000000000e+02 -1.555203856429965151e-03 -1.555203856429965151e-03
2.360000000000000000e+02 -1.525220542727234122e-03 -1.525220542727234122e-03
2.380000000000000000e+02 -1.541022712875724562e-03 -1.541022712875724562e-03
2.400000000000000000e+02 -1.602969595803996295e-03 -1.602969595803996295e-03
2.420000000000000000e+02 -1.604377328143260758e-03 -1.604377328143260758e-03
2.440000000000000000e+02 -1.555491868150673737e-03 -1.555491868150673737e-03
2.460000000000000000e+02 -1.472457881526041549e-03 -1.472457881526041549e-03
2.480000000000000000e+02 -1.436729770472135832e-03 -1.436729770472135832e-03
2.500000000000000000e+02 -1.472296077431574932e-03 -1.472296077431574932e-03
2.520000000000000000e+02 -1.529795882292875287e-03 -1.529795882292875287e-03
2.540000000000000000e+02 -1.519342992232686988e-03 -1.519342992232686988e-03
2.560000000000000000e+02 -1.456952866477741410e-03 -1.456952866477741410e-03
2.580000000000000000e+02 -1.521962507420183529e-03 -1.521962507420183529e-03
2.600000000000000000e+02 -1.504587004096456836e-03 -1.504587004096456836e-03
2.620000000000000000e+02 -1.415425186673424434e-03 -1.415425186673424434e-03
2.640000000000000000e+02 -1.499963393819291188e-03 -1.499963393819291188e-03
2.660000000000000000e+02 -1.412381425338238685e-03 -1.412381425338238685e-03
2.680000000000000000e+02 -1.518714670170816846e-03 -1.518714670170816846e-03
2.700000000000000000e+02 -1.577129900341383510e-03 -1.577129900341383510e-03
2.720000000000000000e+02 -1.640778812995723765e-03 -1.640778812995723765e-03
2.740000000000000000e+02 -1.534390859618612463e-03 -1.534390859618612463e-03
2.760000000000000000e+02 -1.423147072673861544e-03 -1.423147072673861544e-03
2.780000000000000000e+02 -1.382380347713564649e-03 -1.382380347713564649e-03
2.800000000000000000e+02 -1.505126890731274840e-03 -1.505126890731274840e-03
2.820000000000000000e+02 -1.443398150967830935e-03 -1.443398150967830935e-03
2.840000000000000000e+02 -1.289502292813984310e-03 -1.289502292813984310e-03
2.860000000000000000e+02 -1.302711980719250184e-03 -1.302711980719250184e-03
2.880000000000000000e+02 -1.258865597105860053e-03 -1.258865597105860053e-03
2.900000000000000000e+02 -1.152083514730440055e-03 -1.152083514730440055e-03
2.920000000000000000e+02 -1.107352810007431604e-03 -1.107352810007431604e-03
2.940000000000000000e+02 -1.184873887246506215e-03 -1.184873887246506215e-03
2.960000000000000000e+02 -1.092688355647344770e-03 -1.092688355647344770e-03
2.980000000000000000e+02 -1.112580931077357307e-03 -1.112580931077357307e-03
3.000000000000000000e+02 -1.014501872558977880e-03 -1.014501872558977880e-03
3.020000000000000000e+02 -8.757917743046131614e-04 -8.757917743046131614e-04
3.040000000000000000e+02 -9.409058433310496516e-04 -9.409058433310496516e-04
3.060000000000000000e+02 -8.684772233756734129e-04 -8.684772233756734129e-04
3.080000000000000000e+02 -8.218573446025672410e-04 -8.218573446025672410e-04
3.100000000000000000e+02 -1.016802884325694297e-03 -1.016802884325694297e-03
3.120000000000000000e+02 -8.926839460393375981e-04 -8.926839460393375981e-04
3.140000000000000000e+02 -9.414460659581052682e-04 -9.414460659581052682e-04
3.160000000000000000e+02 -9.424926299940336811e-04 -9.424926299940336811e-04
3.180000000000000000e+02 -9.065125336947749482e-04 -9.065125336947749482e-04
3.200000000000000000e+02 -8.101420552088864227e-04 -8.101420552088864227e-04
3.220000000000000000e+02 -7.607557457658758147e-04 -7.607557457658758147e-04
3.240000000000000000e+02 -5.713075420043930378e-04 -5.713075420043930378e-04
3.260000000000000000e+02 -6.077485397755236175e-04 -6.077485397755236175e-04
3.280000000000000000e+02 -6.001211149620485708e-04 -6.001211149620485708e-04
3.300000000000000000e+02 -4.860181353129872225e-04 -4.860181353129872225e-04
3.320000000000000000e+02 -4.544621986406867310e-04 -4.544621986406867310e-04
3.340000000000000000e+02 -3.725239629812677903e-04 -3.725239629812677903e-04
3.360000000000000000e+02 -4.343328770283321210e-04 -4.343328770283321210e-04
3.380000000000000000e+02 -2.003440661697638463e-04 -2.003440661697638463e-04
3.400000000000000000e+02 -2.488421067443417054e-04 -2.488421067443417054e-04
3.420000000000000000e+02 -1.842557291881817907e-04 -1.842557291881817907e-04
3.440000000000000000e+02 -5.382091863947269472e-05 -5.382091863947269472e-05
3.460000000000000000e+02 -1.097536588780213606e-04 -1.097536588780213606e-04
3.480000000000000000e+02 -4.661832008974509426e-05 -4.661832008974509426e-05
3.500000000000000000e+02 -1.051980136520731563e-04 -1.051980136520731563e-04
3.520000000000000000e+02 1.583637847471186614e-05 1.583637847471186614e-05
3.540000000000000000e+02 -3.095337466978043020e-05 -3.095337466978043020e-05
3.560000000000000000e+02 1.677437228467326552e-05 1.677437228467326552e-05
3.580000000000000000e+02 5.259194467386763293e-05 5.259194467386763293e-05
3.600000000000000000e+02 1.764800230092096272e-04 1.764800230092096272e-04
3.620000000000000000e+02 2.458751716476610368e-04 2.458751716476610368e-04
3.640000000000000000e+02 2.162615297497237784e-04 2.162615297497237784e-04
3.660000000000000000e+02 1.835875159937663261e-04 1.835875159937663261e-04
3.680000000000000000e+02 2.773565849583263846e-04 2.773565849583263846e-04
3.700000000000000000e+02 3.353761837390369744e-04 3.353761837390369744e-04
3.720000000000000000e+02 3.497806184268411516e-04 3.497806184268411516e-04
3.740000000000000000e+02 3.347621322942929837e-04 3.347621322942929837e-04
3.760000000000000000e+02 3.758521089072822596e-04 3.758521089072822596e-04
3.780000000000000000e+02 4.737952338425637476e-04 4.737952338425637476e-04
3.800000000000000000e+02 3.573212385056744283e-04 3.573212385056744283e-04
3.820000000000000000e+02 4.272862212617808443e-04 4.272862212617808443e-04
3.840000000000000000e+02 4.760962744096070877e-04 4.760962744096070877e-04
3.860000000000000000e+02 4.628391697352100907e-04 4.628391697352100907e-04
3.880000000000000000e+02 3.921320249613570431e-04 3.921320249613570431e-04
3.900000000000000000e+02 4.495094880664771619e-04 4.495094880664771619e-04
3.920000000000000000e+02 4.159520535284123659e-04 4.159520535284123659e-04
3.940000000000000000e+02 4.505086237352098205e-04 4.505086237352098205e-04
3.960000000000000000e+02 3.940955996008855579e-04 3.940955996008855579e-04
3.980000000000000000e+02 4.279867474582853618e-04 4.279867474582853618e-04
4.000000000000000000e+02 4.761325287227353943e-04 4.761325287227353943e-04
4.020000000000000000e+02 5.231888533279954560e-04 5.231888533279954560e-04
4.040000000000000000e+02 4.939315186489331251e-04 4.939315186489331251e-04
4.060000000000000000e+02 4.738305854748182662e-04 4.738305854748182662e-04
4.080000000000000000e+02 5.296689431619274217e-04 5.296689431619274217e-04
4.100000000000000000e+02 4.460647626058797887e-04 4.460647626058797887e-04
4.120000000000000000e+02 5.557107699976925096e-04 5.557107699976925096e-04
4.140000000000000000e+02 4.301390010340090425e-04 4.301390010340090425e-04
4.160000000000000000e+02 3.814292691668443817e-04 3.814292691668443817e-04
4.180000000000000000e+02 4.719017543145515156e-04 4.719017543145515156e-04
4.200000000000000000e+02 4.946395993112441374e-04 4.946395993112441374e-04
4.220000000000000000e+02 4.124761391887889119e-04 4.124761391887889119e-04
4.240000000000000000e+02 4.557448650319567696e-04 4.557448650319567696e-04
4.260000000000000000e+02 3.002272607878988414e-04 3.002272607878988414e-04
4.280000000000000000e+02 2.877469358094447661e-04 2.877469358094447661e-04
4.300000000000000000e+02 3.415795630450329102e-04 3.415795630450329102e-04
4.320000000000000000e+02 3.329768865047309160e-04 3.329768865047309160e-04
4.340000000000000000e+02 3.139769119299684868e-04 3.139769119299684868e-04
4.360000000000000000e+02 1.710331049277280600e-04 1.710331049277280600e-04
4.380000000000000000e+02 2.265937092742199540e-04 2.265937092742199540e-04
4.400000000000000000e+02 1.550039665841008649e-04 1.550039665841008649e-04
4.420000000000000000e+02 1.019873291945424593e-04 1.019873291945424593e-04
4.440000000000000000e+02 1.935199414130848181e-04 1.935199414130848181e-04
4.460000000000000000e+02 2.607651659618246201e-04 2.607651659618246201e-04
4.480000000000000000e+02 1.414109631369468950e-04 1.414109631369468950e-04
4.500000000000000000e+02 3.531326511848764812e-05 3.531326511848764812e-05
4.520000000000000000e+02 2.284240488410005531e-05 2.284240488410005531e-05
4.540000000000000000e+02 -1.338479893747368455e-05 -1.338479893747368455e-05
4.560000000000000000e+02 -4.391579768730391491e-05 -4.391579768730391491e-05
4.580000000000000000e+02 -9.424818676251511720e-05 -9.424818676251511720e-05
4.600000000000000000e+02 -1.034074252388469370e-04 -1.034074252388469370e-04
4.620000000000000000e+02 -9.410112188288677121e-05 -9.410112188288677121e-05
4.640000000000000000e+02 -1.844174508942851857e-04 -1.844174508942851857e-04
4.660000000000000000e+02 -2.148335006585606649e-04 -2.148335006585606649e-04
4.680000000000000000e+02 -3.229179704758535809e-04 -3.229179704758535809e-04
4.700000000000000000e+02 -4.149583985642580882e-04 -4.149583985642580882e-04
4.720000000000000000e+02 -5.386712432622672159e-04 -5.386712432622672159e-04
4.740000000000000000e+02 -5.447376654203312484e-04 -5.447376654203312484e-04
4.760000000000000000e+02 -6.887689263066821589e-04 -6.887689263066821589e-04
4.780000000000000000e+02 -8.466885690346702496e-04 -8.466885690346702496e-04
4.800000000000000000e+02 -9.577022937967458833e-04 -9.577022937967458833e-04
4.820000000000000000e+02 -9.826304975019573441e-04 -9.826304975019573441e-04
4.840000000000000000e+02 -1.028839412474589349e-03 -1.028839412474589349e-03
4.860000000000000000e+02 -1.104832875565135188e-03 -1.104832875565135188e-03
4.880000000000000000e+02 -1.173947342612694346e-03 -1.173947342612694346e-03
4.900000000000000000e+02 -1.131110147827903405e-03 -1.131110147827903405e-03
4.920000000000000000e+02 -1.209937456913772131e-03 -1.209937456913772131e-03
4.940000000000000000e+02 -1.331345584906023843e-03 -1.331345584906023843e-03
4.960000000000000000e+02 -1.198118184650979372e-03 -1.198118184650979372e-03
4.980000000000000000e+02 -1.292324790473125835e-03 -1.292324790473125835e-03
5.000000000000000000e+02 -1.206936161491177668e-03 -1.206936161491177668e-03
