# delays[ps] pumped_signal, blocked_signal, pumped_reference, blocked_reference
-2.000000000000000000e+01 1.681759850313818472e+00 1.682800133220406780e+00 6.561119785131815263e+00 6.564864315897337654e+00
-1.800000000000000000e+01 1.679671356889540279e+00 1.680172239721675398e+00 6.553935662050487387e+00 6.555171023239282135e+00
-1.600000000000000000e+01 1.682354263337729749e+00 1.683243840936238911e+00 6.562922340362487894e+00 6.566364815823645174e+00
-1.400000000000000000e+01 1.678214832662498379e+00 1.678069332397331914e+00 6.553270771565458119e+00 6.552916106206670754e+00
-1.200000000000000000e+01 1.684234956479060186e+00 1.684351628947881041e+00 6.571855291832313206e+00 6.572357780960816243e+00
-1.000000000000000000e+01 1.678076539410970236e+00 1.678838393816227015e+00 6.546492407452773499e+00 6.548915724765425495e+00
-8.000000000000000000e+00 1.678125626682728688e+00 1.677419826245477807e+00 6.548338683996933085e+00 6.545470847790655355e+00
-6.000000000000000000e+00 1.674558187543754295e+00 1.674821561369365552e+00 6.533175588086196584e+00 6.534348165173631706e+00
-4.000000000000000000e+00 1.677783937278215287e+00 1.676870016170855626e+00 6.545799168205054031e+00 6.541984327299005919e+00
-2.000000000000000000e+00 1.676448890198448893e+00 1.677341590807343463e+00 6.542309765944726685e+00 6.545662874082620597e+00
-1.899999999999999911e+00 1.679579668516261393e+00 1.679372188444053782e+00 6.552926119287787010e+00 6.551484390387114942e+00
-1.800000000000000044e+00 1.678099841793531111e+00 1.678102564439022615e+00 6.548882972613790265e+00 6.548536395954974054e+00
-1.699999999999999956e+00 1.680240145214847214e+00 1.680792197431542734e+00 6.555995108366119872e+00 6.557964708573445378e+00
-1.600000000000000089e+00 1.682614514264774375e+00 1.682323834019367137e+00 6.565115120087988920e+00 6.564383846513286436e+00
-1.500000000000000000e+00 1.682050850824293731e+00 1.682342492005407752e+00 6.564401782748118030e+00 6.565187670295777878e+00
-1.399999999999999911e+00 1.684516187606515114e+00 1.684416331339569251e+00 6.572393256360661518e+00 6.572377641263833503e+00
-1.300000000000000044e+00 1.687432519185475543e+00 1.686337863837910955e+00 6.583684107243387373e+00 6.579500827045989375e+00
-1.199999999999999956e+00 1.685683392884308018e+00 1.685051743932683310e+00 6.577335515854477954e+00 6.574900662081259561e+00
-1.100000000000000089e+00 1.680668798548410559e+00 1.681278746480266761e+00 6.557869421587860792e+00 6.559918773051022889e+00
-1.000000000000000000e+00 1.682822554828554695e+00 1.682865155887748099e+00 6.566920080160230100e+00 6.566696901771525319e+00
-9.000000000000000222e-01 1.683722382309655652e+00 1.683308463267807920e+00 6.569316815597581183e+00 6.567997930133326001e+00
-8.000000000000000444e-01 1.680835439108026019e+00 1.680185452453216488e+00 6.559048004243081209e+00 6.556263367750828408e+00
-6.999999999999999556e-01 1.682700997615760974e+00 1.681594090481386417e+00 6.565323401569048478e+00 6.561506559839021868e+00
-5.999999999999999778e-01 1.680266650753862168e+00 1.679750152794059037e+00 6.555727406475402752e+00 6.553560091918398278e+00
-5.000000000000000000e-01 1.681174165687040034e+00 1.681703956418432400e+00 6.560138348852611934e+00 6.562395188106728838e+00
-4.000000000000000222e-01 1.686757628520893615e+00 1.685807432461325694e+00 6.581570525031130714e+00 6.577963888298779871e+00
-2.999999999999999889e-01 1.682079198194006198e+00 1.683483832349721210e+00 6.562565595244325145e+00 6.567493919604774355e+00
-2.000000000000000111e-01 1.687150887628607210e+00 1.686240650099264382e+00 6.583081677027159628e+00 6.579337146400350278e+00
-1.000000000000000056e-01 1.682761616077964817e+00 1.684934751130909625e+00 6.567037314332448972e+00 6.574485856644112225e+00
-0.000000000000000000e+00 1.678294669646514192e+00 1.677946253753468620e+00 6.550670557040364272e+00 6.549370890164796677e+00
1.000000000000000056e-01 1.676447448759223580e+00 1.674709293095742124e+00 6.542909867570089411e+00 6.535708528901341907e+00
2.000000000000000111e-01 1.680309732262754263e+00 1.679322860893301517e+00 6.557836661501212028e+00 6.554388742453558514e+00
2.999999999999999889e-01 1.678592316556956954e+00 1.680042915019098970e+00 6.549897640831895629e+00 6.556647741346152358e+00
4.000000000000000222e-01 1.680519934924209036e+00 1.680046118132261679e+00 6.554988044453333274e+00 6.556274098719013566e+00
5.000000000000000000e-01 1.677397724929899692e+00 1.675936075817125337e+00 6.543013811564991400e+00 6.542065768419095484e+00
5.999999999999999778e-01 1.678775453161456488e+00 1.676756226460593968e+00 6.547600283729662962e+00 6.545083268061772763e+00
6.999999999999999556e-01 1.677858969564465452e+00 1.676630104882002925e+00 6.542074733547769583e+00 6.543606709309948144e+00
8.000000000000000444e-01 1.682933301589802699e+00 1.681945789551161807e+00 6.560376498839859849e+00 6.563581383781406764e+00
9.000000000000000222e-01 1.683751210124277531e+00 1.680684653728110378e+00 6.562443795175935790e+00 6.558749392292731351e+00
1.000000000000000000e+00 1.682953961541809429e+00 1.682078637660444631e+00 6.558389123357202699e+00 6.562859001646923929e+00
1.100000000000000089e+00 1.688629673292289635e+00 1.686123657323516101e+00 6.580831722890610358e+00 6.580095726841065584e+00
1.199999999999999956e+00 1.685316238896205743e+00 1.682331841731618205e+00 6.568564961973938132e+00 6.565779847181308249e+00
1.300000000000000044e+00 1.685153682248724083e+00 1.683367640313953917e+00 6.567403834556194475e+00 6.569177720375786400e+00
1.399999999999999911e+00 1.685511707375736412e+00 1.684168812716528629e+00 6.567512978317107120e+00 6.571306196715619663e+00
1.500000000000000000e+00 1.682769223417414750e+00 1.680691380196304596e+00 6.557383420968410093e+00 6.557278997506981177e+00
1.600000000000000089e+00 1.681581358230475054e+00 1.680155984099136024e+00 6.552282687655390347e+00 6.555655899125264696e+00
1.699999999999999956e+00 1.685992170573787696e+00 1.682407034257768830e+00 6.567804622295965622e+00 6.563353003171896738e+00
1.800000000000000044e+00 1.685553267440687453e+00 1.683636059121174089e+00 6.567300210700341978e+00 6.569539355019214710e+00
1.899999999999999911e+00 1.684291090600742891e+00 1.683250006908885599e+00 6.561982545105551345e+00 6.567662723191127760e+00
2.000000000000000000e+00 1.684550300506316267e+00 1.680716844777241370e+00 6.562214932093413111e+00 6.557972635977452391e+00
4.000000000000000000e+00 1.681493593603267112e+00 1.678277372952301949e+00 6.551158871129683092e+00 6.548621838461638589e+00
6.000000000000000000e+00 1.679962437491790750e+00 1.679395170556857275e+00 6.546259616260364567e+00 6.553541192857884390e+00
8.000000000000000000e+00 1.684340498242916873e+00 1.681502962642961396e+00 6.563311921817748917e+00 6.561126910856962091e+00
1.000000000000000000e+01 1.681094408788681660e+00 1.681847775085969721e+00 6.553680531523339070e+00 6.564184773811230222e+00
1.200000000000000000e+01 1.683172171877972190e+00 1.682154150411806270e+00 6.562690114842982148e+00 6.564458477930896763e+00
1.400000000000000000e+01 1.678562928251866815e+00 1.678033377728230802e+00 6.548928457495229338e+00 6.548306811474191136e+00
1.600000000000000000e+01 1.675948087332826519e+00 1.675892834060169312e+00 6.541874617759385835e+00 6.540116983716317556e+00
1.800000000000000000e+01 1.671417239335098781e+00 1.673561226257052059e+00 6.526313688781709033e+00 6.529401577923917621e+00
2.000000000000000000e+01 1.672566427250483656e+00 1.673029433616849415e+00 6.532186936665695498e+00 6.527311302982877983e+00
2.200000000000000000e+01 1.672057216334578600e+00 1.673998848178686272e+00 6.532683740883958201e+00 6.531892007887776685e+00
2.400000000000000000e+01 1.674220101483868905e+00 1.678140360876754889e+00 6.542640167593959610e+00 6.548739393791780827e+00
2.600000000000000000e+01 1.677484848895046454e+00 1.680056608277954444e+00 6.556386528588605600e+00 6.556234301938669518e+00
2.800000000000000000e+01 1.676361766177111745e+00 1.678365938361163323e+00 6.550796519150766883e+00 6.548921412057286062e+00
3.000000000000000000e+01 1.678138198764520306e+00 1.681349694856113741e+00 6.560471952080409785e+00 6.562498166090310114e+00
3.200000000000000000e+01 1.679130195151454563e+00 1.682573674890738058e+00 6.564360626149364109e+00 6.566584312682387292e+00
3.400000000000000000e+01 1.678556602212296189e+00 1.683976467296220969e+00 6.561475335711727475e+00 6.571262154623355833e+00
3.600000000000000000e+01 1.679852091104587553e+00 1.682430256646896494e+00 6.567274426985286517e+00 6.565826215015229117e+00
3.800000000000000000e+01 1.677078777452981839e+00 1.681332718520641700e+00 6.555970045383623379e+00 6.561460596619392405e+00
4.000000000000000000e+01 1.677144921233409303e+00 1.679552922687689298e+00 6.554987648239370301e+00 6.554057218999270518e+00
4.200000000000000000e+01 1.677266478379791703e+00 1.678924076435827084e+00 6.555543707537593079e+00 6.553244826800941780e+00
4.400000000000000000e+01 1.677076375107858341e+00 1.678993663494497079e+00 6.553604376768926265e+00 6.553004270611824111e+00
4.600000000000000000e+01 1.676968431020567474e+00 1.678604568417358278e+00 6.552544221445898209e+00 6.550878200147749908e+00
4.800000000000000000e+01 1.678293548558973169e+00 1.679564133490293543e+00 6.557387986638753219e+00 6.554754538664037788e+00
5.000000000000000000e+01 1.674041128937909795e+00 1.676754705011829438e+00 6.541202045223259987e+00 6.543867924278922388e+00
5.200000000000000000e+01 1.674449682812872542e+00 1.676523201796915830e+00 6.541763392260776300e+00 6.542710874046019143e+00
5.400000000000000000e+01 1.672972338538387227e+00 1.675698086308780699e+00 6.536699573977397648e+00 6.540171997304497609e+00
5.600000000000000000e+01 1.674145149205536809e+00 1.675099108927876168e+00 6.541399596407432071e+00 6.538773358549348380e+00
5.800000000000000000e+01 1.677462106992735569e+00 1.679419754507810891e+00 6.552535735625816926e+00 6.553791454348545820e+00
6.000000000000000000e+01 1.677261833903124222e+00 1.678941933652929208e+00 6.553432769338876973e+00 6.553561936364036278e+00
6.200000000000000000e+01 1.678436406280238824e+00 1.679413348095062597e+00 6.558176755443899886e+00 6.556243829070718121e+00
6.400000000000000000e+01 1.680014727863467172e+00 1.681178329651769054e+00 6.563219190085413324e+00 6.562680024124596834e+00
6.600000000000000000e+01 1.682040921285176349e+00 1.682816949430761211e+00 6.569711522566949569e+00 6.567217971007507593e+00
6.800000000000000000e+01 1.683372284794891538e+00 1.684976551405692691e+00 6.574673399691741693e+00 6.575138091140440899e+00
7.000000000000000000e+01 1.681688261245367855e+00 1.682022903930600721e+00 6.568040850080007154e+00 6.563864542034995253e+00
7.200000000000000000e+01 1.679496628397048275e+00 1.680833196945492380e+00 6.560029040900255737e+00 6.559499164274593674e+00
7.400000000000000000e+01 1.678852167073369817e+00 1.679276736415928228e+00 6.557753781058577758e+00 6.553685976864421114e+00
7.600000000000000000e+01 1.678420070544753839e+00 1.678468917641558145e+00 6.556832645888680311e+00 6.552166416116985026e+00
7.800000000000000000e+01 1.676875781742201532e+00 1.677858329005736282e+00 6.552066638656319775e+00 6.550481013883531212e+00
8.000000000000000000e+01 1.675715142777865818e+00 1.676549787474311826e+00 6.546754096836915338e+00 6.544547948632311929e+00
8.200000000000000000e+01 1.673973303557015457e+00 1.675251335669724506e+00 6.540655032020823434e+00 6.540365469880958571e+00
8.400000000000000000e+01 1.677645563846842380e+00 1.678466755549553824e+00 6.554144423235586103e+00 6.552614452633151565e+00
8.600000000000000000e+01 1.679485337520602473e+00 1.683318713118212573e+00 6.559800498642225364e+00 6.569700067826451217e+00
8.800000000000000000e+01 1.679290189339353478e+00 1.679096642796610306e+00 6.557701168680085679e+00 6.553272053233322403e+00
9.000000000000000000e+01 1.681239508685419048e+00 1.681882768828173003e+00 6.565669262390992245e+00 6.565195359602394198e+00
9.200000000000000000e+01 1.680752879476407280e+00 1.682487351672910858e+00 6.562899197060949597e+00 6.565752061594007927e+00
9.400000000000000000e+01 1.678190409113560211e+00 1.679532663135229642e+00 6.555789627425149035e+00 6.555418384855114411e+00
9.600000000000000000e+01 1.674821881620651265e+00 1.675683111985872609e+00 6.543198390277326304e+00 6.540977670726078941e+00
9.800000000000000000e+01 1.676371535603736973e+00 1.676839026276315092e+00 6.549634426516290020e+00 6.544602398493347017e+00
1.000000000000000000e+02 1.676716668340527239e+00 1.678047551376376845e+00 6.551660962724486836e+00 6.550131549597807634e+00
1.020000000000000000e+02 1.677108085680856009e+00 1.678168948462499976e+00 6.551288198260845519e+00 6.548286233732756756e+00
1.040000000000000000e+02 1.674663729149321156e+00 1.677356485179621437e+00 6.542327460955344343e+00 6.545230853891997214e+00
1.060000000000000000e+02 1.673985795592709547e+00 1.676063398552820605e+00 6.540816709190528044e+00 6.540937707859778349e+00
1.080000000000000000e+02 1.670163150366603677e+00 1.670798643005964923e+00 6.527030871823499503e+00 6.521414595225121680e+00
1.100000000000000000e+02 1.672386814103971497e+00 1.675549062671090494e+00 6.535351623124517673e+00 6.539168460974260633e+00
1.120000000000000000e+02 1.673247403743708617e+00 1.675691199715196422e+00 6.537864471358493468e+00 6.539022799878279280e+00
1.140000000000000000e+02 1.670823546970172657e+00 1.674811631783515109e+00 6.530501211316095400e+00 6.536896168628059556e+00
1.160000000000000000e+02 1.674016545216625129e+00 1.675064515560570788e+00 6.543135048405431142e+00 6.537840367802746577e+00
1.180000000000000000e+02 1.677408775554814380e+00 1.678835190769117247e+00 6.557262342701220881e+00 6.553407867807135467e+00
1.200000000000000000e+02 1.673541206998790276e+00 1.676643157477799351e+00 6.542252750809884887e+00 6.544183352344345117e+00
1.220000000000000000e+02 1.675831895374605640e+00 1.679644290755950342e+00 6.550579108720950394e+00 6.555530494597580748e+00
1.240000000000000000e+02 1.673381052619608012e+00 1.675289052070104034e+00 6.542679968559400372e+00 6.538901805753053686e+00
1.260000000000000000e+02 1.674274794199349436e+00 1.676280487815377418e+00 6.546538928115216649e+00 6.542443654311441925e+00
1.280000000000000000e+02 1.671239067725884597e+00 1.674325643222239091e+00 6.534302288880289744e+00 6.534430722371883604e+00
1.300000000000000000e+02 1.673398109001287493e+00 1.675739326096330473e+00 6.543082597064159955e+00 6.539802519312414297e+00
1.320000000000000000e+02 1.670781746660286116e+00 1.674132096617285015e+00 6.533140503597572035e+00 6.533815001220502516e+00
1.340000000000000000e+02 1.670943262402553975e+00 1.672097895544709889e+00 6.532679896648812878e+00 6.525503459938557071e+00
1.360000000000000000e+02 1.672600139726674540e+00 1.676418941315121813e+00 6.539628350443671856e+00 6.543330280265252874e+00
1.380000000000000000e+02 1.670136244373932488e+00 1.672326596020888623e+00 6.530173772439113122e+00 6.528163412864465442e+00
1.400000000000000000e+02 1.672890659779760814e+00 1.674410364902751303e+00 6.540608264046646525e+00 6.536125414899484731e+00
1.420000000000000000e+02 1.674268868493895779e+00 1.677102640431452851e+00 6.546597785798507374e+00 6.547780458196029940e+00
1.440000000000000000e+02 1.673081723995477388e+00 1.674988682429091158e+00 6.540008400417452350e+00 6.538063223483140618e+00
1.460000000000000000e+02 1.674326604148594466e+00 1.677567168280275745e+00 6.543943997775686583e+00 6.547350599807368887e+00
1.480000000000000000e+02 1.674953608612023137e+00 1.675944563949905097e+00 6.545164547140535305e+00 6.540864994367963092e+00
1.500000000000000000e+02 1.672495879223693027e+00 1.674700004287500654e+00 6.537752522165606983e+00 6.537391940444033267e+00
1.520000000000000000e+02 1.675645315505277289e+00 1.677414380982065190e+00 6.549585100291457351e+00 6.547722402453968193e+00
1.540000000000000000e+02 1.675118407544838650e+00 1.677420226608623999e+00 6.547407057445830958e+00 6.548472573163544475e+00
1.560000000000000000e+02 1.677918226731058837e+00 1.680049081019720614e+00 6.557658250684493595e+00 6.557439637176683433e+00
1.580000000000000000e+02 1.679070697762460540e+00 1.682037477954875682e+00 6.564547045946250492e+00 6.566957156094339609e+00
1.600000000000000000e+02 1.676701293500147516e+00 1.676950093372349349e+00 6.553406824083656268e+00 6.546346260100206926e+00
1.620000000000000000e+02 1.673725384552063211e+00 1.676012789770990663e+00 6.540747842782359989e+00 6.541154800244415313e+00
1.640000000000000000e+02 1.672949516511864854e+00 1.675075245880164099e+00 6.539569490587824774e+00 6.539793790619158997e+00
1.660000000000000000e+02 1.669655781235992231e+00 1.672021501882510641e+00 6.525085455402002133e+00 6.526155054327463567e+00
1.680000000000000000e+02 1.670685093500981822e+00 1.671189259573146568e+00 6.529078224365217231e+00 6.523259352881755291e+00
1.700000000000000000e+02 1.670732098826415823e+00 1.672364472561722826e+00 6.528653571098660180e+00 6.527173088898766906e+00
1.720000000000000000e+02 1.670836759742465594e+00 1.673933425120525786e+00 6.528643161955647756e+00 6.532876488803724513e+00
1.740000000000000000e+02 1.674076442978540635e+00 1.676832379900820236e+00 6.541600753428830295e+00 6.545470767706871307e+00
1.760000000000000000e+02 1.671949272252264640e+00 1.675018711412994632e+00 6.532921011309168691e+00 6.538154594783297746e+00
1.780000000000000000e+02 1.670812896715210050e+00 1.672377124787547409e+00 6.529278099457709317e+00 6.528501986516475064e+00
1.800000000000000000e+02 1.671198628577750922e+00 1.672474658772231004e+00 6.529695385953703024e+00 6.527718099372725291e+00
1.820000000000000000e+02 1.671152504120161586e+00 1.671863589673306283e+00 6.529783071882242496e+00 6.525821210602191336e+00
1.840000000000000000e+02 1.676306032424584425e+00 1.677515998908335915e+00 6.549401077006176131e+00 6.547613413411314198e+00
1.860000000000000000e+02 1.673185984496900813e+00 1.676280808115607313e+00 6.539061476186540212e+00 6.543221372190465068e+00
1.880000000000000000e+02 1.670251715666920989e+00 1.672253485515018401e+00 6.526944061614710968e+00 6.527387534638189770e+00
1.900000000000000000e+02 1.670425723436362198e+00 1.672091329233116319e+00 6.527859274857915395e+00 6.527033672877426085e+00
1.920000000000000000e+02 1.670351011431786548e+00 1.671555452597518032e+00 6.528773928179050223e+00 6.526093074803771543e+00
1.940000000000000000e+02 1.669981695390945875e+00 1.670686855207224264e+00 6.526656824384490463e+00 6.522495887165806749e+00
1.960000000000000000e+02 1.672484428149564994e+00 1.673856310762511734e+00 6.536204610552091232e+00 6.535276507464930162e+00
1.980000000000000000e+02 1.674663809270739767e+00 1.674177019951414769e+00 6.542574504901880417e+00 6.535439626814215863e+00
2.000000000000000000e+02 1.670494509803127636e+00 1.671289276057994044e+00 6.527037757598306733e+00 6.525159930086565474e+00
2.020000000000000000e+02 1.669157220532503372e+00 1.671383446744392653e+00 6.522016699780494697e+00 6.525651202083022184e+00
2.040000000000000000e+02 1.673196474609484508e+00 1.673998447790532307e+00 6.537048793674063774e+00 6.535081917722816769e+00
2.060000000000000000e+02 1.673167967143040169e+00 1.671945588735691324e+00 6.538958736995354570e+00 6.528505188006110238e+00
2.080000000000000000e+02 1.674655961669162973e+00 1.675756142343294730e+00 6.545710039539973657e+00 6.543952407574947117e+00
2.100000000000000000e+02 1.674205527415387751e+00 1.676353197963717179e+00 6.543605027355098080e+00 6.545522339601653528e+00
2.120000000000000000e+02 1.668483611111023945e+00 1.668735934408701160e+00 6.522479709504319878e+00 6.516242031013145919e+00
2.140000000000000000e+02 1.667525327355062537e+00 1.669847405912652905e+00 6.519446518422679304e+00 6.520648405628544531e+00
2.160000000000000000e+02 1.671152504083589285e+00 1.674256776840953087e+00 6.532737870367140154e+00 6.536797030047123869e+00
2.180000000000000000e+02 1.668541106597658752e+00 1.670863345409155265e+00 6.523513441412525538e+00 6.524406153416724585e+00
2.200000000000000000e+02 1.670848290819744841e+00 1.671626641209003061e+00 6.532970898612385113e+00 6.527522146922109414e+00
2.220000000000000000e+02 1.674442075512869055e+00 1.677408935726614203e+00 6.546364360614371769e+00 6.547930284649058130e+00
2.240000000000000000e+02 1.673580044403266909e+00 1.677793226202487498e+00 6.543399306132745785e+00 6.550613220065293341e+00
2.260000000000000000e+02 1.670156664079477826e+00 1.672169644730048699e+00 6.531746026740643529e+00 6.530129490961487981e+00
2.280000000000000000e+02 1.672863513617428133e+00 1.675799544185449630e+00 6.541401838214213171e+00 6.543552737682321485e+00
2.300000000000000000e+02 1.673502369588467875e+00 1.675391550828153386e+00 6.545661356148544385e+00 6.543681982424508270e+00
2.320000000000000000e+02 1.674914851265833171e+00 1.678040905101173985e+00 6.549943528106607182e+00 6.552216391441825216e+00
2.340000000000000000e+02 1.673106227604179486e+00 1.676063798918013159e+00 6.543289999027555481e+00 6.544636752986309425e+00
2.360000000000000000e+02 1.671112385442909742e+00 1.674955850765308174e+00 6.536418981665431005e+00 6.541455810500473866e+00
2.380000000000000000e+02 1.669346843345938858e+00 1.671898503292260196e+00 6.529327988070251720e+00 6.529219080640088713e+00
2.400000000000000000e+02 1.670574026413758739e+00 1.673832047392191269e+00 6.534387079858213099e+00 6.536609889163399245e+00
2.420000000000000000e+02 1.669959754230449178e+00 1.671225294295716202e+00 6.533093659189391111e+00 6.527552897603507098e+00
2.440000000000000000e+02 1.669519329629045368e+00 1.672741956458094759e+00 6.529247028842491751e+00 6.531665547530779214e+00
2.460000000000000000e+02 1.673808905103386646e+00 1.676574851606059013e+00 6.545562059025498591e+00 6.546727751820188956e+00
2.480000000000000000e+02 1.674260780655399294e+00 1.677662299976715898e+00 6.547461905626132506e+00 6.551314303347744783e+00
2.500000000000000000e+02 1.671916280446937852e+00 1.672690146491484953e+00 6.538386259888213203e+00 6.531760438639720334e+00
2.520000000000000000e+02 1.674131215810068962e+00 1.676446407801259975e+00 6.547794153869792133e+00 6.546815759334882578e+00
2.540000000000000000e+02 1.674626653408558097e+00 1.676229558742413639e+00 6.549824611046131118e+00 6.546115796424242461e+00
2.560000000000000000e+02 1.670955113824487803e+00 1.674436309872860518e+00 6.534233410879116022e+00 6.538310502598722707e+00
2.580000000000000000e+02 1.669583311329496000e+00 1.673172931917790596e+00 6.529949074569079137e+00 6.534020561536592275e+00
2.600000000000000000e+02 1.665789093518671438e+00 1.668051194378445956e+00 6.516205518867675295e+00 6.515206709038844579e+00
2.620000000000000000e+02 1.666170741399742417e+00 1.669075621860154124e+00 6.516778313724847393e+00 6.518888048868438645e+00
2.640000000000000000e+02 1.666101234383905894e+00 1.668465273428902051e+00 6.516202471855410572e+00 6.515654014845442710e+00
2.660000000000000000e+02 1.668125906358157495e+00 1.671144015971429697e+00 6.523425438369323537e+00 6.525978644744942159e+00
2.680000000000000000e+02 1.669337474343955741e+00 1.671982023844287957e+00 6.527187983694099138e+00 6.527592937593710509e+00
2.700000000000000000e+02 1.670899940676915829e+00 1.673116957984815079e+00 6.535158636057510684e+00 6.533496532462959472e+00
2.720000000000000000e+02 1.673636739078778746e+00 1.676665338848679188e+00 6.544812364964093021e+00 6.545886371774777501e+00
2.740000000000000000e+02 1.672743397897197504e+00 1.676727558788558392e+00 6.540994726812448867e+00 6.546511458245627857e+00
2.760000000000000000e+02 1.674395950994050475e+00 1.677203858014508775e+00 6.547608690506168116e+00 6.549239000502255159e+00
2.780000000000000000e+02 1.673609432718555556e+00 1.673833568789976356e+00 6.544595911683546596e+00 6.536410570113830865e+00
2.800000000000000000e+02 1.669915551597983328e+00 1.673485553320405383e+00 6.530640386583183243e+00 6.534724368645239423e+00
2.820000000000000000e+02 1.675675584661478812e+00 1.676511270301174195e+00 6.552621659286913314e+00 6.546406717966492650e+00
2.840000000000000000e+02 1.671180371002600085e+00 1.673034318301123591e+00 6.536040213850941250e+00 6.534835436978908341e+00
2.860000000000000000e+02 1.673252288504062824e+00 1.676442163673667496e+00 6.543261737266095501e+00 6.547196367749458901e+00
2.880000000000000000e+02 1.669067454009140583e+00 1.671349494070867969e+00 6.527113670268375856e+00 6.527777999571984680e+00
2.900000000000000000e+02 1.672152348022908352e+00 1.673289684485240958e+00 6.539317567122177266e+00 6.536211578357537633e+00
2.920000000000000000e+02 1.674936552186387484e+00 1.676702654772530776e+00 6.547405133292328649e+00 6.547041174364603755e+00
2.940000000000000000e+02 1.677308759120590853e+00 1.680652943128354337e+00 6.557073357480780018e+00 6.562359630642014885e+00
2.960000000000000000e+02 1.678522569310243240e+00 1.679287787024870360e+00 6.562822483062669576e+00 6.558623347775299095e+00
2.980000000000000000e+02 1.676487247120461488e+00 1.678623546676005773e+00 6.554655399554669692e+00 6.555696655891757096e+00
3.000000000000000000e+02 1.675511906822267028e+00 1.675659008643989756e+00 6.550524491570206997e+00 6.544440559905335242e+00
3.020000000000000000e+02 1.672236268914364166e+00 1.672838209205346205e+00 6.535445230593846411e+00 6.532068817518818626e+00
3.040000000000000000e+02 1.671833961056945705e+00 1.672983148954161559e+00 6.533848553596297570e+00 6.532174121323064853e+00
3.060000000000000000e+02 1.674267507148027745e+00 1.675305868275291488e+00 6.542086184698253426e+00 6.540440985999901535e+00
3.080000000000000000e+02 1.674112317586581522e+00 1.675079890372327407e+00 6.543838536729792210e+00 6.542232409406336657e+00
3.100000000000000000e+02 1.672380007491259590e+00 1.673874808670951175e+00 6.537219761117481376e+00 6.536374222876045970e+00
3.120000000000000000e+02 1.672392659696268380e+00 1.673001887143816369e+00 6.536093063235439260e+00 6.532596141434714454e+00
3.140000000000000000e+02 1.673027912119973815e+00 1.675081732154850123e+00 6.537871597104720323e+00 6.539714755076543540e+00
3.160000000000000000e+02 1.673077720096017185e+00 1.674883060595697470e+00 6.538537523601283930e+00 6.539400126535825031e+00
3.180000000000000000e+02 1.670327068328669284e+00 1.672857347683729179e+00 6.528165013105551751e+00 6.532112381727952055e+00
3.200000000000000000e+02 1.674751093409072800e+00 1.675088298501108630e+00 6.543988763176219692e+00 6.539981335858693789e+00
3.220000000000000000e+02 1.674848787529144678e+00 1.677087345652773509e+00 6.543642100854706989e+00 6.547394319458025969e+00
3.240000000000000000e+02 1.675714342036102256e+00 1.676429111132991867e+00 6.547001059495086928e+00 6.546035959128130521e+00
3.260000000000000000e+02 1.673991080681936250e+00 1.675628979759471449e+00 6.541310710377571169e+00 6.543715697458166503e+00
3.280000000000000000e+02 1.674944239607567331e+00 1.676363447829558151e+00 6.544886678420225756e+00 6.546470382692803902e+00
3.300000000000000000e+02 1.673126407076668487e+00 1.674129534141338915e+00 6.537549042432235780e+00 6.538282316307361342e+00
3.320000000000000000e+02 1.672914843103227467e+00 1.674169092290789473e+00 6.537265565459781769e+00 6.539174306840657813e+00
3.340000000000000000e+02 1.671760850610302995e+00 1.673336129293022667e+00 6.531932607932876778e+00 6.535648712018915951e+00
3.360000000000000000e+02 1.672849420032008982e+00 1.675450727876815815e+00 6.535890224449087071e+00 6.543194947198884392e+00
3.380000000000000000e+02 1.672004125144537667e+00 1.671240108629584498e+00 6.531215108378582990e+00 6.526912917257803315e+00
3.400000000000000000e+02 1.673832928216072657e+00 1.673487715442578017e+00 6.537247468972853248e+00 6.534256795421273800e+00
3.420000000000000000e+02 1.673216413874471620e+00 1.671847013684127692e+00 6.535454281879902183e+00 6.528890282189184546e+00
3.440000000000000000e+02 1.674092938871317271e+00 1.674158682282347321e+00 6.539479484426546918e+00 6.539356646378492677e+00
3.460000000000000000e+02 1.676401884833838896e+00 1.675707054970912324e+00 6.548726499321383621e+00 6.545275133973371240e+00
3.480000000000000000e+02 1.676893318630192420e+00 1.674854873448576198e+00 6.549197279476735467e+00 6.540924334549838015e+00
3.500000000000000000e+02 1.673991721329804339e+00 1.674253733938775079e+00 6.538056419513852191e+00 6.538378254043325732e+00
3.520000000000000000e+02 1.680879801871452139e+00 1.678619382669660265e+00 6.562140539639974790e+00 6.553396573604154618e+00
3.540000000000000000e+02 1.675416855228293089e+00 1.674485477316260518e+00 6.541986569632497250e+00 6.538133853055825284e+00
3.560000000000000000e+02 1.674124489283715045e+00 1.675460016829584564e+00 6.536699974045514061e+00 6.542023805527994007e+00
3.580000000000000000e+02 1.671325230643795123e+00 1.671890175233036180e+00 6.526349084333494588e+00 6.528892760522776229e+00
3.600000000000000000e+02 1.670759004764937883e+00 1.669692056154993720e+00 6.523792031185614348e+00 6.520763718451393132e+00
3.620000000000000000e+02 1.674739482187601824e+00 1.673758936863732227e+00 6.537644575654592671e+00 6.535412798765418252e+00
3.640000000000000000e+02 1.673237474277500025e+00 1.673086208357717375e+00 6.531193574732422569e+00 6.532029743902667995e+00
3.660000000000000000e+02 1.674021670188412525e+00 1.674673658744399773e+00 6.535693714958324740e+00 6.539430317800063008e+00
3.680000000000000000e+02 1.675212818496937484e+00 1.673191269612685161e+00 6.542038778679385658e+00 6.535947401307965698e+00
3.700000000000000000e+02 1.676679192175004163e+00 1.675682631455057470e+00 6.546291564877958713e+00 6.544570688953906590e+00
3.720000000000000000e+02 1.676578455070589779e+00 1.674989082829988929e+00 6.545625316029383356e+00 6.541693884338590337e+00
3.740000000000000000e+02 1.675448485750831829e+00 1.675045697433808600e+00 6.540413277649873791e+00 6.541009858954830669e+00
3.760000000000000000e+02 1.677746541175415773e+00 1.677951138430614497e+00 6.549446000830315917e+00 6.552690204589256773e+00
3.780000000000000000e+02 1.677187282036369576e+00 1.674575003662645001e+00 6.545959963562255624e+00 6.538838382556138029e+00
3.800000000000000000e+02 1.673001006192013529e+00 1.673746204597543530e+00 6.530992250527202891e+00 6.536232238502663883e+00
3.820000000000000000e+02 1.675305387728678985e+00 1.673729548542432610e+00 6.539115607765086935e+00 6.535745283705192143e+00
3.840000000000000000e+02 1.671118471310659936e+00 1.670659628944713315e+00 6.524043235591176604e+00 6.525350669498932277e+00
3.860000000000000000e+02 1.673374165957457471e+00 1.672077796154295859e+00 6.530741446887120993e+00 6.528695130582765849e+00
3.880000000000000000e+02 1.672498121354190737e+00 1.673075077616572814e+00 6.528656291282941559e+00 6.533453370918055114e+00
3.900000000000000000e+02 1.673526152438745473e+00 1.672853183654887665e+00 6.532003154014975443e+00 6.532300564129975839e+00
3.920000000000000000e+02 1.674894831936215356e+00 1.674971866222214611e+00 6.537482656517934032e+00 6.540485025073660807e+00
3.940000000000000000e+02 1.674893791010198196e+00 1.676651965972797420e+00 6.538524717790441976e+00 6.548340605878687271e+00
3.960000000000000000e+02 1.679960275383343138e+00 1.679216998775888481e+00 6.557606918798569495e+00 6.557288846318352071e+00
3.980000000000000000e+02 1.675760786806746117e+00 1.674901078046344027e+00 6.542082263081398175e+00 6.541509708873492812e+00
4.000000000000000000e+02 1.679314292610245563e+00 1.677908377173892962e+00 6.556170638529748018e+00 6.553785670429988386e+00
4.020000000000000000e+02 1.678386598256791817e+00 1.676564841951617923e+00 6.551064620289881013e+00 6.547378305814966382e+00
4.040000000000000000e+02 1.676996858412406644e+00 1.675511746708349570e+00 6.547387031931869217e+00 6.544801714212328925e+00
4.060000000000000000e+02 1.677362490911954440e+00 1.676569246187444406e+00 6.547811045584726486e+00 6.547806722687080416e+00
4.080000000000000000e+02 1.676914539075295085e+00 1.676001098478275386e+00 6.545234935285920486e+00 6.545121466173754676e+00
4.100000000000000000e+02 1.676544342152107125e+00 1.675396675772744759e+00 6.543934385325937519e+00 6.542358612362121129e+00
4.120000000000000000e+02 1.674988522264844182e+00 1.673097419121667873e+00 6.537294873604250434e+00 6.533543376632810151e+00
4.140000000000000000e+02 1.672018619109177706e+00 1.672242995440853086e+00 6.526026929423997203e+00 6.529705717527018116e+00
4.160000000000000000e+02 1.661964045932237788e+00 1.663300294112858957e+00 6.491698746650130580e+00 6.499404255923847629e+00
4.180000000000000000e+02 1.676086620894885248e+00 1.673903235997290739e+00 6.545269207738494188e+00 6.539817654730488705e+00
4.200000000000000000e+02 1.676055230660387751e+00 1.675576769380137554e+00 6.543357185662078024e+00 6.544709303060175287e+00
4.220000000000000000e+02 1.681991513628573021e+00 1.681411594547993493e+00 6.567553416588413739e+00 6.567986799389089470e+00
4.240000000000000000e+02 1.681865151770929545e+00 1.680162310160543404e+00 6.567705962761239746e+00 6.564034146093863598e+00
4.260000000000000000e+02 1.675929189142144171e+00 1.676190160741971358e+00 6.543414120745557838e+00 6.546387980698344045e+00
4.280000000000000000e+02 1.677722918500067273e+00 1.678338071450755864e+00 6.550337997204829676e+00 6.554637142336537714e+00
4.300000000000000000e+02 1.680481577983455210e+00 1.680561495000492345e+00 6.560478680816351549e+00 6.563028525256932255e+00
4.320000000000000000e+02 1.677919748188240856e+00 1.678994384191070832e+00 6.551367316164796506e+00 6.557740729188787476e+00
4.340000000000000000e+02 1.678791868967940859e+00 1.678696336924802912e+00 6.555105840749840596e+00 6.556769546727879039e+00
4.360000000000000000e+02 1.676419581940889580e+00 1.676619614800065827e+00 6.545675287169269829e+00 6.547559365120449115e+00
4.380000000000000000e+02 1.676214023727800706e+00 1.674934149864267585e+00 6.543987478952456804e+00 6.540451312433462228e+00
4.400000000000000000e+02 1.674542412214456988e+00 1.674372648550445764e+00 6.538122803009876804e+00 6.538460492161999760e+00
4.420000000000000000e+02 1.679084310916051370e+00 1.678743342168654840e+00 6.555773612694312469e+00 6.555117291012576786e+00
4.440000000000000000e+02 1.674739001762589385e+00 1.674547617229625196e+00 6.538224183308760651e+00 6.538734839485639938e+00
4.460000000000000000e+02 1.678949380804943825e+00 1.678195934438219350e+00 6.553532145246892426e+00 6.552288613333136169e+00
4.480000000000000000e+02 1.681988630858745504e+00 1.681270818837238945e+00 6.567239510979135275e+00 6.565352871387459821e+00
4.500000000000000000e+02 1.681585201905555493e+00 1.680879081187477198e+00 6.566687691714922614e+00 6.564151220737278081e+00
4.520000000000000000e+02 1.681420403045167378e+00 1.681302209098774147e+00 6.565871296986505179e+00 6.565551705477181699e+00
4.540000000000000000e+02 1.678602486406345795e+00 1.677688245002962875e+00 6.554195514299411940e+00 6.550535545067594612e+00
4.560000000000000000e+02 1.679596244421202256e+00 1.678111132697719832e+00 6.558483052361045118e+00 6.552386469888370257e+00
4.580000000000000000e+02 1.679404139234368376e+00 1.679738781842405437e+00 6.560178386719418775e+00 6.560859049664203191e+00
4.600000000000000000e+02 1.673812028065438495e+00 1.674277596918739119e+00 6.538700645849712778e+00 6.539815733654403829e+00
4.620000000000000000e+02 1.672213126605130107e+00 1.672827398791790099e+00 6.532186053052750019e+00 6.533963545303371312e+00
4.640000000000000000e+02 1.673289684446719106e+00 1.673579643996236932e+00 6.534928565012393165e+00 6.534840800003345329e+00
4.660000000000000000e+02 1.672042321956955346e+00 1.673004529574984911e+00 6.531827624862127202e+00 6.534180958578438947e+00
4.680000000000000000e+02 1.668541827290071611e+00 1.668638480447291794e+00 6.520691570056927233e+00 6.518952432899646432e+00
4.700000000000000000e+02 1.671666839940166849e+00 1.672248841069408298e+00 6.534228603985791750e+00 6.533771200854075367e+00
4.720000000000000000e+02 1.666592107648566357e+00 1.667446611411160351e+00 6.515911710622351194e+00 6.515731052287971004e+00
4.740000000000000000e+02 1.671813060898940329e+00 1.672300330656480760e+00 6.535987678651570931e+00 6.534314126647687182e+00
4.760000000000000000e+02 1.669215837031704286e+00 1.670875116701398211e+00 6.525300860855479002e+00 6.527266938780443617e+00
4.780000000000000000e+02 1.679966601472726806e+00 1.680333675382617686e+00 6.565187349796252292e+00 6.561049396619418772e+00
4.800000000000000000e+02 1.672835006158866600e+00 1.675288331272668074e+00 6.536462223772334212e+00 6.539783378300539241e+00
4.820000000000000000e+02 1.678778015590501216e+00 1.680446263920960082e+00 6.562294208810875773e+00 6.562340174846870156e+00
4.840000000000000000e+02 1.678556201778199419e+00 1.680043315451990926e+00 6.562862204756132911e+00 6.561906231920567656e+00
4.860000000000000000e+02 1.678779937464010663e+00 1.680056688330260339e+00 6.564754288838593688e+00 6.562475265643921141e+00
4.880000000000000000e+02 1.676925189340088718e+00 1.678511278441219501e+00 6.557902486464302072e+00 6.556391253038736266e+00
4.900000000000000000e+02 1.671198308257076937e+00 1.673838853887479772e+00 6.536402163984570635e+00 6.539313240190016252e+00
4.920000000000000000e+02 1.674419013269022427e+00 1.676456257284581586e+00 6.548134966463938333e+00 6.548154183155332930e+00
4.940000000000000000e+02 1.667656413699782458e+00 1.670940139388825463e+00 6.524046761364281188e+00 6.528175344343890352e+00
4.960000000000000000e+02 1.668630953199219169e+00 1.669837476339176119e+00 6.527410519811958522e+00 6.524302207788474028e+00
4.980000000000000000e+02 1.664964938901362990e+00 1.666981523057112780e+00 6.514771555123543223e+00 6.514209410199058858e+00
5.000000000000000000e+02 1.666911695765528334e+00 1.670767572998359318e+00 6.518431528244744477e+00 6.525620451790351773e+00
