# delays[ps] pumped_signal, blocked_signal, pumped_reference, blocked_reference
-2.000000000000000000e+01 1.780620202926238349e+00 1.780088570413309146e+00 6.520526367358464803e+00 6.511995653701724507e+00
-1.800000000000000000e+01 1.778290516749307049e+00 1.776517847718793730e+00 6.511572197376390925e+00 6.499512765975714146e+00
-1.600000000000000000e+01 1.776629235102622939e+00 1.778389572314889922e+00 6.507066929806205380e+00 6.506790819442486828e+00
-1.400000000000000000e+01 1.776231251402715650e+00 1.776721403944208522e+00 6.505368474771294096e+00 6.500523669244345548e+00
-1.200000000000000000e+01 1.781761943785915570e+00 1.781561670869333591e+00 6.524363951076123769e+00 6.517782503570004771e+00
-1.000000000000000000e+01 1.784128305300568096e+00 1.782639269614471722e+00 6.536840353758914368e+00 6.525294776062053437e+00
-8.000000000000000000e+00 1.779069267550033029e+00 1.776761682746335724e+00 6.522374166956174335e+00 6.508374841774100972e+00
-6.000000000000000000e+00 1.777581673369161397e+00 1.777895976385103216e+00 6.517158846785481074e+00 6.512272722426977190e+00
-4.000000000000000000e+00 1.777194900456292137e+00 1.777393251713739186e+00 6.513994801798272505e+00 6.509277003523576965e+00
-2.000000000000000000e+00 1.775981810920809645e+00 1.776457069080317419e+00 6.510854543951648310e+00 6.507137877448523788e+00
-1.899999999999999911e+00 1.777028980435116257e+00 1.775307000285905712e+00 6.516387612217483749e+00 6.504888166686803253e+00
-1.800000000000000044e+00 1.775515841650537441e+00 1.775887479953733417e+00 6.512383954676431941e+00 6.507384119726680183e+00
-1.699999999999999956e+00 1.778413595425507809e+00 1.778695387136501882e+00 6.522056419515496195e+00 6.517327970489322553e+00
-1.600000000000000089e+00 1.781978232333291112e+00 1.781533883915557004e+00 6.533369451590194110e+00 6.525754027163539028e+00
-1.500000000000000000e+00 1.782307029297348855e+00 1.782566879862831133e+00 6.530762267109627039e+00 6.526084588037359246e+00
-1.399999999999999911e+00 1.785215513533337628e+00 1.783474875298997953e+00 6.541363483101982901e+00 6.529810540174940670e+00
-1.300000000000000044e+00 1.782919940288080429e+00 1.783662175904204839e+00 6.534315814446290283e+00 6.531365176943338291e+00
-1.199999999999999956e+00 1.788279187369842038e+00 1.788738029785448713e+00 6.552721996180879138e+00 6.547937972633997461e+00
-1.100000000000000089e+00 1.787862545712174178e+00 1.787919800836353046e+00 6.552689887474191899e+00 6.546647271741779406e+00
-1.000000000000000000e+00 1.782045657495348712e+00 1.781144308262377240e+00 6.534499841650593055e+00 6.525540136278400460e+00
-9.000000000000000222e-01 1.778321426597025967e+00 1.778655028241846070e+00 6.522067712239691062e+00 6.517369932547237177e+00
-8.000000000000000444e-01 1.780639181282494432e+00 1.780527713777134036e+00 6.529354977956428385e+00 6.523298191080464825e+00
-6.999999999999999556e-01 1.779168643464397181e+00 1.780156315725245797e+00 6.522151715426177887e+00 6.520695655320062123e+00
-5.999999999999999778e-01 1.780323917276586343e+00 1.780471099188569939e+00 6.524632051074087613e+00 6.519085844051931034e+00
-5.000000000000000000e-01 1.780080642807815750e+00 1.778994395917858018e+00 6.525847720533531238e+00 6.516468680212048170e+00
-4.000000000000000222e-01 1.781488880431053579e+00 1.781049817158258497e+00 6.529706996142711439e+00 6.521812342006144014e+00
-2.999999999999999889e-01 1.780718938147259234e+00 1.779699154981106313e+00 6.527591737030784991e+00 6.518416394917203149e+00
-2.000000000000000111e-01 1.782265469229883159e+00 1.781776918211828153e+00 6.532088440269851581e+00 6.524842577290797863e+00
-1.000000000000000056e-01 1.783395278549785523e+00 1.783645840114232772e+00 6.536089461694429836e+00 6.530917137994496358e+00
-0.000000000000000000e+00 1.787141050101719530e+00 1.786536547250566542e+00 6.548655395338826679e+00 6.542392648367285624e+00
1.000000000000000056e-01 1.788822351071944761e+00 1.783731522727729502e+00 6.544606323532089043e+00 6.530495446871260157e+00
2.000000000000000111e-01 1.788366311453544855e+00 1.784844115469277348e+00 6.536372699375398554e+00 6.537668281705811602e+00
2.999999999999999889e-01 1.786848608194453014e+00 1.777188414234984970e+00 6.520768528333255709e+00 6.506577813059812421e+00
4.000000000000000222e-01 1.784451577005151224e+00 1.776427280309430756e+00 6.515540628198606576e+00 6.509485443843943564e+00
5.000000000000000000e-01 1.785305920761944387e+00 1.777840723084184615e+00 6.514385183478995422e+00 6.512552193291655911e+00
5.999999999999999778e-01 1.782545819596742520e+00 1.771615360957880192e+00 6.503902404287664751e+00 6.492006246721544471e+00
6.999999999999999556e-01 1.785775333289983724e+00 1.774839749749916873e+00 6.514861404592545924e+00 6.502818707383976715e+00
8.000000000000000444e-01 1.796229733021063923e+00 1.787059451392751352e+00 6.548696712161472533e+00 6.542949750507934148e+00
9.000000000000000222e-01 1.798022821849780462e+00 1.787009002821495995e+00 6.553281341715400998e+00 6.540886462198774787e+00
1.000000000000000000e+00 1.796394852205041248e+00 1.788692305683784234e+00 6.545830956768560860e+00 6.544885795682652052e+00
1.100000000000000089e+00 1.798770342617639573e+00 1.790443834404521484e+00 6.556208997607445355e+00 6.553441896313882964e+00
1.199999999999999956e+00 1.796051160877245811e+00 1.787615187209554701e+00 6.546844827649815457e+00 6.542863586084854965e+00
1.300000000000000044e+00 1.787615107265973391e+00 1.780570955649080522e+00 6.517962114671727036e+00 6.519318240002985654e+00
1.399999999999999911e+00 1.789226500882617366e+00 1.780045168530008270e+00 6.525623902881546812e+00 6.520497300276691277e+00
1.500000000000000000e+00 1.790478107608713731e+00 1.780929060762551863e+00 6.528618261034162096e+00 6.522238759451948198e+00
1.600000000000000089e+00 1.786695340352411510e+00 1.778110903661584752e+00 6.517066035321682271e+00 6.514220784281731902e+00
1.699999999999999956e+00 1.787448466480104026e+00 1.775146845855760436e+00 6.518875158569757744e+00 6.504261394633620519e+00
1.800000000000000044e+00 1.787246431694443416e+00 1.777359379067502410e+00 6.516676055304551518e+00 6.508622205850000952e+00
1.899999999999999911e+00 1.785027812592498764e+00 1.776341597741921685e+00 6.507482692630224719e+00 6.504567531442046580e+00
2.000000000000000000e+00 1.784892241936728352e+00 1.776157580310264716e+00 6.506716588734678730e+00 6.503773316548445038e+00
4.000000000000000000e+00 1.787860463764903596e+00 1.776958432495150619e+00 6.515048871088803928e+00 6.508829848367324367e+00
6.000000000000000000e+00 1.798720774876703121e+00 1.784752827982722279e+00 6.551204040228527425e+00 6.535479216604379360e+00
8.000000000000000000e+00 1.796106894595532522e+00 1.783616611944834007e+00 6.541312552864370744e+00 6.531202056312150006e+00
1.000000000000000000e+01 1.792116727430976830e+00 1.781424418307526514e+00 6.527456003596115330e+00 6.525225267888401071e+00
1.200000000000000000e+01 1.791811953624207865e+00 1.778395017537291123e+00 6.523990067060553066e+00 6.513400621910694355e+00
1.400000000000000000e+01 1.796860901647749476e+00 1.785334748501666624e+00 6.539228123535425929e+00 6.535321192271844382e+00
1.600000000000000000e+01 1.797604098178257059e+00 1.784355884725251418e+00 6.545818467473834446e+00 6.536637355760309909e+00
1.800000000000000000e+01 1.796410867680936496e+00 1.781784765829937278e+00 6.539500065765396108e+00 6.525688604467310583e+00
2.000000000000000000e+01 1.796000872431420703e+00 1.784204218495498928e+00 6.537812182634209712e+00 6.533582457228411577e+00
2.200000000000000000e+01 1.794522967534487590e+00 1.781497688977177196e+00 6.534588722461203147e+00 6.524515617645880283e+00
2.400000000000000000e+01 1.792207855280786077e+00 1.780624847481102613e+00 6.528488449918266490e+00 6.521704640276953846e+00
2.600000000000000000e+01 1.796994550558261849e+00 1.786426280897565055e+00 6.544843601432527080e+00 6.540130280581679223e+00
2.800000000000000000e+01 1.796556928495183891e+00 1.785133994917328382e+00 6.542323858389538671e+00 6.533965869739732923e+00
3.000000000000000000e+01 1.796970767528681234e+00 1.786028697572056512e+00 6.544962512449561842e+00 6.538672859873312149e+00
3.200000000000000000e+01 1.795802521215368097e+00 1.785428999342124623e+00 6.539854335388046280e+00 6.533624656754520643e+00
3.400000000000000000e+01 1.799311024003393822e+00 1.788654108886492011e+00 6.553910600621609461e+00 6.544176225644535272e+00
3.600000000000000000e+01 1.793763355389246472e+00 1.784465430344256864e+00 6.538980217614112966e+00 6.533619933772752297e+00
3.800000000000000000e+01 1.798482465033993227e+00 1.787467765111189211e+00 6.555075811856026391e+00 6.541934202096305384e+00
4.000000000000000000e+01 1.792123614083264815e+00 1.784275887653644199e+00 6.536603323001584087e+00 6.534474290028091659e+00
4.200000000000000000e+01 1.790105428263091714e+00 1.781110996174652072e+00 6.533450811393249680e+00 6.527071791390004485e+00
4.400000000000000000e+01 1.794467794258218785e+00 1.785185724834432719e+00 6.544611931203522914e+00 6.536580821323624058e+00
4.600000000000000000e+01 1.794673192297865150e+00 1.784723999642331416e+00 6.545390370301132243e+00 6.534385239837735782e+00
4.800000000000000000e+01 1.791011581963811938e+00 1.784059198688046965e+00 6.535590979295474057e+00 6.534227406992506815e+00
5.000000000000000000e+01 1.793562601552339819e+00 1.783576413186802601e+00 6.543660766251758076e+00 6.532118469746873934e+00
5.200000000000000000e+01 1.795081585989045214e+00 1.785622385820949676e+00 6.548641696902440579e+00 6.538877379081944774e+00
5.400000000000000000e+01 1.791833013925279383e+00 1.784342351652456804e+00 6.536691810520502521e+00 6.533507102566998626e+00
5.600000000000000000e+01 1.792064597182609909e+00 1.782856679226536123e+00 6.537619433746019837e+00 6.527144338879541152e+00
5.800000000000000000e+01 1.791307627465061225e+00 1.784749063751465581e+00 6.535823609095578135e+00 6.534493342374165792e+00
6.000000000000000000e+01 1.791003814337354560e+00 1.783584420902855738e+00 6.536567684522566424e+00 6.532522303231543148e+00
6.200000000000000000e+01 1.791751895708752151e+00 1.782657847591663014e+00 6.537705919130407217e+00 6.527484914806037430e+00
6.400000000000000000e+01 1.791213536592963784e+00 1.780851946438933631e+00 6.536149679559336789e+00 6.520928683520469171e+00
6.600000000000000000e+01 1.790542569686440988e+00 1.781954449345399594e+00 6.534753999513929656e+00 6.526366701231128609e+00
6.800000000000000000e+01 1.784594434716163525e+00 1.776566934989590729e+00 6.515555200943397018e+00 6.508252803591685343e+00
7.000000000000000000e+01 1.785854289430222730e+00 1.778767616795013717e+00 6.522502615110069790e+00 6.517154442677770554e+00
7.200000000000000000e+01 1.786825706023960736e+00 1.780216773997845392e+00 6.524568788753295934e+00 6.521046796728462880e+00
7.400000000000000000e+01 1.785506914570864412e+00 1.778453233636789976e+00 6.519719825163143412e+00 6.513856664790232287e+00
7.600000000000000000e+01 1.792697767628126604e+00 1.785498105966480509e+00 6.541756505589284565e+00 6.534855776711117059e+00
7.800000000000000000e+01 1.793774005305402541e+00 1.786167871702269538e+00 6.547304875711760452e+00 6.540179045515957412e+00
8.000000000000000000e+01 1.795002149450576345e+00 1.786351248611926845e+00 6.551580244785595752e+00 6.540369556705540433e+00
8.200000000000000000e+01 1.791841502102413664e+00 1.784290141497702820e+00 6.538976117524114784e+00 6.530424986977735990e+00
8.400000000000000000e+01 1.792932874270544374e+00 1.786618866568705277e+00 6.543409875790998420e+00 6.539310520370994695e+00
8.600000000000000000e+01 1.789755490821993922e+00 1.782317119046019416e+00 6.533698170399025784e+00 6.526016201046170195e+00
8.800000000000000000e+01 1.790846622828189627e+00 1.782360761087070200e+00 6.539670232074869638e+00 6.527888184297347074e+00
9.000000000000000000e+01 1.786667233308979474e+00 1.780923055036650160e+00 6.525005778924497513e+00 6.523136998344716275e+00
9.200000000000000000e+01 1.789418445818018011e+00 1.781025473689811456e+00 6.536657453970926568e+00 6.525778368653880612e+00
9.400000000000000000e+01 1.782472228709974127e+00 1.775376667410370812e+00 6.511659009495839534e+00 6.505456238390086909e+00
9.600000000000000000e+01 1.785879033320536102e+00 1.782175702691680907e+00 6.521934783302778982e+00 6.525239843881154300e+00
9.800000000000000000e+01 1.789359589086880975e+00 1.782151759613838315e+00 6.530904405563844328e+00 6.521785756715160254e+00
1.000000000000000000e+02 1.795091675727232161e+00 1.786864383338167439e+00 6.549842148133063091e+00 6.537765977340167289e+00
1.020000000000000000e+02 1.792618891614759624e+00 1.787005239065012407e+00 6.542700387684330821e+00 6.540878047419455221e+00
1.040000000000000000e+02 1.794050912270529263e+00 1.786657784105542435e+00 6.549132096667760194e+00 6.540392776333340485e+00
1.060000000000000000e+02 1.793790581280706009e+00 1.785994264426360889e+00 6.548190378703528047e+00 6.537488828263223972e+00
1.080000000000000000e+02 1.787805450698827681e+00 1.782107797236606617e+00 6.528940413531355347e+00 6.525183790062990319e+00
1.100000000000000000e+02 1.787736984666448814e+00 1.779663680779250079e+00 6.529584880633120036e+00 6.517468750743997674e+00
1.120000000000000000e+02 1.786715679977271209e+00 1.779546367593045852e+00 6.526337635435459639e+00 6.517637951897695459e+00
1.140000000000000000e+02 1.782917057526364202e+00 1.778876842105839629e+00 6.513661758527901746e+00 6.514344663080906095e+00
1.160000000000000000e+02 1.785635198215965058e+00 1.778592407842592316e+00 6.522492606611693056e+00 6.512800516497013525e+00
1.180000000000000000e+02 1.784997223107135156e+00 1.779019059213713616e+00 6.520158251122660786e+00 6.514260900936188925e+00
1.200000000000000000e+02 1.787993231737537103e+00 1.781760182094600520e+00 6.534109532533523002e+00 6.526724572971375871e+00
1.220000000000000000e+02 1.786819700259274946e+00 1.780222139171456774e+00 6.528259588967015858e+00 6.518999600897381619e+00
1.240000000000000000e+02 1.787804249473473162e+00 1.781770912452913969e+00 6.531229361671714528e+00 6.523357450802645729e+00
1.260000000000000000e+02 1.788078754246205104e+00 1.782577289906600804e+00 6.529289155300195269e+00 6.524026261781883385e+00
1.280000000000000000e+02 1.792721230253424336e+00 1.786220162196893613e+00 6.545543958590056555e+00 6.537525902753115403e+00
1.300000000000000000e+02 1.790712893909629733e+00 1.784055354996295417e+00 6.541648962390963717e+00 6.532656516254903067e+00
1.320000000000000000e+02 1.788830278781596395e+00 1.784496980732994009e+00 6.531722484888922153e+00 6.531885441083419508e+00
1.340000000000000000e+02 1.784750184962302200e+00 1.779206840390119337e+00 6.518533388488251035e+00 6.515536550934585946e+00
1.360000000000000000e+02 1.784186041028476000e+00 1.778637171026569375e+00 6.518190333718110629e+00 6.514859885561171460e+00
1.380000000000000000e+02 1.785660662797023068e+00 1.779162797868290014e+00 6.523644451268950206e+00 6.516990045155009348e+00
1.400000000000000000e+02 1.786754757622512679e+00 1.780506893738402985e+00 6.527187582762281615e+00 6.521227934505518853e+00
1.420000000000000000e+02 1.787870473339804089e+00 1.779767140550768012e+00 6.529229492812449465e+00 6.516660283897412143e+00
1.440000000000000000e+02 1.785683244530173353e+00 1.779343692232894236e+00 6.522001807492064707e+00 6.515094995155507718e+00
1.460000000000000000e+02 1.781837856954086030e+00 1.775787783764926742e+00 6.507862021849843970e+00 6.501117046822775691e+00
1.480000000000000000e+02 1.791104631584424345e+00 1.784380548497254138e+00 6.540372596558571949e+00 6.530747693292870970e+00
1.500000000000000000e+02 1.789573955817302053e+00 1.785794712000960738e+00 6.534464759345051554e+00 6.534729176380659865e+00
1.520000000000000000e+02 1.794071251932125577e+00 1.790736116308822679e+00 6.546120202359365869e+00 6.548593093694099920e+00
1.540000000000000000e+02 1.790189188963089650e+00 1.784305035677881346e+00 6.535954209459784003e+00 6.528919750337276895e+00
1.560000000000000000e+02 1.788088843905580871e+00 1.782726473712984872e+00 6.528697775456960173e+00 6.523897254851596550e+00
1.580000000000000000e+02 1.786573863216017299e+00 1.780751689739135113e+00 6.527663967260233235e+00 6.521210956946418946e+00
1.600000000000000000e+02 1.787231297118210938e+00 1.779118435114641184e+00 6.529735828856678026e+00 6.514632868291209356e+00
1.620000000000000000e+02 1.787296800229424720e+00 1.781664810106811325e+00 6.528384348850894803e+00 6.521949515661541241e+00
1.640000000000000000e+02 1.780624527229039522e+00 1.777529463023052703e+00 6.505269179595360995e+00 6.507340875094007160e+00
1.660000000000000000e+02 1.786662909052660231e+00 1.779438423517277768e+00 6.528314120163748235e+00 6.515523089944950108e+00
1.680000000000000000e+02 1.788238828535312130e+00 1.781812632673523300e+00 6.531263317793471579e+00 6.522694884628613465e+00
1.700000000000000000e+02 1.790569075303269475e+00 1.783457898985672196e+00 6.538089574823778172e+00 6.527847589308914955e+00
1.720000000000000000e+02 1.793412456747812467e+00 1.787575068501741749e+00 6.548755331613101305e+00 6.541804232017772058e+00
1.740000000000000000e+02 1.793156209642717824e+00 1.786970085210473735e+00 6.547193166683948462e+00 6.539353282964886382e+00
1.760000000000000000e+02 1.789774629377228976e+00 1.786525496587946238e+00 6.536451580152306207e+00 6.538856319984017063e+00
1.780000000000000000e+02 1.794424552604318324e+00 1.789239153018257866e+00 6.549348231725485192e+00 6.543644830185935568e+00
1.800000000000000000e+02 1.792384665750796024e+00 1.787543998626562214e+00 6.544972441673649222e+00 6.540880134962683279e+00
1.820000000000000000e+02 1.787838042160553531e+00 1.781536846784168571e+00 6.531449821945563450e+00 6.521877528383914324e+00
1.840000000000000000e+02 1.787801927331202467e+00 1.782669699004953312e+00 6.530251212816851059e+00 6.525148636152121817e+00
1.860000000000000000e+02 1.789518222057563834e+00 1.784864134749401421e+00 6.538255093666869300e+00 6.534741346950760921e+00
1.880000000000000000e+02 1.782836740106914952e+00 1.780266902353629943e+00 6.514527163104545160e+00 6.517504864864101854e+00
1.900000000000000000e+02 1.783024200806581527e+00 1.778064859270007902e+00 6.513587044551753635e+00 6.509254903366196388e+00
1.920000000000000000e+02 1.782989847668585037e+00 1.776907183073704877e+00 6.517810361283836507e+00 6.508833131200000288e+00
1.940000000000000000e+02 1.781997931373851873e+00 1.777300922704011965e+00 6.514032361253612180e+00 6.509367011650994073e+00
1.960000000000000000e+02 1.786754197126322774e+00 1.781565754628134046e+00 6.530726955526912292e+00 6.524091525482734077e+00
1.980000000000000000e+02 1.790682544645682439e+00 1.782460777580078259e+00 6.543943038781112165e+00 6.527078598250358077e+00
2.000000000000000000e+02 1.787653303970379470e+00 1.780751449554621280e+00 6.533597432102990155e+00 6.520299751070166572e+00
2.020000000000000000e+02 1.787719287582869576e+00 1.780423773581449876e+00 6.532343729497432250e+00 6.519020581541840720e+00
2.040000000000000000e+02 1.788593650702929860e+00 1.783289736852521346e+00 6.535383658036281851e+00 6.529214041774996424e+00
2.060000000000000000e+02 1.786494266940357623e+00 1.782724151486754893e+00 6.526528325739051617e+00 6.524508411015956355e+00
2.080000000000000000e+02 1.781543893577301363e+00 1.778953636189529508e+00 6.511646353398776732e+00 6.514065032703634905e+00
2.100000000000000000e+02 1.786758521269587341e+00 1.782315757814828761e+00 6.533282966123959312e+00 6.529103375114491570e+00
2.120000000000000000e+02 1.783012349446785105e+00 1.776596963980408672e+00 6.519887109903861777e+00 6.509792626708300389e+00
2.140000000000000000e+02 1.782508503637682651e+00 1.777425282596512224e+00 6.515698865880643176e+00 6.509988016921211873e+00
2.160000000000000000e+02 1.780174253049819466e+00 1.773954976657077909e+00 6.508476544313723799e+00 6.497500640882619471e+00
2.180000000000000000e+02 1.780846020731000623e+00 1.775367859030765327e+00 6.510498034697290493e+00 6.502206835981768407e+00
2.200000000000000000e+02 1.784585145863085476e+00 1.779119476124938481e+00 6.519837781494845608e+00 6.511200642109772119e+00
2.220000000000000000e+02 1.788630726361588597e+00 1.783118131342329438e+00 6.532741397355330548e+00 6.525119006224938012e+00
2.240000000000000000e+02 1.790162443182343743e+00 1.786270130321681915e+00 6.537500037083243676e+00 6.535365954087373197e+00
2.260000000000000000e+02 1.791560911549662016e+00 1.784715671856137664e+00 6.543461450112614486e+00 6.531320984956033193e+00
2.280000000000000000e+02 1.792098389760320876e+00 1.786767329769899160e+00 6.546326323181180129e+00 6.539310683852325390e+00
2.300000000000000000e+02 1.798663359483863466e+00 1.793313000824892312e+00 6.567408479439122537e+00 6.561014644315410038e+00
2.320000000000000000e+02 1.794731728738257592e+00 1.790060985345370170e+00 6.551911929424568015e+00 6.548091323257335894e+00
2.340000000000000000e+02 1.795839436733372318e+00 1.788573471138083626e+00 6.556344250122275952e+00 6.543259571665328345e+00
2.360000000000000000e+02 1.794113052217303217e+00 1.788340206249314113e+00 6.548387612485667475e+00 6.540003598071245428e+00
2.380000000000000000e+02 1.794306518752603496e+00 1.788901467408317680e+00 6.546426660307795409e+00 6.540929941922195567e+00
2.400000000000000000e+02 1.792811477334119719e+00 1.786491703978543066e+00 6.541605882558812368e+00 6.532100131269271692e+00
2.420000000000000000e+02 1.785126387689558447e+00 1.779545566883413921e+00 6.519726472277099560e+00 6.512924720204607887e+00
2.440000000000000000e+02 1.787388168366553565e+00 1.780691952154120905e+00 6.530032037586625648e+00 6.518531385283639068e+00
2.460000000000000000e+02 1.787474011184808864e+00 1.783129662504987500e+00 6.529680417530244974e+00 6.527183501362559426e+00
2.480000000000000000e+02 1.792534650333109658e+00 1.786608216325778153e+00 6.545216838518896019e+00 6.537147372951364943e+00
2.500000000000000000e+02 1.794082222455834597e+00 1.785993944126584410e+00 6.548502762694506707e+00 6.532829245440350263e+00
2.520000000000000000e+02 1.791987803126380951e+00 1.787550484850749744e+00 6.541013702568514887e+00 6.537906834624476637e+00
2.540000000000000000e+02 1.794388918202243444e+00 1.789358387951711205e+00 6.548843737260609643e+00 6.543507094432340132e+00
2.560000000000000000e+02 1.797930252665733031e+00 1.793591509284219399e+00 6.559186863175906268e+00 6.556668882932549458e+00
2.580000000000000000e+02 1.796884204086232062e+00 1.792001576420025000e+00 6.558262120982633725e+00 6.553596051677031298e+00
2.600000000000000000e+02 1.795855772516359750e+00 1.791881620700323863e+00 6.556276905733036564e+00 6.554741164796649144e+00
2.620000000000000000e+02 1.793625382004038205e+00 1.787915797031227605e+00 6.550366580954761986e+00 6.542956155853079991e+00
2.640000000000000000e+02 1.790563630026753339e+00 1.786629276616408912e+00 6.540680259532661189e+00 6.539056753655385634e+00
2.660000000000000000e+02 1.791677744230398384e+00 1.786449183076071145e+00 6.544404691604424507e+00 6.538012620729609203e+00
2.680000000000000000e+02 1.791070839028098716e+00 1.785233130556496572e+00 6.541636229889653542e+00 6.532938791258613875e+00
2.700000000000000000e+02 1.790187187089786747e+00 1.786191174242786728e+00 6.539011833484134506e+00 6.536368694335436658e+00
2.720000000000000000e+02 1.791782084807259201e+00 1.786109415475521933e+00 6.543292886259197694e+00 6.535255532085975538e+00
2.740000000000000000e+02 1.797590965491174364e+00 1.792438077226170767e+00 6.563706708342665230e+00 6.557094740262038535e+00
2.760000000000000000e+02 1.797971732611231888e+00 1.792812598359036613e+00 6.564155065202030848e+00 6.558066489737694127e+00
2.780000000000000000e+02 1.801724951408367303e+00 1.797435936004081691e+00 6.576617380168977789e+00 6.573092019501771688e+00
2.800000000000000000e+02 1.799480787558507044e+00 1.793949374368102090e+00 6.568398561255958334e+00 6.560597435763045659e+00
2.820000000000000000e+02 1.799598741324715867e+00 1.793577495848947434e+00 6.569765255900221312e+00 6.561280903899174177e+00
2.840000000000000000e+02 1.796109537146517665e+00 1.789993079912957530e+00 6.559852310301537592e+00 6.550696425002557000e+00
2.860000000000000000e+02 1.799092092831481526e+00 1.791831172126532756e+00 6.569065773851609613e+00 6.555840800484613595e+00
2.880000000000000000e+02 1.797851216416900266e+00 1.792914776848810288e+00 6.566595605341029263e+00 6.561851699161855400e+00
2.900000000000000000e+02 1.796796199438172481e+00 1.791410926882423205e+00 6.563682536823036706e+00 6.556360504229262531e+00
2.920000000000000000e+02 1.795348803689814199e+00 1.792491568846151129e+00 6.559951447565667948e+00 6.562073197114935752e+00
2.940000000000000000e+02 1.795696418819528350e+00 1.789972339883719510e+00 6.559500366322819076e+00 6.552612932203627061e+00
2.960000000000000000e+02 1.792913896060402079e+00 1.787042795334867540e+00 6.550997278234690135e+00 6.543875373175913168e+00
2.980000000000000000e+02 1.792310994814494407e+00 1.788544323049037654e+00 6.547741866748829409e+00 6.547308240034381832e+00
3.000000000000000000e+02 1.796508802186841836e+00 1.790391463994603916e+00 6.561456198138690965e+00 6.552794949934987123e+00
3.020000000000000000e+02 1.797825912091169265e+00 1.790678380844082929e+00 6.565857609421216878e+00 6.552524057094322174e+00
3.040000000000000000e+02 1.792997816958670443e+00 1.788063699636460946e+00 6.548986757407520898e+00 6.544263750910696231e+00
3.060000000000000000e+02 1.791995010117930276e+00 1.787391691729058651e+00 6.545189696415470770e+00 6.543048967274939010e+00
3.080000000000000000e+02 1.793235886495631259e+00 1.787855178595382233e+00 6.550022006528681828e+00 6.544238366559661735e+00
3.100000000000000000e+02 1.796373071255161546e+00 1.790874569736624622e+00 6.558366702349348820e+00 6.552022754467045296e+00
3.120000000000000000e+02 1.795291468425224135e+00 1.791178062381416192e+00 6.553585961795517889e+00 6.552821374592835646e+00
3.140000000000000000e+02 1.796616185658500786e+00 1.790460170243763027e+00 6.557953819940048668e+00 6.549634588824004844e+00
3.160000000000000000e+02 1.793688883308495408e+00 1.788927572572447833e+00 6.548708328230604891e+00 6.544391797021613222e+00
3.180000000000000000e+02 1.793091106865303264e+00 1.787744351725337522e+00 6.545626038444908978e+00 6.539519845277015797e+00
3.200000000000000000e+02 1.792964584945673900e+00 1.787585558623000503e+00 6.546482236434612467e+00 6.540991360029904556e+00
3.220000000000000000e+02 1.793544343948996200e+00 1.787454552352854220e+00 6.547888008330745357e+00 6.539616181225507141e+00
3.240000000000000000e+02 1.790442793513858710e+00 1.787364145131642434e+00 6.538019504924735159e+00 6.540742076131420113e+00
3.260000000000000000e+02 1.788299446959425554e+00 1.784674111550271336e+00 6.532353099112802042e+00 6.531736657948336244e+00
3.280000000000000000e+02 1.791488281583599962e+00 1.786927724402799900e+00 6.541039812293593769e+00 6.538362158450285122e+00
3.300000000000000000e+02 1.789446392757875870e+00 1.785918751520994663e+00 6.534515205189832088e+00 6.534615541804243755e+00
3.320000000000000000e+02 1.795419672024045177e+00 1.790167728248381884e+00 6.551752493528026022e+00 6.547309920197716515e+00
3.340000000000000000e+02 1.798151105596184074e+00 1.791748852702561123e+00 6.560998389312786117e+00 6.552079930895819082e+00
3.360000000000000000e+02 1.796731336679405766e+00 1.789865997326117064e+00 6.554297614684144513e+00 6.543927822514713277e+00
3.380000000000000000e+02 1.801877338322473987e+00 1.794918308637321935e+00 6.574463439135499243e+00 6.564115748987731536e+00
3.400000000000000000e+02 1.798896864558535924e+00 1.791907325601461709e+00 6.562967585639133183e+00 6.551313428666587946e+00
3.420000000000000000e+02 1.803154089304973784e+00 1.797326550590896188e+00 6.577044834878826407e+00 6.569606703978037032e+00
3.440000000000000000e+02 1.798281791581036293e+00 1.793217708954488065e+00 6.562290288152594186e+00 6.557281164031405041e+00
3.460000000000000000e+02 1.797923205861363005e+00 1.791788651042411029e+00 6.562847151931693546e+00 6.554238753961717734e+00
3.480000000000000000e+02 1.799543568138787908e+00 1.793993657085568572e+00 6.568912344569585393e+00 6.561720051501158224e+00
3.500000000000000000e+02 1.795617943154609764e+00 1.791405001134089625e+00 6.557217180147557833e+00 6.555042177044665408e+00
3.520000000000000000e+02 1.795701223484806874e+00 1.790310265722111938e+00 6.557058547374428947e+00 6.552201251985177777e+00
3.540000000000000000e+02 1.796993349227249848e+00 1.790964976972808875e+00 6.565588220158519839e+00 6.557502901635719361e+00
3.560000000000000000e+02 1.794164942267628016e+00 1.790206565699914654e+00 6.551753214932215741e+00 6.552416259599290527e+00
3.580000000000000000e+02 1.792206894404412276e+00 1.784503867411178391e+00 6.545537875942633477e+00 6.533875943829587030e+00
3.600000000000000000e+02 1.790857833678481503e+00 1.784548470465882497e+00 6.541076084947807345e+00 6.533877227843191804e+00
3.620000000000000000e+02 1.794213389031044770e+00 1.790017823755809534e+00 6.550660151977084844e+00 6.549791782203020496e+00
3.640000000000000000e+02 1.797009845183731969e+00 1.790688070003285670e+00 6.557937402474107280e+00 6.549903652267708765e+00
3.660000000000000000e+02 1.795546914638256331e+00 1.790643146630316096e+00 6.552985292135025119e+00 6.550569338512917561e+00
3.680000000000000000e+02 1.793068925492288690e+00 1.787898660511868965e+00 6.545315416060282665e+00 6.539892288754172611e+00
3.700000000000000000e+02 1.793222673716820204e+00 1.786462636006308946e+00 6.545742952283042371e+00 6.535801743230964078e+00
3.720000000000000000e+02 1.793284973820377326e+00 1.788414517891021349e+00 6.545578794110087806e+00 6.541946051598513279e+00
3.740000000000000000e+02 1.792403483912416107e+00 1.784638317056230772e+00 6.542664031656217460e+00 6.529483502345776458e+00
3.760000000000000000e+02 1.789651230341925192e+00 1.784851722797972329e+00 6.535532601532202612e+00 6.532768784615349489e+00
3.780000000000000000e+02 1.795663667247000550e+00 1.791088616116508936e+00 6.554120160812441753e+00 6.552248414757604777e+00
3.800000000000000000e+02 1.794666145510482869e+00 1.790687108999373001e+00 6.551695238364892759e+00 6.551242794288191007e+00
3.820000000000000000e+02 1.794333344649620354e+00 1.787095165831321442e+00 6.550663993606814728e+00 6.538200720364848451e+00
3.840000000000000000e+02 1.794389799052616974e+00 1.788421564665918062e+00 6.548837170964740828e+00 6.541831459107894098e+00
3.860000000000000000e+02 1.798091848495571687e+00 1.792782329157644128e+00 6.560250461613117423e+00 6.555817415887005950e+00
3.880000000000000000e+02 1.801386224759037757e+00 1.794277210433284919e+00 6.571915992931826267e+00 6.561956039282129893e+00
3.900000000000000000e+02 1.797823589774875552e+00 1.793376742248769862e+00 6.560944654838031909e+00 6.558039101062227871e+00
3.920000000000000000e+02 1.797799806883054741e+00 1.792481479121538435e+00 6.560531374000980520e+00 6.556328956161635801e+00
3.940000000000000000e+02 1.795664708297710410e+00 1.789742838661202207e+00 6.551471340313638869e+00 6.545012163620354428e+00
3.960000000000000000e+02 1.793860969152366147e+00 1.789845417487164525e+00 6.547707828557183696e+00 6.547622465022956639e+00
3.980000000000000000e+02 1.793522162519598728e+00 1.786233775332044527e+00 6.546946287846503232e+00 6.534422878164945381e+00
4.000000000000000000e+02 1.789816109309208203e+00 1.783065360529549892e+00 6.533781213475661431e+00 6.522698569749948661e+00
4.020000000000000000e+02 1.790832849584773845e+00 1.784628467586543588e+00 6.537309772425230925e+00 6.529047718629591657e+00
4.040000000000000000e+02 1.789513417409049012e+00 1.783029566473462557e+00 6.533236439887903479e+00 6.524665312323173261e+00
4.060000000000000000e+02 1.791650678103146266e+00 1.786725689581068810e+00 6.541192678386798853e+00 6.537746516556163456e+00
4.080000000000000000e+02 1.793828217579174877e+00 1.788028625947714723e+00 6.548235383432372991e+00 6.540587853507412675e+00
4.100000000000000000e+02 1.797542678927143589e+00 1.792108639588471997e+00 6.559903959994279887e+00 6.554761745627994962e+00
4.120000000000000000e+02 1.799811266213487304e+00 1.795443534966234989e+00 6.567887263660847630e+00 6.565876102199998954e+00
4.140000000000000000e+02 1.796889329072242081e+00 1.791651879249994028e+00 6.557360283993449279e+00 6.552873827267088558e+00
4.160000000000000000e+02 1.795563730964657267e+00 1.789720016666349833e+00 6.552245056189578420e+00 6.545030662277276257e+00
4.180000000000000000e+02 1.798485828303205247e+00 1.791824045273599841e+00 6.564312659939396610e+00 6.555256471888525560e+00
4.200000000000000000e+02 1.799146144928837288e+00 1.793231722507546255e+00 6.564806019269391335e+00 6.557247533162537501e+00
4.220000000000000000e+02 1.800183064706398994e+00 1.791900839272678958e+00 6.569333314540090285e+00 6.554041444974388675e+00
4.240000000000000000e+02 1.796297077969113865e+00 1.789500925361784178e+00 6.556936827493164088e+00 6.547175710615128708e+00
4.260000000000000000e+02 1.796305325951848220e+00 1.791276477310091320e+00 6.556724782305508370e+00 6.552386712943402358e+00
4.280000000000000000e+02 1.797137328166671599e+00 1.788577394938334120e+00 6.560609050969357092e+00 6.544443447080124265e+00
4.300000000000000000e+02 1.792224191084533791e+00 1.788683497257396171e+00 6.542313051702433491e+00 6.544697536024267848e+00
4.320000000000000000e+02 1.796226610298658155e+00 1.790637701422897354e+00 6.554852729186499083e+00 6.549394755667461432e+00
4.340000000000000000e+02 1.799021224455903845e+00 1.793863611675866832e+00 6.564108137314315528e+00 6.561064291140449534e+00
4.360000000000000000e+02 1.793503824838351690e+00 1.788737629398761131e+00 6.547187082817587545e+00 6.543994127479924927e+00
4.380000000000000000e+02 1.790519747743331669e+00 1.787038631359275875e+00 6.534990473312454640e+00 6.536591393336239619e+00
4.400000000000000000e+02 1.793575493895632755e+00 1.786051279442468998e+00 6.543522867754216321e+00 6.530589944421209658e+00
4.420000000000000000e+02 1.793193125342361194e+00 1.788145058106545005e+00 6.539261598816687560e+00 6.536435239716205992e+00
4.440000000000000000e+02 1.796387164851043439e+00 1.789093412772550407e+00 6.551689152002850847e+00 6.540682036184011672e+00
4.460000000000000000e+02 1.798422807473301743e+00 1.792064196798585307e+00 6.559720979424580989e+00 6.550678407146528492e+00
4.480000000000000000e+02 1.794476762930669489e+00 1.789149306326512257e+00 6.545838648871668219e+00 6.540617715626717121e+00
4.500000000000000000e+02 1.796237900986339842e+00 1.792359681663863835e+00 6.550941545424707080e+00 6.551684826743434442e+00
4.520000000000000000e+02 1.791023273449673381e+00 1.787298401794375380e+00 6.534704126006705138e+00 6.534901664610916150e+00
4.540000000000000000e+02 1.784516199385049129e+00 1.778278665403532521e+00 6.508064142892433956e+00 6.499964805765681142e+00
4.560000000000000000e+02 1.794501506734152541e+00 1.789268140956067343e+00 6.533232915604147095e+00 6.528409895909182303e+00
4.580000000000000000e+02 1.788287035028504723e+00 1.783028364813174838e+00 6.527583490900222607e+00 6.523446576731425139e+00
4.600000000000000000e+02 1.789336526904732994e+00 1.782217022583372223e+00 6.529374516973948772e+00 6.518419437240907222e+00
4.620000000000000000e+02 1.788021899474382170e+00 1.784367335820931100e+00 6.523429925499733883e+00 6.524055892133804768e+00
4.640000000000000000e+02 1.789579561191118939e+00 1.783659773594894249e+00 6.527919496366327401e+00 6.521092441862591293e+00
4.660000000000000000e+02 1.792628901255565399e+00 1.786142647484707302e+00 6.537638091751039937e+00 6.528819255380601483e+00
4.680000000000000000e+02 1.801908087978183692e+00 1.795055801167470433e+00 6.568517161261945070e+00 6.558662510316706218e+00
4.700000000000000000e+02 1.800320397145544593e+00 1.792231638245177727e+00 6.560247976749713494e+00 6.546163605155871146e+00
4.720000000000000000e+02 1.800458530325545814e+00 1.795355049705025907e+00 6.563798558720352005e+00 6.559800020010748689e+00
4.740000000000000000e+02 1.798287236851660920e+00 1.791496609562244435e+00 6.558435170035077810e+00 6.548432617963436897e+00
4.760000000000000000e+02 1.795513042054663888e+00 1.792081493456068264e+00 6.548164035065722643e+00 6.549593908490148664e+00
4.780000000000000000e+02 1.797003118702271030e+00 1.789937105897765113e+00 6.553760449924543430e+00 6.542271007651524251e+00
4.800000000000000000e+02 1.793684639166820194e+00 1.787979218219508892e+00 6.543358629604821175e+00 6.536936448720675585e+00
4.820000000000000000e+02 1.796144450910335699e+00 1.790047932771346550e+00 6.552280532267237945e+00 6.545425925050459171e+00
4.840000000000000000e+02 1.795110654104759673e+00 1.789634093796135250e+00 6.547704548025334859e+00 6.541589866318119562e+00
4.860000000000000000e+02 1.794326858437221617e+00 1.788441584023576558e+00 6.541980649116103663e+00 6.533838548979499450e+00
4.880000000000000000e+02 1.794644844949456086e+00 1.789128085919445388e+00 6.543424292994966862e+00 6.536687486510810885e+00
4.900000000000000000e+02 1.790961293429040424e+00 1.786538949628953210e+00 6.533586462882208679e+00 6.530800709499630763e+00
4.920000000000000000e+02 1.793715468933144708e+00 1.786953589786128171e+00 6.542758606696144064e+00 6.532466274408498919e+00
4.940000000000000000e+02 1.783711903955000233e+00 1.777736222386354870e+00 6.508743447519316661e+00 6.501023117243085458e+00
4.960000000000000000e+02 1.786889847945392962e+00 1.777955874190839891e+00 6.520660022331683514e+00 6.502065254444916675e+00
4.980000000000000000e+02 1.786308167118364043e+00 1.781206528316516602e+00 6.517126257577884552e+00 6.511860963713259842e+00
5.000000000000000000e+02 1.784590030521315374e+00 1.778497116049278848e+00 6.512554758598668059e+00 6.503724632872634359e+00
