# delays[ps] delta_averaged scan 0
-2.000000000000000000e+01 8.102182049788364765e-05 8.102182049788364765e-05
-1.800000000000000000e+01 8.231905010249685405e-05 8.231905010249685405e-05
-1.600000000000000000e+01 3.861851276634142670e-05 3.861851276634142670e-05
-1.400000000000000000e+01 7.320051638391711617e-05 7.320051638391711617e-05
-1.200000000000000000e+01 1.286922703997371814e-04 1.286922703997371814e-04
-1.000000000000000000e+01 9.967540685836817345e-05 9.967540685836817345e-05
-8.000000000000000000e+00 5.853014672120637545e-05 5.853014672120637545e-05
-6.000000000000000000e+00 4.311770326903152531e-05 4.311770326903152531e-05
-4.000000000000000000e+00 9.733367951121229720e-05 9.733367951121229720e-05
-2.000000000000000000e+00 -6.376645330658625683e-06 -6.376645330658625683e-06
-1.000000000000000000e+00 -1.140425605293815469e-05 -1.140425605293815469e-05
-9.000000000000000222e-01 3.282981690905595134e-05 3.282981690905595134e-05
-8.000000000000000444e-01 7.366516759884932954e-05 7.366516759884932954e-05
-6.999999999999999556e-01 2.787223486595225168e-05 2.787223486595225168e-05
-5.999999999999999778e-01 5.468878406029342487e-05 5.468878406029342487e-05
-5.000000000000000000e-01 3.767659638642250898e-05 3.767659638642250898e-05
-4.000000000000000222e-01 -2.304652231700798993e-05 -2.304652231700798993e-05
-2.999999999999999889e-01 -1.019064290351752217e-04 -1.019064290351752217e-04
-2.000000000000000111e-01 -8.102578644674554012e-04 -8.102578644674554012e-04
-1.000000000000000056e-01 -1.274151577844461793e-03 -1.274151577844461793e-03
0.000000000000000000e+00 -1.596914385300186780e-03 -1.596914385300186780e-03
1.000000000000000056e-01 -1.793905512471093708e-03 -1.793905512471093708e-03
2.000000000000000111e-01 -1.819347039609647615e-03 -1.819347039609647615e-03
2.999999999999999889e-01 -1.791264567767055036e-03 -1.791264567767055036e-03
4.000000000000000222e-01 -1.799036350189088399e-03 -1.799036350189088399e-03
5.000000000000000000e-01 -1.720918256661333129e-03 -1.720918256661333129e-03
5.999999999999999778e-01 -1.764702643516859095e-03 -1.764702643516859095e-03
6.999999999999999556e-01 -1.812527323715034571e-03 -1.812527323715034571e-03
8.000000000000000444e-01 -1.669934326493671597e-03 -1.669934326493671597e-03
9.000000000000000222e-01 -1.682310505309679094e-03 -1.682310505309679094e-03
1.000000000000000000e+00 -1.709362458354155706e-03 -1.709362458354155706e-03
1.100000000000000089e+00 -1.699144648469023359e-03 -1.699144648469023359e-03
1.199999999999999956e+00 -1.777550673208986090e-03 -1.777550673208986090e-03
1.300000000000000044e+00 -1.768836185663901980e-03 -1.768836185663901980e-03
1.399999999999999911e+00 -1.712952793144535517e-03 -1.712952793144535517e-03
1.500000000000000000e+00 -1.747991315094541993e-03 -1.747991315094541993e-03
1.600000000000000089e+00 -1.669653482435009152e-03 -1.669653482435009152e-03
1.699999999999999956e+00 -1.779073687379112336e-03 -1.779073687379112336e-03
1.800000000000000044e+00 -1.730788809708221293e-03 -1.730788809708221293e-03
1.899999999999999911e+00 -1.707668903934160456e-03 -1.707668903934160456e-03
2.000000000000000000e+00 -1.796867211605251719e-03 -1.796867211605251719e-03
3.000000000000000000e+00 -1.778667136103178475e-03 -1.778667136103178475e-03
4.000000000000000000e+00 -1.862782993429608217e-03 -1.862782993429608217e-03
5.000000000000000000e+00 -1.882855066293247486e-03 -1.882855066293247486e-03
6.000000000000000000e+00 -1.894930796371826738e-03 -1.894930796371826738e-03
7.000000000000000000e+00 -1.893666520005142040e-03 -1.893666520005142040e-03
8.000000000000000000e+00 -1.854744903972924694e-03 -1.854744903972924694e-03
9.000000000000000000e+00 -2.032078362085290232e-03 -2.032078362085290232e-03
1.000000000000000000e+01 -2.158022218523889847e-03 -2.158022218523889847e-03
1.100000000000000000e+01 -2.295248527448153029e-03 -2.295248527448153029e-03
1.200000000000000000e+01 -2.270480764310348152e-03 -2.270480764310348152e-03
1.300000000000000000e+01 -2.533984522288439470e-03 -2.533984522288439470e-03
1.400000000000000000e+01 -2.632988803912324465e-03 -2.632988803912324465e-03
1.500000000000000000e+01 -2.890639544848725567e-03 -2.890639544848725567e-03
1.600000000000000000e+01 -3.098454231799759994e-03 -3.098454231799759994e-03
1.700000000000000000e+01 -3.187066207723794880e-03 -3.187066207723794880e-03
1.800000000000000000e+01 -3.230247048128674549e-03 -3.230247048128674549e-03
1.900000000000000000e+01 -3.403920480371280029e-03 -3.403920480371280029e-03
2.000000000000000000e+01 -3.495864193821828815e-03 -3.495864193821828815e-03
2.100000000000000000e+01 -3.435905977216260985e-03 -3.435905977216260985e-03
2.200000000000000000e+01 -3.395266755297262750e-03 -3.395266755297262750e-03
2.300000000000000000e+01 -3.499339019793237977e-03 -3.499339019793237977e-03
2.400000000000000000e+01 -3.396245506799607915e-03 -3.396245506799607915e-03
2.500000000000000000e+01 -3.423643384792136174e-03 -3.423643384792136174e-03
2.600000000000000000e+01 -3.462411667642189671e-03 -3.462411667642189671e-03
2.700000000000000000e+01 -3.386422496656263468e-03 -3.386422496656263468e-03
2.800000000000000000e+01 -3.278603054057259263e-03 -3.278603054057259263e-03
2.900000000000000000e+01 -3.251821045618596799e-03 -3.251821045618596799e-03
3.000000000000000000e+01 -3.226276377772521308e-03 -3.226276377772521308e-03
3.100000000000000000e+01 -3.273598050272342672e-03 -3.273598050272342672e-03
3.200000000000000000e+01 -3.184891747212849778e-03 -3.184891747212849778e-03
3.300000000000000000e+01 -3.240060182397321107e-03 -3.240060182397321107e-03
3.400000000000000000e+01 -3.166801292144096579e-03 -3.166801292144096579e-03
3.500000000000000000e+01 -3.185267276677462931e-03 -3.185267276677462931e-03
3.600000000000000000e+01 -3.126699802332549068e-03 -3.126699802332549068e-03
3.700000000000000000e+01 -2.981049348610578711e-03 -2.981049348610578711e-03
3.800000000000000000e+01 -2.948083600028758664e-03 -2.948083600028758664e-03
3.900000000000000000e+01 -2.930076761697355571e-03 -2.930076761697355571e-03
4.000000000000000000e+01 -2.830303915825140276e-03 -2.830303915825140276e-03
4.100000000000000000e+01 -2.791312302552691020e-03 -2.791312302552691020e-03
4.200000000000000000e+01 -2.803718067396171292e-03 -2.803718067396171292e-03
4.300000000000000000e+01 -2.592949630409160412e-03 -2.592949630409160412e-03
4.400000000000000000e+01 -2.626662390415207635e-03 -2.626662390415207635e-03
4.500000000000000000e+01 -2.665213558386826838e-03 -2.665213558386826838e-03
4.600000000000000000e+01 -2.597223285631953052e-03 -2.597223285631953052e-03
4.700000000000000000e+01 -2.606672626481504676e-03 -2.606672626481504676e-03
4.800000000000000000e+01 -2.601929198231209012e-03 -2.601929198231209012e-03
4.900000000000000000e+01 -2.556507408812385817e-03 -2.556507408812385817e-03
5.000000000000000000e+01 -2.444271675800273845e-03 -2.444271675800273845e-03
5.100000000000000000e+01 -2.457791830478241266e-03 -2.457791830478241266e-03
5.200000000000000000e+01 -2.530505573056187306e-03 -2.530505573056187306e-03
5.300000000000000000e+01 -2.426215274158757557e-03 -2.426215274158757557e-03
5.400000000000000000e+01 -2.377313361963709695e-03 -2.377313361963709695e-03
5.500000000000000000e+01 -2.382210355825995027e-03 -2.382210355825995027e-03
5.600000000000000000e+01 -2.386292038035944980e-03 -2.386292038035944980e-03
5.700000000000000000e+01 -2.251451235275556649e-03 -2.251451235275556649e-03
5.800000000000000000e+01 -2.241696950940888586e-03 -2.241696950940888586e-03
5.900000000000000000e+01 -2.264491221791556461e-03 -2.264491221791556461e-03
6.000000000000000000e+01 -2.204059853630406345e-03 -2.204059853630406345e-03
6.100000000000000000e+01 -2.172812010009452129e-03 -2.172812010009452129e-03
6.200000000000000000e+01 -2.240585268724827345e-03 -2.240585268724827345e-03
6.300000000000000000e+01 -2.147723085226766870e-03 -2.147723085226766870e-03
6.400000000000000000e+01 -2.179896744916870552e-03 -2.179896744916870552e-03
6.500000000000000000e+01 -2.098547401785443110e-03 -2.098547401785443110e-03
6.600000000000000000e+01 -2.123351964041043059e-03 -2.123351964041043059e-03
6.700000000000000000e+01 -2.164734677655845690e-03 -2.164734677655845690e-03
6.800000000000000000e+01 -2.129708441387099301e-03 -2.129708441387099301e-03
6.900000000000000000e+01 -2.130873917445715027e-03 -2.130873917445715027e-03
7.000000000000000000e+01 -2.188315383313398522e-03 -2.188315383313398522e-03
7.100000000000000000e+01 -2.139025454050681729e-03 -2.139025454050681729e-03
7.200000000000000000e+01 -2.184846184291272617e-03 -2.184846184291272617e-03
7.300000000000000000e+01 -2.163562895021297477e-03 -2.163562895021297477e-03
7.400000000000000000e+01 -2.244910193763442492e-03 -2.244910193763442492e-03
7.500000000000000000e+01 -2.102155264726186367e-03 -2.102155264726186367e-03
7.600000000000000000e+01 -2.188859258969748454e-03 -2.188859258969748454e-03
7.700000000000000000e+01 -2.204578644565225853e-03 -2.204578644565225853e-03
7.800000000000000000e+01 -2.256362051862978793e-03 -2.256362051862978793e-03
7.900000000000000000e+01 -2.219837394990928966e-03 -2.219837394990928966e-03
8.000000000000000000e+01 -2.215542425333152845e-03 -2.215542425333152845e-03
8.100000000000000000e+01 -2.317016652416131837e-03 -2.317016652416131837e-03
8.200000000000000000e+01 -2.223268390141250935e-03 -2.223268390141250935e-03
8.300000000000000000e+01 -2.235950810476339690e-03 -2.235950810476339690e-03
8.400000000000000000e+01 -2.237396391823960867e-03 -2.237396391823960867e-03
8.500000000000000000e+01 -2.143341017378493606e-03 -2.143341017378493606e-03
8.600000000000000000e+01 -2.092720140564531973e-03 -2.092720140564531973e-03
8.700000000000000000e+01 -2.037765967745232450e-03 -2.037765967745232450e-03
8.800000000000000000e+01 -2.001925284306602017e-03 -2.001925284306602017e-03
8.900000000000000000e+01 -2.025745820922133893e-03 -2.025745820922133893e-03
9.000000000000000000e+01 -2.013624272709496794e-03 -2.013624272709496794e-03
9.100000000000000000e+01 -2.110736018897753797e-03 -2.110736018897753797e-03
9.200000000000000000e+01 -2.217338462398371884e-03 -2.217338462398371884e-03
9.300000000000000000e+01 -2.260012633082749463e-03 -2.260012633082749463e-03
9.400000000000000000e+01 -2.374133616101690557e-03 -2.374133616101690557e-03
9.500000000000000000e+01 -2.513177690273830835e-03 -2.513177690273830835e-03
9.600000000000000000e+01 -2.500568856029152832e-03 -2.500568856029152832e-03
9.700000000000000000e+01 -2.625961887789235363e-03 -2.625961887789235363e-03
9.800000000000000000e+01 -2.662584973436895285e-03 -2.662584973436895285e-03
9.900000000000000000e+01 -2.678084526133495992e-03 -2.678084526133495992e-03
1.000000000000000000e+02 -2.766275521223548160e-03 -2.766275521223548160e-03
1.010000000000000000e+02 -2.775985667835753623e-03 -2.775985667835753623e-03
1.020000000000000000e+02 -2.933225363779725769e-03 -2.933225363779725769e-03
1.030000000000000000e+02 -2.915862368839298047e-03 -2.915862368839298047e-03
1.040000000000000000e+02 -2.811660438224110759e-03 -2.811660438224110759e-03
1.050000000000000000e+02 -2.825673503119996519e-03 -2.825673503119996519e-03
1.060000000000000000e+02 -2.956431347972487012e-03 -2.956431347972487012e-03
1.070000000000000000e+02 -2.872100869473669538e-03 -2.872100869473669538e-03
1.080000000000000000e+02 -2.907051085795695974e-03 -2.907051085795695974e-03
1.090000000000000000e+02 -2.897184657497352701e-03 -2.897184657497352701e-03
1.100000000000000000e+02 -2.999038734654273491e-03 -2.999038734654273491e-03
1.110000000000000000e+02 -3.050723162237304296e-03 -3.050723162237304296e-03
1.120000000000000000e+02 -3.002379412768375801e-03 -3.002379412768375801e-03
1.130000000000000000e+02 -3.022886203938709472e-03 -3.022886203938709472e-03
1.140000000000000000e+02 -3.007386919536021025e-03 -3.007386919536021025e-03
1.150000000000000000e+02 -2.957854144092514175e-03 -2.957854144092514175e-03
1.160000000000000000e+02 -3.045636366626559410e-03 -3.045636366626559410e-03
1.170000000000000000e+02 -3.265908260631838686e-03 -3.265908260631838686e-03
1.180000000000000000e+02 -3.234117370341951878e-03 -3.234117370341951878e-03
1.190000000000000000e+02 -3.265139126112608439e-03 -3.265139126112608439e-03
1.200000000000000000e+02 -3.389284037308933507e-03 -3.389284037308933507e-03
1.210000000000000000e+02 -3.351781689970434377e-03 -3.351781689970434377e-03
1.220000000000000000e+02 -3.431059320536630850e-03 -3.431059320536630850e-03
1.230000000000000000e+02 -3.455531902271826664e-03 -3.455531902271826664e-03
1.240000000000000000e+02 -3.524365199469059549e-03 -3.524365199469059549e-03
1.250000000000000000e+02 -3.674271352694455459e-03 -3.674271352694455459e-03
1.260000000000000000e+02 -3.713404835160447320e-03 -3.713404835160447320e-03
1.270000000000000000e+02 -3.725538277491060538e-03 -3.725538277491060538e-03
1.280000000000000000e+02 -3.893097844228169888e-03 -3.893097844228169888e-03
1.290000000000000000e+02 -3.989603445196731463e-03 -3.989603445196731463e-03
1.300000000000000000e+02 -3.915160145732446938e-03 -3.915160145732446938e-03
1.310000000000000000e+02 -3.869512240458276853e-03 -3.869512240458276853e-03
1.320000000000000000e+02 -3.894670444797825992e-03 -3.894670444797825992e-03
1.330000000000000000e+02 -3.869030911320394880e-03 -3.869030911320394880e-03
1.340000000000000000e+02 -3.825871543670076626e-03 -3.825871543670076626e-03
1.350000000000000000e+02 -3.707250753182703747e-03 -3.707250753182703747e-03
1.360000000000000000e+02 -3.578991452409975918e-03 -3.578991452409975918e-03
1.370000000000000000e+02 -3.615133222419329891e-03 -3.615133222419329891e-03
1.380000000000000000e+02 -3.544824839825830212e-03 -3.544824839825830212e-03
1.390000000000000000e+02 -3.559579943205397248e-03 -3.559579943205397248e-03
1.400000000000000000e+02 -3.381240278692730986e-03 -3.381240278692730986e-03
1.410000000000000000e+02 -3.396691866261728008e-03 -3.396691866261728008e-03
1.420000000000000000e+02 -3.330969538126231973e-03 -3.330969538126231973e-03
1.430000000000000000e+02 -3.289602282609066335e-03 -3.289602282609066335e-03
1.440000000000000000e+02 -3.307387630349256473e-03 -3.307387630349256473e-03
1.450000000000000000e+02 -3.177330339640982784e-03 -3.177330339640982784e-03
1.460000000000000000e+02 -3.232323668363853899e-03 -3.232323668363853899e-03
1.470000000000000000e+02 -3.135346304836348665e-03 -3.135346304836348665e-03
1.480000000000000000e+02 -3.155498196762075453e-03 -3.155498196762075453e-03
1.490000000000000000e+02 -3.170159880295366633e-03 -3.170159880295366633e-03
1.500000000000000000e+02 -3.032712029355772495e-03 -3.032712029355772495e-03
1.510000000000000000e+02 -3.144714304225121500e-03 -3.144714304225121500e-03
1.520000000000000000e+02 -3.142947771409651970e-03 -3.142947771409651970e-03
1.530000000000000000e+02 -3.179798076935626445e-03 -3.179798076935626445e-03
1.540000000000000000e+02 -3.181443373552897760e-03 -3.181443373552897760e-03
1.550000000000000000e+02 -3.201061087258281600e-03 -3.201061087258281600e-03
1.560000000000000000e+02 -3.195900622448806256e-03 -3.195900622448806256e-03
1.570000000000000000e+02 -3.183977988486858934e-03 -3.183977988486858934e-03
1.580000000000000000e+02 -3.249083808612526162e-03 -3.249083808612526162e-03
1.590000000000000000e+02 -3.128486761322658329e-03 -3.128486761322658329e-03
1.600000000000000000e+02 -3.184945563479508503e-03 -3.184945563479508503e-03
1.610000000000000000e+02 -3.157825035134054908e-03 -3.157825035134054908e-03
1.620000000000000000e+02 -3.180349617485982768e-03 -3.180349617485982768e-03
1.630000000000000000e+02 -3.196948479810250796e-03 -3.196948479810250796e-03
1.640000000000000000e+02 -3.209795794125707997e-03 -3.209795794125707997e-03
1.650000000000000000e+02 -3.129270732367484768e-03 -3.129270732367484768e-03
1.660000000000000000e+02 -3.254815098222041056e-03 -3.254815098222041056e-03
1.670000000000000000e+02 -3.109211772676360574e-03 -3.109211772676360574e-03
1.680000000000000000e+02 -3.070032107249946220e-03 -3.070032107249946220e-03
1.690000000000000000e+02 -3.133495174217415698e-03 -3.133495174217415698e-03
1.700000000000000000e+02 -3.050044808922010558e-03 -3.050044808922010558e-03
1.710000000000000000e+02 -3.147220829624197951e-03 -3.147220829624197951e-03
1.720000000000000000e+02 -3.067719788467068547e-03 -3.067719788467068547e-03
1.730000000000000000e+02 -3.027462439181051197e-03 -3.027462439181051197e-03
1.740000000000000000e+02 -3.010510780043967015e-03 -3.010510780043967015e-03
1.750000000000000000e+02 -2.992126653940916509e-03 -2.992126653940916509e-03
1.760000000000000000e+02 -2.989751639638950007e-03 -2.989751639638950007e-03
1.770000000000000000e+02 -3.039219878249220866e-03 -3.039219878249220866e-03
1.780000000000000000e+02 -2.987914072732937663e-03 -2.987914072732937663e-03
1.790000000000000000e+02 -3.041306789501868092e-03 -3.041306789501868092e-03
1.800000000000000000e+02 -2.998114210643461949e-03 -2.998114210643461949e-03
1.810000000000000000e+02 -3.056331004224168563e-03 -3.056331004224168563e-03
1.820000000000000000e+02 -3.033293305185647860e-03 -3.033293305185647860e-03
1.830000000000000000e+02 -3.059039568088287725e-03 -3.059039568088287725e-03
1.840000000000000000e+02 -2.969043262937520484e-03 -2.969043262937520484e-03
1.850000000000000000e+02 -3.074735999775481468e-03 -3.074735999775481468e-03
1.860000000000000000e+02 -3.091568153474394051e-03 -3.091568153474394051e-03
1.870000000000000000e+02 -3.124519263888348754e-03 -3.124519263888348754e-03
1.880000000000000000e+02 -3.107825003098055056e-03 -3.107825003098055056e-03
1.890000000000000000e+02 -3.078256843606633035e-03 -3.078256843606633035e-03
1.900000000000000000e+02 -3.033033601319470429e-03 -3.033033601319470429e-03
1.910000000000000000e+02 -3.168368076025253766e-03 -3.168368076025253766e-03
1.920000000000000000e+02 -3.150359073362676756e-03 -3.150359073362676756e-03
1.930000000000000000e+02 -3.084821656175162560e-03 -3.084821656175162560e-03
1.940000000000000000e+02 -2.974983084337875280e-03 -2.974983084337875280e-03
1.950000000000000000e+02 -2.954497006257235121e-03 -2.954497006257235121e-03
1.960000000000000000e+02 -2.928272986437270402e-03 -2.928272986437270402e-03
1.970000000000000000e+02 -2.953259371415959365e-03 -2.953259371415959365e-03
1.980000000000000000e+02 -2.855719543482797881e-03 -2.855719543482797881e-03
1.990000000000000000e+02 -2.811626030966019475e-03 -2.811626030966019475e-03
2.000000000000000000e+02 -2.810059144939161969e-03 -2.810059144939161969e-03
2.010000000000000000e+02 -2.815627407088344171e-03 -2.815627407088344171e-03
2.020000000000000000e+02 -2.875234795316056018e-03 -2.875234795316056018e-03
2.030000000000000000e+02 -2.931879750963933915e-03 -2.931879750963933915e-03
2.040000000000000000e+02 -2.847087148796798115e-03 -2.847087148796798115e-03
2.050000000000000000e+02 -2.899088970347617981e-03 -2.899088970347617981e-03
2.060000000000000000e+02 -2.808650186016890034e-03 -2.808650186016890034e-03
2.070000000000000000e+02 -2.966636217729319742e-03 -2.966636217729319742e-03
2.080000000000000000e+02 -2.998354323380400532e-03 -2.998354323380400532e-03
2.090000000000000000e+02 -3.005777483078455117e-03 -3.005777483078455117e-03
2.100000000000000000e+02 -3.111058778432945586e-03 -3.111058778432945586e-03
2.110000000000000000e+02 -3.145646948009777656e-03 -3.145646948009777656e-03
2.120000000000000000e+02 -3.137190969233961957e-03 -3.137190969233961957e-03
2.130000000000000000e+02 -3.150070472908213497e-03 -3.150070472908213497e-03
2.140000000000000000e+02 -3.117771566829922493e-03 -3.117771566829922493e-03
2.150000000000000000e+02 -3.172054225614187161e-03 -3.172054225614187161e-03
2.160000000000000000e+02 -3.213873489198007093e-03 -3.213873489198007093e-03
2.170000000000000000e+02 -3.157904947744135347e-03 -3.157904947744135347e-03
2.180000000000000000e+02 -3.289376063273656385e-03 -3.289376063273656385e-03
2.190000000000000000e+02 -3.336603443409239499e-03 -3.336603443409239499e-03
2.200000000000000000e+02 -3.342904928754290329e-03 -3.342904928754290329e-03
2.210000000000000000e+02 -3.339774032258767920e-03 -3.339774032258767920e-03
2.220000000000000000e+02 -3.377390291055553870e-03 -3.377390291055553870e-03
2.230000000000000000e+02 -3.380978499428148338e-03 -3.380978499428148338e-03
2.240000000000000000e+02 -3.447215960053490701e-03 -3.447215960053490701e-03
2.250000000000000000e+02 -3.435209274673116982e-03 -3.435209274673116982e-03
2.260000000000000000e+02 -3.305535697352146585e-03 -3.305535697352146585e-03
2.270000000000000000e+02 -3.366737714594992843e-03 -3.366737714594992843e-03
2.280000000000000000e+02 -3.313590581818093208e-03 -3.313590581818093208e-03
2.290000000000000000e+02 -3.353745341314045593e-03 -3.353745341314045593e-03
2.300000000000000000e+02 -3.511171375725306767e-03 -3.511171375725306767e-03
2.310000000000000000e+02 -3.613093273986581633e-03 -3.613093273986581633e-03
2.320000000000000000e+02 -3.571955548504382461e-03 -3.571955548504382461e-03
2.330000000000000000e+02 -3.556182852674523182e-03 -3.556182852674523182e-03
2.340000000000000000e+02 -3.518990050180006036e-03 -3.518990050180006036e-03
2.350000000000000000e+02 -3.508874319422077264e-03 -3.508874319422077264e-03
2.360000000000000000e+02 -3.418793094724875779e-03 -3.418793094724875779e-03
2.370000000000000000e+02 -3.535594325809176489e-03 -3.535594325809176489e-03
2.380000000000000000e+02 -3.511142275000860707e-03 -3.511142275000860707e-03
2.390000000000000000e+02 -3.552556664249270722e-03 -3.552556664249270722e-03
2.400000000000000000e+02 -3.458611699425022563e-03 -3.458611699425022563e-03
2.410000000000000000e+02 -3.415188438052611970e-03 -3.415188438052611970e-03
2.420000000000000000e+02 -3.480760753197430484e-03 -3.480760753197430484e-03
2.430000000000000000e+02 -3.477284313203169754e-03 -3.477284313203169754e-03
2.440000000000000000e+02 -3.432190617233588786e-03 -3.432190617233588786e-03
2.450000000000000000e+02 -3.495114080612849849e-03 -3.495114080612849849e-03
2.460000000000000000e+02 -3.636434381199259245e-03 -3.636434381199259245e-03
2.470000000000000000e+02 -3.503979346797148238e-03 -3.503979346797148238e-03
2.480000000000000000e+02 -3.506008606753344744e-03 -3.506008606753344744e-03
2.490000000000000000e+02 -3.465747158820857432e-03 -3.465747158820857432e-03
2.500000000000000000e+02 -3.550106272064439475e-03 -3.550106272064439475e-03
2.510000000000000000e+02 -3.526268692190510142e-03 -3.526268692190510142e-03
2.520000000000000000e+02 -3.570688343853018788e-03 -3.570688343853018788e-03
2.530000000000000000e+02 -3.498798350445575349e-03 -3.498798350445575349e-03
2.540000000000000000e+02 -3.482267014550392403e-03 -3.482267014550392403e-03
2.550000000000000000e+02 -3.412003854185859022e-03 -3.412003854185859022e-03
2.560000000000000000e+02 -3.443821204883196901e-03 -3.443821204883196901e-03
2.570000000000000000e+02 -3.331839931397399378e-03 -3.331839931397399378e-03
2.580000000000000000e+02 -3.399111103515531015e-03 -3.399111103515531015e-03
2.590000000000000000e+02 -3.324249998619215139e-03 -3.324249998619215139e-03
2.600000000000000000e+02 -3.270413502808333824e-03 -3.270413502808333824e-03
2.610000000000000000e+02 -3.362376032663866657e-03 -3.362376032663866657e-03
2.620000000000000000e+02 -3.305144660691037347e-03 -3.305144660691037347e-03
2.630000000000000000e+02 -3.345807520412270256e-03 -3.345807520412270256e-03
2.640000000000000000e+02 -3.430019204543460157e-03 -3.430019204543460157e-03
2.650000000000000000e+02 -3.395657711183714626e-03 -3.395657711183714626e-03
2.660000000000000000e+02 -3.461266681432104489e-03 -3.461266681432104489e-03
2.670000000000000000e+02 -3.445047658592669676e-03 -3.445047658592669676e-03
2.680000000000000000e+02 -3.464702059815786498e-03 -3.464702059815786498e-03
2.690000000000000000e+02 -3.518520539014925817e-03 -3.518520539014925817e-03
2.700000000000000000e+02 -3.404765813788410058e-03 -3.404765813788410058e-03
2.710000000000000000e+02 -3.406446304248276786e-03 -3.406446304248276786e-03
2.720000000000000000e+02 -3.281560400240328933e-03 -3.281560400240328933e-03
2.730000000000000000e+02 -3.271508454879811997e-03 -3.271508454879811997e-03
2.740000000000000000e+02 -3.228119703445164312e-03 -3.228119703445164312e-03
2.750000000000000000e+02 -3.412225044543724679e-03 -3.412225044543724679e-03
2.760000000000000000e+02 -3.400020435292360442e-03 -3.400020435292360442e-03
2.770000000000000000e+02 -3.394582091015506918e-03 -3.394582091015506918e-03
2.780000000000000000e+02 -3.306863203443279314e-03 -3.306863203443279314e-03
2.790000000000000000e+02 -3.216782892720898134e-03 -3.216782892720898134e-03
2.800000000000000000e+02 -3.281072718426391623e-03 -3.281072718426391623e-03
2.810000000000000000e+02 -3.240651714716176642e-03 -3.240651714716176642e-03
2.820000000000000000e+02 -3.142728423038588983e-03 -3.142728423038588983e-03
2.830000000000000000e+02 -3.133381380038648308e-03 -3.133381380038648308e-03
2.840000000000000000e+02 -3.043417952063563053e-03 -3.043417952063563053e-03
2.850000000000000000e+02 -3.027900324894167595e-03 -3.027900324894167595e-03
2.860000000000000000e+02 -3.061623722771925939e-03 -3.061623722771925939e-03
2.870000000000000000e+02 -2.930862129984713321e-03 -2.930862129984713321e-03
2.880000000000000000e+02 -2.928409327670142628e-03 -2.928409327670142628e-03
2.890000000000000000e+02 -2.949699857358062654e-03 -2.949699857358062654e-03
2.900000000000000000e+02 -2.865891329581118658e-03 -2.865891329581118658e-03
2.910000000000000000e+02 -2.835955068923467007e-03 -2.835955068923467007e-03
2.920000000000000000e+02 -2.782149863630967342e-03 -2.782149863630967342e-03
2.930000000000000000e+02 -2.782874551262944866e-03 -2.782874551262944866e-03
2.940000000000000000e+02 -2.854078956092405677e-03 -2.854078956092405677e-03
2.950000000000000000e+02 -2.824983666860151395e-03 -2.824983666860151395e-03
2.960000000000000000e+02 -2.804377183677906043e-03 -2.804377183677906043e-03
2.970000000000000000e+02 -2.767397169710342567e-03 -2.767397169710342567e-03
2.980000000000000000e+02 -2.712397142025750607e-03 -2.712397142025750607e-03
2.990000000000000000e+02 -2.582556664913709336e-03 -2.582556664913709336e-03
3.000000000000000000e+02 -2.656310206378773280e-03 -2.656310206378773280e-03
3.010000000000000000e+02 -2.684814693663274601e-03 -2.684814693663274601e-03
3.020000000000000000e+02 -2.591678165589101496e-03 -2.591678165589101496e-03
3.030000000000000000e+02 -2.658868993019482610e-03 -2.658868993019482610e-03
3.040000000000000000e+02 -2.622917906498095988e-03 -2.622917906498095988e-03
3.050000000000000000e+02 -2.739150135734500988e-03 -2.739150135734500988e-03
3.060000000000000000e+02 -2.688084522871270459e-03 -2.688084522871270459e-03
3.070000000000000000e+02 -2.741797555855346805e-03 -2.741797555855346805e-03
3.080000000000000000e+02 -2.653848914344261647e-03 -2.653848914344261647e-03
3.090000000000000000e+02 -2.657982805954352008e-03 -2.657982805954352008e-03
3.100000000000000000e+02 -2.675029102209119415e-03 -2.675029102209119415e-03
3.110000000000000000e+02 -2.649402188679382368e-03 -2.649402188679382368e-03
3.120000000000000000e+02 -2.590427424561761796e-03 -2.590427424561761796e-03
3.130000000000000000e+02 -2.669135233170985121e-03 -2.669135233170985121e-03
3.140000000000000000e+02 -2.642113812992571888e-03 -2.642113812992571888e-03
3.150000000000000000e+02 -2.533845559629822365e-03 -2.533845559629822365e-03
3.160000000000000000e+02 -2.532963286364054052e-03 -2.532963286364054052e-03
3.170000000000000000e+02 -2.566722115396767243e-03 -2.566722115396767243e-03
3.180000000000000000e+02 -2.534387923381417693e-03 -2.534387923381417693e-03
3.190000000000000000e+02 -2.538245169900716931e-03 -2.538245169900716931e-03
3.200000000000000000e+02 -2.410086654012154848e-03 -2.410086654012154848e-03
3.210000000000000000e+02 -2.483785866898886949e-03 -2.483785866898886949e-03
3.220000000000000000e+02 -2.475013915972776660e-03 -2.475013915972776660e-03
3.230000000000000000e+02 -2.488309718965537893e-03 -2.488309718965537893e-03
3.240000000000000000e+02 -2.450465996161493333e-03 -2.450465996161493333e-03
3.250000000000000000e+02 -2.367994306043189057e-03 -2.367994306043189057e-03
3.260000000000000000e+02 -2.338296523543542844e-03 -2.338296523543542844e-03
3.270000000000000000e+02 -2.276215132869743255e-03 -2.276215132869743255e-03
3.280000000000000000e+02 -2.321002887358322633e-03 -2.321002887358322633e-03
3.290000000000000000e+02 -2.229081607859762469e-03 -2.229081607859762469e-03
3.300000000000000000e+02 -2.213234220080658680e-03 -2.213234220080658680e-03
3.310000000000000000e+02 -2.092563462979141545e-03 -2.092563462979141545e-03
3.320000000000000000e+02 -2.104718210814268166e-03 -2.104718210814268166e-03
3.330000000000000000e+02 -2.157668557661937634e-03 -2.157668557661937634e-03
3.340000000000000000e+02 -2.159339989406572867e-03 -2.159339989406572867e-03
3.350000000000000000e+02 -2.099922169070935363e-03 -2.099922169070935363e-03
3.360000000000000000e+02 -2.143433530206787473e-03 -2.143433530206787473e-03
3.370000000000000000e+02 -2.185722790005048110e-03 -2.185722790005048110e-03
3.380000000000000000e+02 -2.065545100850465794e-03 -2.065545100850465794e-03
3.390000000000000000e+02 -2.030130758417536454e-03 -2.030130758417536454e-03
3.400000000000000000e+02 -2.117325002488578117e-03 -2.117325002488578117e-03
3.410000000000000000e+02 -2.024478586346122825e-03 -2.024478586346122825e-03
3.420000000000000000e+02 -1.950655470819278019e-03 -1.950655470819278019e-03
3.430000000000000000e+02 -1.945540783444461375e-03 -1.945540783444461375e-03
3.440000000000000000e+02 -1.912661702126971760e-03 -1.912661702126971760e-03
3.450000000000000000e+02 -2.017765744648899757e-03 -2.017765744648899757e-03
3.460000000000000000e+02 -1.940225407897898900e-03 -1.940225407897898900e-03
3.470000000000000000e+02 -1.897851787318086472e-03 -1.897851787318086472e-03
3.480000000000000000e+02 -1.910831649699338370e-03 -1.910831649699338370e-03
3.490000000000000000e+02 -1.921578801004167900e-03 -1.921578801004167900e-03
3.500000000000000000e+02 -1.863377785445671873e-03 -1.863377785445671873e-03
3.510000000000000000e+02 -1.804233692737719106e-03 -1.804233692737719106e-03
3.520000000000000000e+02 -1.915512378635967706e-03 -1.915512378635967706e-03
3.530000000000000000e+02 -1.750916949166415751e-03 -1.750916949166415751e-03
3.540000000000000000e+02 -1.756066482503283776e-03 -1.756066482503283776e-03
3.550000000000000000e+02 -1.713671003060053674e-03 -1.713671003060053674e-03
3.560000000000000000e+02 -1.718414976773432893e-03 -1.718414976773432893e-03
3.570000000000000000e+02 -1.642434318555001512e-03 -1.642434318555001512e-03
3.580000000000000000e+02 -1.656281710527240892e-03 -1.656281710527240892e-03
3.590000000000000000e+02 -1.570626112948793427e-03 -1.570626112948793427e-03
3.600000000000000000e+02 -1.618365295308465913e-03 -1.618365295308465913e-03
3.610000000000000000e+02 -1.497379837038640511e-03 -1.497379837038640511e-03
3.620000000000000000e+02 -1.589488942187749490e-03 -1.589488942187749490e-03
3.630000000000000000e+02 -1.479759730097461199e-03 -1.479759730097461199e-03
3.640000000000000000e+02 -1.519785144078356943e-03 -1.519785144078356943e-03
3.650000000000000000e+02 -1.451431127978921503e-03 -1.451431127978921503e-03
3.660000000000000000e+02 -1.482375061979839198e-03 -1.482375061979839198e-03
3.670000000000000000e+02 -1.443803367086834251e-03 -1.443803367086834251e-03
3.680000000000000000e+02 -1.471220590022329034e-03 -1.471220590022329034e-03
3.690000000000000000e+02 -1.442425780927112039e-03 -1.442425780927112039e-03
3.700000000000000000e+02 -1.354356167484191799e-03 -1.354356167484191799e-03
3.710000000000000000e+02 -1.432397411842912171e-03 -1.432397411842912171e-03
3.720000000000000000e+02 -1.297587790340877165e-03 -1.297587790340877165e-03
3.730000000000000000e+02 -1.393446399802798080e-03 -1.393446399802798080e-03
3.740000000000000000e+02 -1.299867105160650710e-03 -1.299867105160650710e-03
3.750000000000000000e+02 -1.314548445018615943e-03 -1.314548445018615943e-03
3.760000000000000000e+02 -1.337058974577785787e-03 -1.337058974577785787e-03
3.770000000000000000e+02 -1.328514350229736529e-03 -1.328514350229736529e-03
3.780000000000000000e+02 -1.253911363459351289e-03 -1.253911363459351289e-03
3.790000000000000000e+02 -1.309623694406180337e-03 -1.309623694406180337e-03
3.800000000000000000e+02 -1.276679471683297854e-03 -1.276679471683297854e-03
3.810000000000000000e+02 -1.354114843097910725e-03 -1.354114843097910725e-03
3.820000000000000000e+02 -1.264708329445875983e-03 -1.264708329445875983e-03
3.830000000000000000e+02 -1.297234668561908933e-03 -1.297234668561908933e-03
3.840000000000000000e+02 -1.290494980630531741e-03 -1.290494980630531741e-03
3.850000000000000000e+02 -1.247290038992593733e-03 -1.247290038992593733e-03
3.860000000000000000e+02 -1.318024218509902118e-03 -1.318024218509902118e-03
3.870000000000000000e+02 -1.246128505428562711e-03 -1.246128505428562711e-03
3.880000000000000000e+02 -1.267996672533999161e-03 -1.267996672533999161e-03
3.890000000000000000e+02 -1.243974824135869912e-03 -1.243974824135869912e-03
3.900000000000000000e+02 -1.187038155435857396e-03 -1.187038155435857396e-03
3.910000000000000000e+02 -1.210267304220603250e-03 -1.210267304220603250e-03
3.920000000000000000e+02 -1.153102154249466531e-03 -1.153102154249466531e-03
3.930000000000000000e+02 -1.138170172981826760e-03 -1.138170172981826760e-03
3.940000000000000000e+02 -1.122787967022713081e-03 -1.122787967022713081e-03
3.950000000000000000e+02 -1.161268022477737576e-03 -1.161268022477737576e-03
3.960000000000000000e+02 -1.177002506677133969e-03 -1.177002506677133969e-03
3.970000000000000000e+02 -1.109464372037280650e-03 -1.109464372037280650e-03
3.980000000000000000e+02 -1.061987130319726278e-03 -1.061987130319726278e-03
3.990000000000000000e+02 -1.037984124168161255e-03 -1.037984124168161255e-03
4.000000000000000000e+02 -1.045679614038096074e-03 -1.045679614038096074e-03
4.010000000000000000e+02 -1.031544627206461154e-03 -1.031544627206461154e-03
4.020000000000000000e+02 -1.005040821406060587e-03 -1.005040821406060587e-03
4.030000000000000000e+02 -1.012311630183270915e-03 -1.012311630183270915e-03
4.040000000000000000e+02 -1.024296196930811129e-03 -1.024296196930811129e-03
4.050000000000000000e+02 -1.027566435285281717e-03 -1.027566435285281717e-03
4.060000000000000000e+02 -1.053117237609163363e-03 -1.053117237609163363e-03
4.070000000000000000e+02 -1.065466892478502715e-03 -1.065466892478502715e-03
4.080000000000000000e+02 -9.911393780434477139e-04 -9.911393780434477139e-04
4.090000000000000000e+02 -1.050227759274248007e-03 -1.050227759274248007e-03
4.100000000000000000e+02 -1.014806112008914771e-03 -1.014806112008914771e-03
4.110000000000000000e+02 -9.882229324178685818e-04 -9.882229324178685818e-04
4.120000000000000000e+02 -1.023342712355972389e-03 -1.023342712355972389e-03
4.130000000000000000e+02 -1.032722570062353032e-03 -1.032722570062353032e-03
4.140000000000000000e+02 -1.017353754442914529e-03 -1.017353754442914529e-03
4.150000000000000000e+02 -1.003676559141215103e-03 -1.003676559141215103e-03
4.160000000000000000e+02 -1.065946405897551371e-03 -1.065946405897551371e-03
4.170000000000000000e+02 -1.022226607375487572e-03 -1.022226607375487572e-03
4.180000000000000000e+02 -1.051140067696503888e-03 -1.051140067696503888e-03
4.190000000000000000e+02 -1.103243772941852295e-03 -1.103243772941852295e-03
4.200000000000000000e+02 -1.044509769645840655e-03 -1.044509769645840655e-03
4.210000000000000000e+02 -1.072386789317773727e-03 -1.072386789317773727e-03
4.220000000000000000e+02 -1.055291501103323201e-03 -1.055291501103323201e-03
4.230000000000000000e+02 -1.124107353833262660e-03 -1.124107353833262660e-03
4.240000000000000000e+02 -1.122095792696137066e-03 -1.122095792696137066e-03
4.250000000000000000e+02 -1.065848639034609182e-03 -1.065848639034609182e-03
4.260000000000000000e+02 -1.101475558230075643e-03 -1.101475558230075643e-03
4.270000000000000000e+02 -1.156601966160759193e-03 -1.156601966160759193e-03
4.280000000000000000e+02 -1.052961888108593872e-03 -1.052961888108593872e-03
4.290000000000000000e+02 -1.155332069033839209e-03 -1.155332069033839209e-03
4.300000000000000000e+02 -1.178341223725625116e-03 -1.178341223725625116e-03
4.310000000000000000e+02 -1.175963109348132250e-03 -1.175963109348132250e-03
4.320000000000000000e+02 -1.199093020647273205e-03 -1.199093020647273205e-03
4.330000000000000000e+02 -1.306063023142695328e-03 -1.306063023142695328e-03
4.340000000000000000e+02 -1.180047490204227077e-03 -1.180047490204227077e-03
4.350000000000000000e+02 -1.249512495203691353e-03 -1.249512495203691353e-03
4.360000000000000000e+02 -1.264197119615935536e-03 -1.264197119615935536e-03
4.370000000000000000e+02 -1.327066978473474563e-03 -1.327066978473474563e-03
4.380000000000000000e+02 -1.316317006566495619e-03 -1.316317006566495619e-03
4.390000000000000000e+02 -1.367317880707442793e-03 -1.367317880707442793e-03
4.400000000000000000e+02 -1.391349405112784956e-03 -1.391349405112784956e-03
4.410000000000000000e+02 -1.338856325621814048e-03 -1.338856325621814048e-03
4.420000000000000000e+02 -1.423593499042159500e-03 -1.423593499042159500e-03
4.430000000000000000e+02 -1.429829778461068910e-03 -1.429829778461068910e-03
4.440000000000000000e+02 -1.409383236637478005e-03 -1.409383236637478005e-03
4.450000000000000000e+02 -1.434085235095749599e-03 -1.434085235095749599e-03
4.460000000000000000e+02 -1.398971477268160912e-03 -1.398971477268160912e-03
4.470000000000000000e+02 -1.538408152988849243e-03 -1.538408152988849243e-03
4.480000000000000000e+02 -1.498484873089312450e-03 -1.498484873089312450e-03
4.490000000000000000e+02 -1.570556771709478517e-03 -1.570556771709478517e-03
4.500000000000000000e+02 -1.537959378758243286e-03 -1.537959378758243286e-03
4.510000000000000000e+02 -1.603654263508147524e-03 -1.603654263508147524e-03
4.520000000000000000e+02 -1.597037505737014269e-03 -1.597037505737014269e-03
4.530000000000000000e+02 -1.652672776938731011e-03 -1.652672776938731011e-03
4.540000000000000000e+02 -1.705358191880492749e-03 -1.705358191880492749e-03
4.550000000000000000e+02 -1.655651894003570997e-03 -1.655651894003570997e-03
4.560000000000000000e+02 -1.664209561033720827e-03 -1.664209561033720827e-03
4.570000000000000000e+02 -1.681506807981262988e-03 -1.681506807981262988e-03
4.580000000000000000e+02 -1.788837139577970428e-03 -1.788837139577970428e-03
4.590000000000000000e+02 -1.809360673521807862e-03 -1.809360673521807862e-03
4.600000000000000000e+02 -1.822556370443079773e-03 -1.822556370443079773e-03
4.610000000000000000e+02 -1.823034470779690691e-03 -1.823034470779690691e-03
4.620000000000000000e+02 -1.873601401961739197e-03 -1.873601401961739197e-03
4.630000000000000000e+02 -1.909342828247685567e-03 -1.909342828247685567e-03
4.640000000000000000e+02 -1.892610868563382974e-03 -1.892610868563382974e-03
4.650000000000000000e+02 -2.020640493144232244e-03 -2.020640493144232244e-03
4.660000000000000000e+02 -2.009035647453154185e-03 -2.009035647453154185e-03
4.670000000000000000e+02 -2.070751199978288718e-03 -2.070751199978288718e-03
4.680000000000000000e+02 -2.135858926861207169e-03 -2.135858926861207169e-03
4.690000000000000000e+02 -2.145036955627560495e-03 -2.145036955627560495e-03
4.700000000000000000e+02 -2.196120441747590087e-03 -2.196120441747590087e-03
4.710000000000000000e+02 -2.277006850493219076e-03 -2.277006850493219076e-03
4.720000000000000000e+02 -2.318127376439609640e-03 -2.318127376439609640e-03
4.730000000000000000e+02 -2.342902514774296546e-03 -2.342902514774296546e-03
4.740000000000000000e+02 -2.466193589800842051e-03 -2.466193589800842051e-03
4.750000000000000000e+02 -2.462877018025509505e-03 -2.462877018025509505e-03
4.760000000000000000e+02 -2.524202854173473402e-03 -2.524202854173473402e-03
4.770000000000000000e+02 -2.566974670597786147e-03 -2.566974670597786147e-03
4.780000000000000000e+02 -2.665793794722505321e-03 -2.665793794722505321e-03
4.790000000000000000e+02 -2.723778328148875744e-03 -2.723778328148875744e-03
4.800000000000000000e+02 -2.784338944846319591e-03 -2.784338944846319591e-03
4.810000000000000000e+02 -2.819410117305344316e-03 -2.819410117305344316e-03
4.820000000000000000e+02 -2.829937818109866127e-03 -2.829937818109866127e-03
4.830000000000000000e+02 -2.897080061029291657e-03 -2.897080061029291657e-03
4.840000000000000000e+02 -2.877995179059029268e-03 -2.877995179059029268e-03
4.850000000000000000e+02 -2.874728741030207254e-03 -2.874728741030207254e-03
4.860000000000000000e+02 -3.006849108001072735e-03 -3.006849108001072735e-03
4.870000000000000000e+02 -3.032636665536053797e-03 -3.032636665536053797e-03
4.880000000000000000e+02 -3.102370149406246183e-03 -3.102370149406246183e-03
4.890000000000000000e+02 -3.098079392586827307e-03 -3.098079392586827307e-03
4.900000000000000000e+02 -3.142180585289788917e-03 -3.142180585289788917e-03
4.910000000000000000e+02 -3.190788167789746031e-03 -3.190788167789746031e-03
4.920000000000000000e+02 -3.199215060955113397e-03 -3.199215060955113397e-03
4.930000000000000000e+02 -3.101147767805457513e-03 -3.101147767805457513e-03
4.940000000000000000e+02 -3.141093985795991028e-03 -3.141093985795991028e-03
4.950000000000000000e+02 -3.177386295428085133e-03 -3.177386295428085133e-03
4.960000000000000000e+02 -3.251465152838765339e-03 -3.251465152838765339e-03
4.970000000000000000e+02 -3.249199047779456530e-03 -3.249199047779456530e-03
4.980000000000000000e+02 -3.221922402806406179e-03 -3.221922402806406179e-03
4.990000000000000000e+02 -3.183108106997549307e-03 -3.183108106997549307e-03
5.000000000000000000e+02 -3.214910457336704174e-03 -3.214910457336704174e-03
