# delays[ps] delta_averaged scan 0
-2.000000000000000000e+01 3.008200042886278666e-04 3.008200042886278666e-04
-1.800000000000000000e+01 2.539242593201929268e-05 2.539242593201929268e-05
-1.600000000000000000e+01 1.981287468819724719e-04 1.981287468819724719e-04
-1.400000000000000000e+01 4.828809866646022119e-06 4.828809866646022119e-06
-1.200000000000000000e+01 2.515327068349951603e-04 2.515327068349951603e-04
-1.000000000000000000e+01 8.328609521078799956e-05 8.328609521078799956e-05
-8.000000000000000000e+00 9.777214712004467429e-05 9.777214712004467429e-05
-6.000000000000000000e+00 2.496415442245471998e-04 2.496415442245471998e-04
-4.000000000000000000e+00 1.366684786655811843e-04 1.366684786655811843e-04
-2.000000000000000000e+00 2.533656593594359988e-04 2.533656593594359988e-04
-1.899999999999999911e+00 1.571708803523438273e-04 1.571708803523438273e-04
-1.800000000000000044e+00 2.951043443889700383e-05 2.951043443889700383e-05
-1.699999999999999956e+00 9.168583282613806387e-05 9.168583282613806387e-05
-1.600000000000000089e+00 3.559401593610054138e-04 3.559401593610054138e-04
-1.500000000000000000e+00 2.016530711435113993e-04 2.016530711435113993e-04
-1.399999999999999911e+00 2.734293362655596687e-04 2.734293362655596687e-04
-1.300000000000000044e+00 1.666170099210886435e-04 1.666170099210886435e-04
-1.199999999999999956e+00 2.590669807080921714e-04 2.590669807080921714e-04
-1.100000000000000089e+00 2.734747211664540867e-04 2.734747211664540867e-04
-1.000000000000000000e+00 2.877585626973162510e-04 2.877585626973162510e-04
-9.000000000000000222e-01 1.454934515705588163e-04 1.454934515705588163e-04
-8.000000000000000444e-01 1.211157811125770396e-04 1.211157811125770396e-04
-6.999999999999999556e-01 3.687519062072653763e-04 3.687519062072653763e-04
-5.999999999999999778e-01 1.522578392283152485e-04 1.522578392283152485e-04
-5.000000000000000000e-01 2.767719507755522930e-04 2.767719507755522930e-04
-4.000000000000000222e-01 2.420648023845233313e-04 2.420648023845233313e-04
-2.999999999999999889e-01 9.480370136204600015e-04 9.480370136204600015e-04
-2.000000000000000111e-01 8.711477909705417355e-04 8.711477909705417355e-04
-1.000000000000000056e-01 8.691037297670754129e-04 8.691037297670754129e-04
-0.000000000000000000e+00 6.328494052010600951e-04 6.328494052010600951e-04
1.000000000000000056e-01 3.437962345753020534e-04 3.437962345753020534e-04
2.000000000000000111e-01 2.397657308083351994e-04 2.397657308083351994e-04
2.999999999999999889e-01 9.133909530417805658e-05 9.133909530417805658e-05
4.000000000000000222e-01 1.104614325931074792e-05 1.104614325931074792e-05
5.000000000000000000e-01 -2.959876446132443445e-04 -2.959876446132443445e-04
5.999999999999999778e-01 -2.720138677087974321e-04 -2.720138677087974321e-04
6.999999999999999556e-01 -1.290076315472257231e-04 -1.290076315472257231e-04
8.000000000000000444e-01 -1.056416635535278935e-04 -1.056416635535278935e-04
9.000000000000000222e-01 -2.503540820228973129e-04 -2.503540820228973129e-04
1.000000000000000000e+00 -1.686966801804792404e-04 -1.686966801804792404e-04
1.100000000000000089e+00 -4.102977542599672606e-04 -4.102977542599672606e-04
1.199999999999999956e+00 -3.035314050348733215e-04 -3.035314050348733215e-04
1.300000000000000044e+00 -4.313504466950315451e-04 -4.313504466950315451e-04
1.399999999999999911e+00 -2.004953720404649745e-04 -2.004953720404649745e-04
1.500000000000000000e+00 -4.112909299954627747e-04 -4.112909299954627747e-04
1.600000000000000089e+00 -3.287247393229606731e-04 -3.287247393229606731e-04
1.699999999999999956e+00 -3.665964078808360517e-04 -3.665964078808360517e-04
1.800000000000000044e+00 -3.468120768974882677e-04 -3.468120768974882677e-04
1.899999999999999911e+00 -2.878346909691924488e-04 -2.878346909691924488e-04
2.000000000000000000e+00 -3.485680363439550814e-04 -3.485680363439550814e-04
2.100000000000000089e+00 -3.925989769810295216e-04 -3.925989769810295216e-04
2.200000000000000178e+00 -3.540651251593150738e-04 -3.540651251593150738e-04
2.299999999999999822e+00 -1.775924708356547694e-04 -1.775924708356547694e-04
2.399999999999999911e+00 -3.933907117735827540e-04 -3.933907117735827540e-04
2.500000000000000000e+00 -3.913309797332116145e-04 -3.913309797332116145e-04
2.600000000000000089e+00 -2.863069859726006085e-04 -2.863069859726006085e-04
2.700000000000000178e+00 -1.908877251825601509e-04 -1.908877251825601509e-04
2.799999999999999822e+00 -5.384815891710759231e-05 -5.384815891710759231e-05
2.899999999999999911e+00 -3.279314741150637252e-04 -3.279314741150637252e-04
3.000000000000000000e+00 -2.174350079322032690e-04 -2.174350079322032690e-04
3.100000000000000089e+00 -2.798054015421478345e-04 -2.798054015421478345e-04
3.200000000000000178e+00 -1.133537127968500244e-04 -1.133537127968500244e-04
3.299999999999999822e+00 -1.400155649453695996e-04 -1.400155649453695996e-04
3.399999999999999911e+00 -2.006523831738733570e-04 -2.006523831738733570e-04
3.500000000000000000e+00 -1.182708608415614635e-04 -1.182708608415614635e-04
3.600000000000000089e+00 -1.749677233244420027e-04 -1.749677233244420027e-04
3.700000000000000178e+00 -3.220658587268831812e-05 -3.220658587268831812e-05
3.799999999999999822e+00 -4.955726950935668567e-05 -4.955726950935668567e-05
3.899999999999999911e+00 -1.958126321493907100e-04 -1.958126321493907100e-04
4.000000000000000000e+00 -1.980564613190034535e-04 -1.980564613190034535e-04
5.000000000000000000e+00 6.227281718484945459e-05 6.227281718484945459e-05
6.000000000000000000e+00 1.954833140239812281e-04 1.954833140239812281e-04
7.000000000000000000e+00 1.227981382000311705e-04 1.227981382000311705e-04
8.000000000000000000e+00 2.311340735104525535e-04 2.311340735104525535e-04
9.000000000000000000e+00 4.844847842451698136e-04 4.844847842451698136e-04
1.000000000000000000e+01 5.194249109585716978e-04 5.194249109585716978e-04
1.100000000000000000e+01 4.224837594200853293e-04 4.224837594200853293e-04
1.200000000000000000e+01 7.108186432036018134e-04 7.108186432036018134e-04
1.300000000000000000e+01 6.963303510797944637e-04 6.963303510797944637e-04
1.400000000000000000e+01 8.961586566451795093e-04 8.961586566451795093e-04
1.500000000000000000e+01 8.358615566088679633e-04 8.358615566088679633e-04
1.600000000000000000e+01 9.855218831753512643e-04 9.855218831753512643e-04
1.700000000000000000e+01 8.254144169538563244e-04 8.254144169538563244e-04
1.800000000000000000e+01 1.004847487683936972e-03 1.004847487683936972e-03
1.900000000000000000e+01 1.030653951795415784e-03 1.030653951795415784e-03
2.000000000000000000e+01 1.057079473276610225e-03 1.057079473276610225e-03
2.100000000000000000e+01 1.089890388231368537e-03 1.089890388231368537e-03
2.200000000000000000e+01 1.115082990690906793e-03 1.115082990690906793e-03
2.300000000000000000e+01 1.049773905940444129e-03 1.049773905940444129e-03
2.400000000000000000e+01 1.083395765750137362e-03 1.083395765750137362e-03
2.500000000000000000e+01 9.781581696375943585e-04 9.781581696375943585e-04
2.600000000000000000e+01 1.047962305502897658e-03 1.047962305502897658e-03
2.700000000000000000e+01 9.719224982028730085e-04 9.719224982028730085e-04
2.800000000000000000e+01 9.923118106302934206e-04 9.923118106302934206e-04
2.900000000000000000e+01 1.084563094921902997e-03 1.084563094921902997e-03
3.000000000000000000e+01 1.153490311125322625e-03 1.153490311125322625e-03
3.100000000000000000e+01 1.106044372211553934e-03 1.106044372211553934e-03
3.200000000000000000e+01 8.703845203406368773e-04 8.703845203406368773e-04
3.300000000000000000e+01 1.039384707023008683e-03 1.039384707023008683e-03
3.400000000000000000e+01 9.554594592342016387e-04 9.554594592342016387e-04
3.500000000000000000e+01 9.156850484067177200e-04 9.156850484067177200e-04
3.600000000000000000e+01 8.477737855059616157e-04 8.477737855059616157e-04
3.700000000000000000e+01 8.226904391882795473e-04 8.226904391882795473e-04
3.800000000000000000e+01 7.139739306733864635e-04 7.139739306733864635e-04
3.900000000000000000e+01 7.038389933637713728e-04 7.038389933637713728e-04
4.000000000000000000e+01 6.058001076801729180e-04 6.058001076801729180e-04
4.100000000000000000e+01 6.387753734094468727e-04 6.387753734094468727e-04
4.200000000000000000e+01 6.468550910307696187e-04 6.468550910307696187e-04
4.300000000000000000e+01 5.345133530078333833e-04 5.345133530078333833e-04
4.400000000000000000e+01 6.198669349593340788e-04 6.198669349593340788e-04
4.500000000000000000e+01 4.391223425840818859e-04 4.391223425840818859e-04
4.600000000000000000e+01 7.095764406632727554e-04 7.095764406632727554e-04
4.700000000000000000e+01 5.602689851195727724e-04 5.602689851195727724e-04
4.800000000000000000e+01 4.644305098433434303e-04 4.644305098433434303e-04
4.900000000000000000e+01 7.097874911564065878e-04 7.097874911564065878e-04
5.000000000000000000e+01 6.181752827415724471e-04 6.181752827415724471e-04
5.100000000000000000e+01 5.960511056142991015e-04 5.960511056142991015e-04
5.200000000000000000e+01 6.448996802289652707e-04 6.448996802289652707e-04
5.300000000000000000e+01 7.003615243268700467e-04 7.003615243268700467e-04
5.400000000000000000e+01 5.075053946455946327e-04 5.075053946455946327e-04
5.500000000000000000e+01 5.249881044402167785e-04 5.249881044402167785e-04
5.600000000000000000e+01 4.767893156190364723e-04 4.767893156190364723e-04
5.700000000000000000e+01 4.942167981311302097e-04 4.942167981311302097e-04
5.800000000000000000e+01 6.490922594784650666e-04 6.490922594784650666e-04
5.900000000000000000e+01 5.545193588172369443e-04 5.545193588172369443e-04
6.000000000000000000e+01 6.416369046794196014e-04 6.416369046794196014e-04
6.100000000000000000e+01 7.303425218886444234e-04 7.303425218886444234e-04
6.200000000000000000e+01 5.372339728615636856e-04 5.372339728615636856e-04
6.300000000000000000e+01 5.689382617080006007e-04 5.689382617080006007e-04
6.400000000000000000e+01 5.618925205728576410e-04 5.618925205728576410e-04
6.500000000000000000e+01 4.745759179322665226e-04 4.745759179322665226e-04
6.600000000000000000e+01 3.942645207182567807e-04 3.942645207182567807e-04
6.700000000000000000e+01 5.962916065039447098e-04 5.962916065039447098e-04
6.800000000000000000e+01 6.800297251586773185e-04 6.800297251586773185e-04
6.900000000000000000e+01 6.007109952466635787e-04 6.007109952466635787e-04
7.000000000000000000e+01 4.708931533964444242e-04 4.708931533964444242e-04
7.100000000000000000e+01 5.179026496977410165e-04 5.179026496977410165e-04
7.200000000000000000e+01 6.262925243074810846e-04 6.262925243074810846e-04
7.300000000000000000e+01 4.414855464705773726e-04 4.414855464705773726e-04
7.400000000000000000e+01 2.783445737635428384e-04 2.783445737635428384e-04
7.500000000000000000e+01 4.109208381072383437e-04 4.109208381072383437e-04
7.600000000000000000e+01 2.856793028171826791e-04 2.856793028171826791e-04
7.700000000000000000e+01 2.808053988620174898e-04 2.808053988620174898e-04
7.800000000000000000e+01 3.520724495160119103e-04 3.520724495160119103e-04
7.900000000000000000e+01 1.292744496458273493e-04 1.292744496458273493e-04
8.000000000000000000e+01 2.803946297554433761e-04 2.803946297554433761e-04
8.100000000000000000e+01 3.287476997131203458e-04 3.287476997131203458e-04
8.200000000000000000e+01 2.796929162351013032e-04 2.796929162351013032e-04
8.300000000000000000e+01 1.763513885418853714e-04 1.763513885418853714e-04
8.400000000000000000e+01 4.373110698811788748e-04 4.373110698811788748e-04
8.500000000000000000e+01 4.604336713439821432e-04 4.604336713439821432e-04
8.600000000000000000e+01 3.400212527899233554e-04 3.400212527899233554e-04
8.700000000000000000e+01 1.764884409662521554e-04 1.764884409662521554e-04
8.800000000000000000e+01 2.932873149436557758e-04 2.932873149436557758e-04
8.900000000000000000e+01 2.524533698129906995e-04 2.524533698129906995e-04
9.000000000000000000e+01 4.356915028113509183e-04 4.356915028113509183e-04
9.100000000000000000e+01 3.192154578960551916e-04 3.192154578960551916e-04
9.200000000000000000e+01 2.970984641266305546e-04 2.970984641266305546e-04
9.300000000000000000e+01 2.403440098968032677e-04 2.403440098968032677e-04
9.400000000000000000e+01 7.464410224401818244e-05 7.464410224401818244e-05
9.500000000000000000e+01 1.040408165814591350e-04 1.040408165814591350e-04
9.600000000000000000e+01 1.754936503272419565e-05 1.754936503272419565e-05
9.700000000000000000e+01 1.411494787141636060e-04 1.411494787141636060e-04
9.800000000000000000e+01 -1.383640866205065900e-04 -1.383640866205065900e-04
9.900000000000000000e+01 -5.768256412080041402e-05 -5.768256412080041402e-05
1.000000000000000000e+02 -2.887488388252022991e-04 -2.887488388252022991e-04
1.010000000000000000e+02 -8.926458035661089061e-05 -8.926458035661089061e-05
1.020000000000000000e+02 -1.167167469976834211e-04 -1.167167469976834211e-04
1.030000000000000000e+02 -3.920056853767139990e-05 -3.920056853767139990e-05
1.040000000000000000e+02 5.097944041689461865e-05 5.097944041689461865e-05
1.050000000000000000e+02 -4.329674815813155735e-05 -4.329674815813155735e-05
1.060000000000000000e+02 -2.626411372508892375e-04 -2.626411372508892375e-04
1.070000000000000000e+02 -1.046173762309172750e-04 -1.046173762309172750e-04
1.080000000000000000e+02 -1.828388671615403013e-04 -1.828388671615403013e-04
1.090000000000000000e+02 -8.815482689134834511e-05 -8.815482689134834511e-05
1.100000000000000000e+02 -1.838513829411035898e-04 -1.838513829411035898e-04
1.110000000000000000e+02 -1.945349945873504709e-04 -1.945349945873504709e-04
1.120000000000000000e+02 -2.258870248562190261e-04 -2.258870248562190261e-04
1.130000000000000000e+02 -2.925182401258815475e-04 -2.925182401258815475e-04
1.140000000000000000e+02 -3.118084873838555576e-04 -3.118084873838555576e-04
1.150000000000000000e+02 -3.361352128903446687e-04 -3.361352128903446687e-04
1.160000000000000000e+02 -2.850196370005871689e-04 -2.850196370005871689e-04
1.170000000000000000e+02 -3.414038368262697345e-04 -3.414038368262697345e-04
1.180000000000000000e+02 -6.281532639329164306e-04 -6.281532639329164306e-04
1.190000000000000000e+02 -4.973639293377610585e-04 -4.973639293377610585e-04
1.200000000000000000e+02 -5.375734855668281307e-04 -5.375734855668281307e-04
1.210000000000000000e+02 -6.476903409711008827e-04 -6.476903409711008827e-04
1.220000000000000000e+02 -5.852907221652241341e-04 -5.852907221652241341e-04
1.230000000000000000e+02 -6.287372048410692178e-04 -6.287372048410692178e-04
1.240000000000000000e+02 -7.276082380302439836e-04 -7.276082380302439836e-04
1.250000000000000000e+02 -6.813770745400384672e-04 -6.813770745400384672e-04
1.260000000000000000e+02 -7.182063197779466231e-04 -7.182063197779466231e-04
1.270000000000000000e+02 -6.747858328349638736e-04 -6.747858328349638736e-04
1.280000000000000000e+02 -7.421368728373113361e-04 -7.421368728373113361e-04
1.290000000000000000e+02 -8.276867458768519302e-04 -8.276867458768519302e-04
1.300000000000000000e+02 -7.792911841437159988e-04 -7.792911841437159988e-04
1.310000000000000000e+02 -7.743180833018832631e-04 -7.743180833018832631e-04
1.320000000000000000e+02 -8.291381446936947315e-04 -8.291381446936947315e-04
1.330000000000000000e+02 -5.784989137643718835e-04 -5.784989137643718835e-04
1.340000000000000000e+02 -5.344045200533919940e-04 -5.344045200533919940e-04
1.350000000000000000e+02 -4.291459471057559351e-04 -4.291459471057559351e-04
1.360000000000000000e+02 -4.002244530440975936e-04 -4.002244530440975936e-04
1.370000000000000000e+02 -4.641152417796317133e-04 -4.641152417796317133e-04
1.380000000000000000e+02 -4.533434075980632516e-04 -4.533434075980632516e-04
1.390000000000000000e+02 -4.171910590348388908e-04 -4.171910590348388908e-04
1.400000000000000000e+02 -4.394956758185217835e-04 -4.394956758185217835e-04
1.410000000000000000e+02 -4.194798368229140230e-04 -4.194798368229140230e-04
1.420000000000000000e+02 -5.356924935779534044e-04 -5.356924935779534044e-04
1.430000000000000000e+02 -3.410366448205382926e-04 -3.410366448205382926e-04
1.440000000000000000e+02 -4.038372788690474183e-04 -4.038372788690474183e-04
1.450000000000000000e+02 -5.719887421817024340e-04 -5.719887421817024340e-04
1.460000000000000000e+02 -4.937230438768026386e-04 -4.937230438768026386e-04
1.470000000000000000e+02 -6.067456040780680633e-04 -6.067456040780680633e-04
1.480000000000000000e+02 -4.597489758014474607e-04 -4.597489758014474607e-04
1.490000000000000000e+02 -4.972387691788090775e-04 -4.972387691788090775e-04
1.500000000000000000e+02 -6.686093209790649637e-04 -6.686093209790649637e-04
1.510000000000000000e+02 -5.681891179351675767e-04 -5.681891179351675767e-04
1.520000000000000000e+02 -4.698289616189827811e-04 -4.698289616189827811e-04
1.530000000000000000e+02 -4.972996418070133344e-04 -4.972996418070133344e-04
1.540000000000000000e+02 -5.873870967757289022e-04 -5.873870967757289022e-04
1.550000000000000000e+02 -6.088136998396778948e-04 -6.088136998396778948e-04
1.560000000000000000e+02 -5.620489004025897234e-04 -5.620489004025897234e-04
1.570000000000000000e+02 -5.227378394558259301e-04 -5.227378394558259301e-04
1.580000000000000000e+02 -7.261581421586845320e-04 -7.261581421586845320e-04
1.590000000000000000e+02 -5.538155208981487615e-04 -5.538155208981487615e-04
1.600000000000000000e+02 -6.446725428894494294e-04 -6.446725428894494294e-04
1.610000000000000000e+02 -6.567307910047121521e-04 -6.567307910047121521e-04
1.620000000000000000e+02 -6.564147209100250563e-04 -6.564147209100250563e-04
1.630000000000000000e+02 -5.370536685577029148e-04 -5.370536685577029148e-04
1.640000000000000000e+02 -6.931082305897937924e-04 -6.931082305897937924e-04
1.650000000000000000e+02 -7.066562812767547682e-04 -7.066562812767547682e-04
1.660000000000000000e+02 -5.478096314655675654e-04 -5.478096314655675654e-04
1.670000000000000000e+02 -5.383740446029482802e-04 -5.383740446029482802e-04
1.680000000000000000e+02 -5.569713190487214334e-04 -5.569713190487214334e-04
1.690000000000000000e+02 -5.800140181992157959e-04 -5.800140181992157959e-04
1.700000000000000000e+02 -5.286193990743986645e-04 -5.286193990743986645e-04
1.710000000000000000e+02 -5.306697279403967604e-04 -5.306697279403967604e-04
1.720000000000000000e+02 -7.519282905335445029e-04 -7.519282905335445029e-04
1.730000000000000000e+02 -5.024686339485004124e-04 -5.024686339485004124e-04
1.740000000000000000e+02 -6.492959028668856755e-04 -6.492959028668856755e-04
1.750000000000000000e+02 -5.683874124693991895e-04 -5.683874124693991895e-04
1.760000000000000000e+02 -5.959506339625572939e-04 -5.959506339625572939e-04
1.770000000000000000e+02 -5.833372806860592091e-04 -5.833372806860592091e-04
1.780000000000000000e+02 -6.033734446689056853e-04 -6.033734446689056853e-04
1.790000000000000000e+02 -6.298007787249890275e-04 -6.298007787249890275e-04
1.800000000000000000e+02 -6.027345666552247566e-04 -6.027345666552247566e-04
1.810000000000000000e+02 -5.216561417008988523e-04 -5.216561417008988523e-04
1.820000000000000000e+02 -6.816410494500483057e-04 -6.816410494500483057e-04
1.830000000000000000e+02 -6.659844961122410225e-04 -6.659844961122410225e-04
1.840000000000000000e+02 -6.904038562462868961e-04 -6.904038562462868961e-04
1.850000000000000000e+02 -6.021139199926907933e-04 -6.021139199926907933e-04
1.860000000000000000e+02 -6.742772482704463381e-04 -6.742772482704463381e-04
1.870000000000000000e+02 -7.119723876362478139e-04 -7.119723876362478139e-04
1.880000000000000000e+02 -5.979437121981475475e-04 -5.979437121981475475e-04
1.890000000000000000e+02 -6.612701593092466107e-04 -6.612701593092466107e-04
1.900000000000000000e+02 -6.474875359274363026e-04 -6.474875359274363026e-04
1.910000000000000000e+02 -6.990747175222391564e-04 -6.990747175222391564e-04
1.920000000000000000e+02 -6.613139584434745040e-04 -6.613139584434745040e-04
1.930000000000000000e+02 -6.423947723439649496e-04 -6.423947723439649496e-04
1.940000000000000000e+02 -7.253206414062380192e-04 -7.253206414062380192e-04
1.950000000000000000e+02 -6.069783574689513461e-04 -6.069783574689513461e-04
1.960000000000000000e+02 -7.732335003698433389e-04 -7.732335003698433389e-04
1.970000000000000000e+02 -6.117536835829879942e-04 -6.117536835829879942e-04
1.980000000000000000e+02 -6.465025810890968417e-04 -6.465025810890968417e-04
1.990000000000000000e+02 -7.180028734822369810e-04 -7.180028734822369810e-04
2.000000000000000000e+02 -7.085001933435281819e-04 -7.085001933435281819e-04
2.010000000000000000e+02 -6.701455178728816511e-04 -6.701455178728816511e-04
2.020000000000000000e+02 -6.885862663137688180e-04 -6.885862663137688180e-04
2.030000000000000000e+02 -5.687204503332989611e-04 -5.687204503332989611e-04
2.040000000000000000e+02 -6.741111602987301518e-04 -6.741111602987301518e-04
2.050000000000000000e+02 -7.152899498589687438e-04 -7.152899498589687438e-04
2.060000000000000000e+02 -6.775667020748597259e-04 -6.775667020748597259e-04
2.070000000000000000e+02 -6.939437757806489557e-04 -6.939437757806489557e-04
2.080000000000000000e+02 -6.822534615536020482e-04 -6.822534615536020482e-04
2.090000000000000000e+02 -6.907122398383403871e-04 -6.907122398383403871e-04
2.100000000000000000e+02 -6.660478637134640461e-04 -6.660478637134640461e-04
2.110000000000000000e+02 -7.210248250525844258e-04 -7.210248250525844258e-04
2.120000000000000000e+02 -7.865826575295832698e-04 -7.865826575295832698e-04
2.130000000000000000e+02 -8.050430767514304845e-04 -8.050430767514304845e-04
2.140000000000000000e+02 -7.923975203647008964e-04 -7.923975203647008964e-04
2.150000000000000000e+02 -8.494780798151049112e-04 -8.494780798151049112e-04
2.160000000000000000e+02 -7.150231538028093163e-04 -7.150231538028093163e-04
2.170000000000000000e+02 -7.306119156937242306e-04 -7.306119156937242306e-04
2.180000000000000000e+02 -5.991916232201420544e-04 -5.991916232201420544e-04
2.190000000000000000e+02 -7.318874075443636750e-04 -7.318874075443636750e-04
2.200000000000000000e+02 -6.274097346557294761e-04 -6.274097346557294761e-04
2.210000000000000000e+02 -7.069451320185425299e-04 -7.069451320185425299e-04
2.220000000000000000e+02 -6.172880692862342100e-04 -6.172880692862342100e-04
2.230000000000000000e+02 -8.991782488217307323e-04 -8.991782488217307323e-04
2.240000000000000000e+02 -7.796124242304453174e-04 -7.796124242304453174e-04
2.250000000000000000e+02 -8.749352497207945776e-04 -8.749352497207945776e-04
2.260000000000000000e+02 -7.619881588980992240e-04 -7.619881588980992240e-04
2.270000000000000000e+02 -8.050043301124366326e-04 -8.050043301124366326e-04
2.280000000000000000e+02 -9.194846793247765876e-04 -9.194846793247765876e-04
2.290000000000000000e+02 -8.302371694282759335e-04 -8.302371694282759335e-04
2.300000000000000000e+02 -7.649211685872241541e-04 -7.649211685872241541e-04
2.310000000000000000e+02 -6.155918220131429601e-04 -6.155918220131429601e-04
2.320000000000000000e+02 -8.114054214635108616e-04 -8.114054214635108616e-04
2.330000000000000000e+02 -7.243025825736531826e-04 -7.243025825736531826e-04
2.340000000000000000e+02 -7.291674101384659074e-04 -7.291674101384659074e-04
2.350000000000000000e+02 -7.562699303148900714e-04 -7.562699303148900714e-04
2.360000000000000000e+02 -6.315244884070532515e-04 -6.315244884070532515e-04
2.370000000000000000e+02 -6.200727430374324131e-04 -6.200727430374324131e-04
2.380000000000000000e+02 -7.398541461008695426e-04 -7.398541461008695426e-04
2.390000000000000000e+02 -7.904684676663313418e-04 -7.904684676663313418e-04
2.400000000000000000e+02 -5.272255082055709230e-04 -5.272255082055709230e-04
2.410000000000000000e+02 -7.046148016379809309e-04 -7.046148016379809309e-04
2.420000000000000000e+02 -7.083880266499127535e-04 -7.083880266499127535e-04
2.430000000000000000e+02 -5.442743032987295291e-04 -5.442743032987295291e-04
2.440000000000000000e+02 -6.802020351105520293e-04 -6.802020351105520293e-04
2.450000000000000000e+02 -8.711843763195614493e-04 -8.711843763195614493e-04
2.460000000000000000e+02 -6.656950475315065105e-04 -6.656950475315065105e-04
2.470000000000000000e+02 -6.036954965269511865e-04 -6.036954965269511865e-04
2.480000000000000000e+02 -6.156777004078484942e-04 -6.156777004078484942e-04
2.490000000000000000e+02 -7.033984066160693096e-04 -7.033984066160693096e-04
2.500000000000000000e+02 -5.688032480234784865e-04 -5.688032480234784865e-04
2.510000000000000000e+02 -5.947270549031370224e-04 -5.947270549031370224e-04
2.520000000000000000e+02 -5.442322420204982227e-04 -5.442322420204982227e-04
2.530000000000000000e+02 -6.683192090932547642e-04 -6.683192090932547642e-04
2.540000000000000000e+02 -6.303536145312597016e-04 -6.303536145312597016e-04
2.550000000000000000e+02 -5.344926481275279022e-04 -5.344926481275279022e-04
2.560000000000000000e+02 -6.250758745307789582e-04 -6.250758745307789582e-04
2.570000000000000000e+02 -7.136288709599750450e-04 -7.136288709599750450e-04
2.580000000000000000e+02 -7.572926018672709869e-04 -7.572926018672709869e-04
2.590000000000000000e+02 -6.050906986443408070e-04 -6.050906986443408070e-04
2.600000000000000000e+02 -5.337445874709169152e-04 -5.337445874709169152e-04
2.610000000000000000e+02 -6.751043693957438580e-04 -6.751043693957438580e-04
2.620000000000000000e+02 -5.189890805254409982e-04 -5.189890805254409982e-04
2.630000000000000000e+02 -6.847687555117701027e-04 -6.847687555117701027e-04
2.640000000000000000e+02 -6.003154371138323545e-04 -6.003154371138323545e-04
2.650000000000000000e+02 -6.000161575394157400e-04 -6.000161575394157400e-04
2.660000000000000000e+02 -5.694674897878378248e-04 -5.694674897878378248e-04
2.670000000000000000e+02 -5.321708676886250473e-04 -5.321708676886250473e-04
2.680000000000000000e+02 -4.511316801653485371e-04 -4.511316801653485371e-04
2.690000000000000000e+02 -6.114112074106821263e-04 -6.114112074106821263e-04
2.700000000000000000e+02 -5.298056232926388019e-04 -5.298056232926388019e-04
2.710000000000000000e+02 -4.143413408975788110e-04 -4.143413408975788110e-04
2.720000000000000000e+02 -7.168417598730375019e-04 -7.168417598730375019e-04
2.730000000000000000e+02 -7.360918471242806861e-04 -7.360918471242806861e-04
2.740000000000000000e+02 -6.390709445383217346e-04 -6.390709445383217346e-04
2.750000000000000000e+02 -4.599542064837530502e-04 -4.599542064837530502e-04
2.760000000000000000e+02 -7.186398989741957320e-04 -7.186398989741957320e-04
2.770000000000000000e+02 -4.291040796365611565e-04 -4.291040796365611565e-04
2.780000000000000000e+02 -3.665294304784422132e-04 -3.665294304784422132e-04
2.790000000000000000e+02 -4.095104226384010840e-04 -4.095104226384010840e-04
2.800000000000000000e+02 -4.519242609214063665e-04 -4.519242609214063665e-04
2.810000000000000000e+02 -5.071705891512701255e-04 -5.071705891512701255e-04
2.820000000000000000e+02 -3.979239052589559093e-04 -3.979239052589559093e-04
2.830000000000000000e+02 -3.619218037650610929e-04 -3.619218037650610929e-04
2.840000000000000000e+02 -5.326956988243093140e-04 -5.326956988243093140e-04
2.850000000000000000e+02 -4.950488040159214346e-04 -4.950488040159214346e-04
2.860000000000000000e+02 -4.238859532008260891e-04 -4.238859532008260891e-04
2.870000000000000000e+02 -3.731539051955817766e-04 -3.731539051955817766e-04
2.880000000000000000e+02 -3.684903864055508573e-04 -3.684903864055508573e-04
2.890000000000000000e+02 -3.272046056669601004e-04 -3.272046056669601004e-04
2.900000000000000000e+02 -2.918070635525080842e-04 -2.918070635525080842e-04
2.910000000000000000e+02 -1.573679257946406559e-04 -1.573679257946406559e-04
2.920000000000000000e+02 -1.705218132650065835e-04 -1.705218132650065835e-04
2.930000000000000000e+02 -3.541415077812497562e-04 -3.541415077812497562e-04
2.940000000000000000e+02 -1.633652912669991588e-04 -1.633652912669991588e-04
2.950000000000000000e+02 -1.676333015352514790e-04 -1.676333015352514790e-04
2.960000000000000000e+02 -3.183597870696487598e-04 -3.183597870696487598e-04
2.970000000000000000e+02 -2.543946834928120077e-04 -2.543946834928120077e-04
2.980000000000000000e+02 -2.971235169478559897e-04 -2.971235169478559897e-04
2.990000000000000000e+02 -2.952326231135700006e-04 -2.952326231135700006e-04
3.000000000000000000e+02 -2.249066408258519958e-04 -2.249066408258519958e-04
3.010000000000000000e+02 -2.418365074441911522e-04 -2.418365074441911522e-04
3.020000000000000000e+02 -1.608645426225953042e-04 -1.608645426225953042e-04
3.030000000000000000e+02 -1.573582027908025898e-04 -1.573582027908025898e-04
3.040000000000000000e+02 -2.308208446925227311e-04 -2.308208446925227311e-04
3.050000000000000000e+02 -2.732964463005097531e-04 -2.732964463005097531e-04
3.060000000000000000e+02 -2.955726720609151877e-04 -2.955726720609151877e-04
3.070000000000000000e+02 -2.333641344673752607e-04 -2.333641344673752607e-04
3.080000000000000000e+02 -3.322389707807545025e-04 -3.322389707807545025e-04
3.090000000000000000e+02 -2.049579573686309824e-04 -2.049579573686309824e-04
3.100000000000000000e+02 -1.138619263102076424e-04 -1.138619263102076424e-04
3.110000000000000000e+02 -1.507731587406685469e-04 -1.507731587406685469e-04
3.120000000000000000e+02 -2.093877302708645378e-04 -2.093877302708645378e-04
3.130000000000000000e+02 -6.105153237006266111e-05 -6.105153237006266111e-05
3.140000000000000000e+02 -2.368670153359435685e-04 -2.368670153359435685e-04
3.150000000000000000e+02 -2.750935938758131269e-04 -2.750935938758131269e-04
3.160000000000000000e+02 -1.530086669089010380e-04 -1.530086669089010380e-04
3.170000000000000000e+02 -1.726970106409295744e-04 -1.726970106409295744e-04
3.180000000000000000e+02 -2.230791194100499868e-04 -2.230791194100499868e-04
3.190000000000000000e+02 2.963722302467397592e-05 2.963722302467397592e-05
3.200000000000000000e+02 -6.899070068458079306e-05 -6.899070068458079306e-05
3.210000000000000000e+02 -9.989376044386721898e-05 -9.989376044386721898e-05
3.220000000000000000e+02 -1.647504983412330186e-04 -1.647504983412330186e-04
3.230000000000000000e+02 -1.337737152395138639e-04 -1.337737152395138639e-04
3.240000000000000000e+02 -2.270792280641506934e-04 -2.270792280641506934e-04
3.250000000000000000e+02 -8.650934656051468240e-05 -8.650934656051468240e-05
3.260000000000000000e+02 -3.987702842352025594e-05 -3.987702842352025594e-05
3.270000000000000000e+02 5.418521116362795548e-05 5.418521116362795548e-05
3.280000000000000000e+02 1.740821808038406335e-05 1.740821808038406335e-05
3.290000000000000000e+02 -1.832109807096505899e-04 -1.832109807096505899e-04
3.300000000000000000e+02 7.206747536986979677e-05 7.206747536986979677e-05
3.310000000000000000e+02 -1.431758562415917863e-04 -1.431758562415917863e-04
3.320000000000000000e+02 -1.940780160757105133e-05 -1.940780160757105133e-05
3.330000000000000000e+02 -9.209671474387570516e-05 -9.209671474387570516e-05
3.340000000000000000e+02 1.027679024157794862e-04 1.027679024157794862e-04
3.350000000000000000e+02 5.658725073248416476e-05 5.658725073248416476e-05
3.360000000000000000e+02 5.916556971457664888e-05 5.916556971457664888e-05
3.370000000000000000e+02 -1.882558754733422240e-04 -1.882558754733422240e-04
3.380000000000000000e+02 -4.547151941088034658e-05 -4.547151941088034658e-05
3.390000000000000000e+02 -2.481085099446389688e-05 -2.481085099446389688e-05
3.400000000000000000e+02 4.691794253713798993e-05 4.691794253713798993e-05
3.410000000000000000e+02 -7.659629193576822641e-05 -7.659629193576822641e-05
3.420000000000000000e+02 4.092728100470876965e-05 4.092728100470876965e-05
3.430000000000000000e+02 -1.928760801298445774e-06 -1.928760801298445774e-06
3.440000000000000000e+02 1.099133563082841362e-04 1.099133563082841362e-04
3.450000000000000000e+02 -7.090787489694805139e-05 -7.090787489694805139e-05
3.460000000000000000e+02 -8.705728894096475873e-05 -8.705728894096475873e-05
3.470000000000000000e+02 1.858453721543273950e-05 1.858453721543273950e-05
3.480000000000000000e+02 -8.831871434458104999e-05 -8.831871434458104999e-05
3.490000000000000000e+02 8.680986390652334665e-05 8.680986390652334665e-05
3.500000000000000000e+02 8.016141896470985618e-05 8.016141896470985618e-05
3.510000000000000000e+02 1.242672210633829393e-04 1.242672210633829393e-04
3.520000000000000000e+02 6.547262594766289640e-05 6.547262594766289640e-05
3.530000000000000000e+02 3.745348915212920411e-05 3.745348915212920411e-05
3.540000000000000000e+02 -1.090275227377471837e-04 -1.090275227377471837e-04
3.550000000000000000e+02 1.237028912605075983e-05 1.237028912605075983e-05
3.560000000000000000e+02 6.144425046946210933e-05 6.144425046946210933e-05
3.570000000000000000e+02 2.385151833383825234e-05 2.385151833383825234e-05
3.580000000000000000e+02 1.771298191528905021e-04 1.771298191528905021e-04
3.590000000000000000e+02 -4.282764425184493001e-06 -4.282764425184493001e-06
3.600000000000000000e+02 1.503448972544921768e-04 1.503448972544921768e-04
3.610000000000000000e+02 3.827633032608479465e-05 3.827633032608479465e-05
3.620000000000000000e+02 1.665157372616731261e-04 1.665157372616731261e-04
3.630000000000000000e+02 1.651651333346707462e-04 1.651651333346707462e-04
3.640000000000000000e+02 1.143810770097718519e-04 1.143810770097718519e-04
3.650000000000000000e+02 8.641661403109245879e-05 8.641661403109245879e-05
3.660000000000000000e+02 2.496846791461218985e-04 2.496846791461218985e-04
3.670000000000000000e+02 3.167404945569657262e-04 3.167404945569657262e-04
3.680000000000000000e+02 8.152626241506632566e-05 8.152626241506632566e-05
3.690000000000000000e+02 1.964023343760837954e-04 1.964023343760837954e-04
3.700000000000000000e+02 2.815851038092555118e-04 2.815851038092555118e-04
3.710000000000000000e+02 2.573046679450313994e-04 2.573046679450313994e-04
3.720000000000000000e+02 1.398960638226480707e-04 1.398960638226480707e-04
3.730000000000000000e+02 7.354804059809238721e-05 7.354804059809238721e-05
3.740000000000000000e+02 2.537276319747302296e-04 2.537276319747302296e-04
3.750000000000000000e+02 6.303326096670758521e-05 6.303326096670758521e-05
3.760000000000000000e+02 2.160654268045377694e-04 2.160654268045377694e-04
3.770000000000000000e+02 2.995983487242147476e-04 2.995983487242147476e-04
3.780000000000000000e+02 2.134969427516321080e-04 2.134969427516321080e-04
3.790000000000000000e+02 1.056318148729757967e-04 1.056318148729757967e-04
3.800000000000000000e+02 2.061660044762744174e-04 2.061660044762744174e-04
3.810000000000000000e+02 1.869603698908755098e-04 1.869603698908755098e-04
3.820000000000000000e+02 3.129817634294664985e-04 3.129817634294664985e-04
3.830000000000000000e+02 2.582486799711635069e-04 2.582486799711635069e-04
3.840000000000000000e+02 1.750793145846054580e-04 1.750793145846054580e-04
3.850000000000000000e+02 1.103017672971730100e-04 1.103017672971730100e-04
3.860000000000000000e+02 2.706957110890516782e-04 2.706957110890516782e-04
3.870000000000000000e+02 1.338578849186294786e-04 1.338578849186294786e-04
3.880000000000000000e+02 2.278915723030095928e-04 2.278915723030095928e-04
3.890000000000000000e+02 1.879317135139378886e-04 1.879317135139378886e-04
3.900000000000000000e+02 2.368330003067788949e-04 2.368330003067788949e-04
3.910000000000000000e+02 2.802895019234660323e-04 2.802895019234660323e-04
3.920000000000000000e+02 2.296132891470172954e-04 2.296132891470172954e-04
3.930000000000000000e+02 2.329171253095719835e-04 2.329171253095719835e-04
3.940000000000000000e+02 1.887463593201164111e-04 1.887463593201164111e-04
3.950000000000000000e+02 4.466030647073248862e-05 4.466030647073248862e-05
3.960000000000000000e+02 2.395815966921378609e-04 2.395815966921378609e-04
3.970000000000000000e+02 3.065213296039686047e-04 3.065213296039686047e-04
3.980000000000000000e+02 2.513084677726119321e-04 2.513084677726119321e-04
3.990000000000000000e+02 1.317045891613263179e-04 1.317045891613263179e-04
4.000000000000000000e+02 2.257995084990827093e-04 2.257995084990827093e-04
4.010000000000000000e+02 2.842617220966492473e-04 2.842617220966492473e-04
4.020000000000000000e+02 3.655172010481031234e-04 3.655172010481031234e-04
4.030000000000000000e+02 2.752716500799890810e-04 2.752716500799890810e-04
4.040000000000000000e+02 3.578526325034942163e-04 3.578526325034942163e-04
4.050000000000000000e+02 3.112123291294189784e-04 3.112123291294189784e-04
4.060000000000000000e+02 4.141975913121765697e-04 4.141975913121765697e-04
4.070000000000000000e+02 2.139956084822021247e-04 2.139956084822021247e-04
4.080000000000000000e+02 2.350565615078410448e-04 2.350565615078410448e-04
4.090000000000000000e+02 3.482265971274955984e-04 3.482265971274955984e-04
4.100000000000000000e+02 3.178863113283419842e-04 3.178863113283419842e-04
4.110000000000000000e+02 2.664576418689792460e-04 2.664576418689792460e-04
4.120000000000000000e+02 3.469454587550241278e-04 3.469454587550241278e-04
4.130000000000000000e+02 3.373968654978815951e-04 3.373968654978815951e-04
4.140000000000000000e+02 3.633445156200175853e-04 3.633445156200175853e-04
4.150000000000000000e+02 1.687961537295144983e-04 1.687961537295144983e-04
4.160000000000000000e+02 2.827580531733692236e-04 2.827580531733692236e-04
4.170000000000000000e+02 2.607151938539744446e-04 2.607151938539744446e-04
4.180000000000000000e+02 3.758160780877432025e-04 3.758160780877432025e-04
4.190000000000000000e+02 1.227275830343451605e-04 1.227275830343451605e-04
4.200000000000000000e+02 3.170397353571449391e-04 3.170397353571449391e-04
4.210000000000000000e+02 3.258392828927214775e-04 3.258392828927214775e-04
4.220000000000000000e+02 2.479259745744707348e-04 2.479259745744707348e-04
4.230000000000000000e+02 2.371958074932172249e-04 2.371958074932172249e-04
4.240000000000000000e+02 2.224916693863275715e-04 2.224916693863275715e-04
4.250000000000000000e+02 4.085359664050640643e-04 4.085359664050640643e-04
4.260000000000000000e+02 1.658227081001940526e-04 1.658227081001940526e-04
4.270000000000000000e+02 3.264342018598624965e-04 3.264342018598624965e-04
4.280000000000000000e+02 2.824481239181434638e-04 2.824481239181434638e-04
4.290000000000000000e+02 3.157804179117278359e-04 3.157804179117278359e-04
4.300000000000000000e+02 2.126259825170125778e-04 2.126259825170125778e-04
4.310000000000000000e+02 2.405127815537980694e-04 2.405127815537980694e-04
4.320000000000000000e+02 1.463830904626416476e-04 1.463830904626416476e-04
4.330000000000000000e+02 2.546731852537278506e-04 2.546731852537278506e-04
4.340000000000000000e+02 2.043103215054541501e-04 2.043103215054541501e-04
4.350000000000000000e+02 3.085794367565267930e-04 3.085794367565267930e-04
4.360000000000000000e+02 1.846549767148801687e-04 1.846549767148801687e-04
4.370000000000000000e+02 1.259547531021076843e-05 1.259547531021076843e-05
4.380000000000000000e+02 1.384610304312590087e-04 1.384610304312590087e-04
4.390000000000000000e+02 1.156862682936112891e-04 1.156862682936112891e-04
4.400000000000000000e+02 1.499930659771156016e-04 1.499930659771156016e-04
4.410000000000000000e+02 1.130140904472377519e-04 1.130140904472377519e-04
4.420000000000000000e+02 9.930053884567702335e-05 9.930053884567702335e-05
4.430000000000000000e+02 1.952666575676542687e-05 1.952666575676542687e-05
4.440000000000000000e+02 2.874552771518368180e-05 2.874552771518368180e-05
4.450000000000000000e+02 9.093762943703121045e-05 9.093762943703121045e-05
4.460000000000000000e+02 5.456393948168136672e-05 5.456393948168136672e-05
4.470000000000000000e+02 1.804622367684711700e-04 1.804622367684711700e-04
4.480000000000000000e+02 4.499019691690764008e-05 4.499019691690764008e-05
4.490000000000000000e+02 1.112338232426645057e-04 1.112338232426645057e-04
4.500000000000000000e+02 5.262698486096040407e-05 5.262698486096040407e-05
4.510000000000000000e+02 1.050717348035139448e-04 1.050717348035139448e-04
4.520000000000000000e+02 1.839047840495766599e-05 1.839047840495766599e-05
4.530000000000000000e+02 8.155041922632400139e-05 8.155041922632400139e-05
4.540000000000000000e+02 8.051583458282629362e-05 8.051583458282629362e-05
4.550000000000000000e+02 5.535103824541365075e-05 5.535103824541365075e-05
4.560000000000000000e+02 -2.932493162898508341e-05 -2.932493162898508341e-05
4.570000000000000000e+02 -7.197391306566647425e-05 -7.197391306566647425e-05
4.580000000000000000e+02 -4.399468187869848503e-06 -4.399468187869848503e-06
4.590000000000000000e+02 -7.338199809671419919e-05 -7.338199809671419919e-05
4.600000000000000000e+02 4.124056216141069555e-05 4.124056216141069555e-05
4.610000000000000000e+02 6.380769600425784289e-05 6.380769600425784289e-05
4.620000000000000000e+02 -2.811697485572950316e-05 -2.811697485572950316e-05
4.630000000000000000e+02 3.887762938851779858e-05 3.887762938851779858e-05
4.640000000000000000e+02 -8.719416517861555574e-05 -8.719416517861555574e-05
4.650000000000000000e+02 -1.396988358620859837e-04 -1.396988358620859837e-04
4.660000000000000000e+02 -3.330568656541708266e-04 -3.330568656541708266e-04
4.670000000000000000e+02 -1.180187021647967051e-04 -1.180187021647967051e-04
4.680000000000000000e+02 -1.313057754011884791e-04 -1.313057754011884791e-04
4.690000000000000000e+02 -1.423987364442927969e-04 -1.423987364442927969e-04
4.700000000000000000e+02 -1.985193503752354994e-04 -1.985193503752354994e-04
4.710000000000000000e+02 -1.420879936943324358e-04 -1.420879936943324358e-04
4.720000000000000000e+02 -1.425690819236843313e-04 -1.425690819236843313e-04
4.730000000000000000e+02 -2.584805974905582827e-04 -2.584805974905582827e-04
4.740000000000000000e+02 -1.371775252279463586e-04 -1.371775252279463586e-04
4.750000000000000000e+02 -2.420141870012448967e-04 -2.420141870012448967e-04
4.760000000000000000e+02 -2.162254156843923547e-04 -2.162254156843923547e-04
4.770000000000000000e+02 -3.363606898135374119e-04 -3.363606898135374119e-04
4.780000000000000000e+02 -2.857144569556057962e-04 -2.857144569556057962e-04
4.790000000000000000e+02 -3.370580680503633018e-04 -3.370580680503633018e-04
4.800000000000000000e+02 -3.179038551173533054e-04 -3.179038551173533054e-04
4.810000000000000000e+02 -2.356575632555129066e-04 -2.356575632555129066e-04
4.820000000000000000e+02 -3.613562170570649903e-04 -3.613562170570649903e-04
4.830000000000000000e+02 -3.465954798146146871e-04 -3.465954798146146871e-04
4.840000000000000000e+02 -4.572518690710130067e-04 -4.572518690710130067e-04
4.850000000000000000e+02 -3.516206417727369749e-04 -3.516206417727369749e-04
4.860000000000000000e+02 -5.195596491742952155e-04 -5.195596491742952155e-04
4.870000000000000000e+02 -4.058355541209528509e-04 -4.058355541209528509e-04
4.880000000000000000e+02 -4.457794461309422360e-04 -4.457794461309422360e-04
4.890000000000000000e+02 -5.024391218683313225e-04 -5.024391218683313225e-04
4.900000000000000000e+02 -3.963124085365968686e-04 -3.963124085365968686e-04
4.910000000000000000e+02 -3.214024107245512497e-04 -3.214024107245512497e-04
4.920000000000000000e+02 -4.347943438632278883e-04 -4.347943438632278883e-04
4.930000000000000000e+02 -3.852024199189684286e-04 -3.852024199189684286e-04
4.940000000000000000e+02 -5.198326888779286788e-04 -5.198326888779286788e-04
4.950000000000000000e+02 -4.547259637282638121e-04 -4.547259637282638121e-04
4.960000000000000000e+02 -5.726103268509460291e-04 -5.726103268509460291e-04
4.970000000000000000e+02 -4.937118554207919029e-04 -4.937118554207919029e-04
4.980000000000000000e+02 -5.043564504796875904e-04 -5.043564504796875904e-04
4.990000000000000000e+02 -4.781366409085148353e-04 -4.781366409085148353e-04
5.000000000000000000e+02 -4.992465833419938064e-04 -4.992465833419938064e-04
