# delays[ps] delta_averaged scan 0
-2.000000000000000000e+01 5.729211896148844616e-05 5.729211896148844616e-05
-1.800000000000000000e+01 -9.671018242053297141e-06 -9.671018242053297141e-06
-1.600000000000000000e+01 5.936850746535715854e-06 5.936850746535715854e-06
-1.400000000000000000e+01 -3.355015904637492910e-05 -3.355015904637492910e-05
-1.200000000000000000e+01 4.095173694425613577e-05 4.095173694425613577e-05
-1.000000000000000000e+01 4.852551654651837519e-05 4.852551654651837519e-05
-8.000000000000000000e+00 5.125682430089150969e-06 5.125682430089150969e-06
-6.000000000000000000e+00 1.010137387816678573e-05 1.010137387816678573e-05
-4.000000000000000000e+00 -1.694699796272736215e-05 -1.694699796272736215e-05
-2.000000000000000000e+00 5.535544254767410581e-05 5.535544254767410581e-05
-1.000000000000000000e+00 -7.942102575907550351e-06 -7.942102575907550351e-06
-9.000000000000000222e-01 9.190081964193685637e-06 9.190081964193685637e-06
-8.000000000000000444e-01 8.914542553198912260e-05 8.914542553198912260e-05
-6.999999999999999556e-01 3.138078177603309809e-05 3.138078177603309809e-05
-5.999999999999999778e-01 -1.191733492811741728e-05 -1.191733492811741728e-05
-5.000000000000000000e-01 -1.484043881940122440e-06 -1.484043881940122440e-06
-4.000000000000000222e-01 9.328558907709006434e-06 9.328558907709006434e-06
-2.999999999999999889e-01 1.681773357870053307e-05 1.681773357870053307e-05
-2.000000000000000111e-01 3.785408651953181444e-05 3.785408651953181444e-05
-1.000000000000000056e-01 7.827148137703843309e-05 7.827148137703843309e-05
0.000000000000000000e+00 9.820117917991799065e-05 9.820117917991799065e-05
1.000000000000000056e-01 -6.123295891777392010e-05 -6.123295891777392010e-05
2.000000000000000111e-01 -3.326968192335468867e-04 -3.326968192335468867e-04
2.999999999999999889e-01 -6.287488097166724467e-04 -6.287488097166724467e-04
4.000000000000000222e-01 -8.229241048958958402e-04 -8.229241048958958402e-04
5.000000000000000000e-01 -1.026002440499090796e-03 -1.026002440499090796e-03
5.999999999999999778e-01 -1.114067066368872039e-03 -1.114067066368872039e-03
6.999999999999999556e-01 -1.257876660031744757e-03 -1.257876660031744757e-03
8.000000000000000444e-01 -1.292207445587878522e-03 -1.292207445587878522e-03
9.000000000000000222e-01 -1.258077591743075136e-03 -1.258077591743075136e-03
1.000000000000000000e+00 -1.329057428087169470e-03 -1.329057428087169470e-03
1.100000000000000089e+00 -1.325839163767867420e-03 -1.325839163767867420e-03
1.199999999999999956e+00 -1.321145445262034406e-03 -1.321145445262034406e-03
1.300000000000000044e+00 -1.385948715946280036e-03 -1.385948715946280036e-03
1.399999999999999911e+00 -1.332254263947587041e-03 -1.332254263947587041e-03
1.500000000000000000e+00 -1.381320126527463754e-03 -1.381320126527463754e-03
1.600000000000000089e+00 -1.444537269872325953e-03 -1.444537269872325953e-03
1.699999999999999956e+00 -1.435083121903525010e-03 -1.435083121903525010e-03
1.800000000000000044e+00 -1.426640613984879284e-03 -1.426640613984879284e-03
1.899999999999999911e+00 -1.515736995809091603e-03 -1.515736995809091603e-03
2.000000000000000000e+00 -1.470130454372170796e-03 -1.470130454372170796e-03
3.000000000000000000e+00 -1.456498913833539953e-03 -1.456498913833539953e-03
4.000000000000000000e+00 -1.249221579045266825e-03 -1.249221579045266825e-03
5.000000000000000000e+00 -1.087706760008893409e-03 -1.087706760008893409e-03
6.000000000000000000e+00 -9.268833438861272386e-04 -9.268833438861272386e-04
7.000000000000000000e+00 -8.901708262411554872e-04 -8.901708262411554872e-04
8.000000000000000000e+00 -8.031430662124385044e-04 -8.031430662124385044e-04
9.000000000000000000e+00 -6.809148176494338569e-04 -6.809148176494338569e-04
1.000000000000000000e+01 -5.568006951748181912e-04 -5.568006951748181912e-04
1.100000000000000000e+01 -5.241418908049394650e-04 -5.241418908049394650e-04
1.200000000000000000e+01 -3.609917114598164755e-04 -3.609917114598164755e-04
1.300000000000000000e+01 -3.688995601310582958e-04 -3.688995601310582958e-04
1.400000000000000000e+01 -2.361196536594250021e-04 -2.361196536594250021e-04
1.500000000000000000e+01 -2.024735711428961044e-04 -2.024735711428961044e-04
1.600000000000000000e+01 -2.035268733433169791e-04 -2.035268733433169791e-04
1.700000000000000000e+01 -2.596060706785862011e-04 -2.596060706785862011e-04
1.800000000000000000e+01 -1.416647900669060266e-04 -1.416647900669060266e-04
1.900000000000000000e+01 -1.529062086078205685e-04 -1.529062086078205685e-04
2.000000000000000000e+01 -6.759972076524512364e-05 -6.759972076524512364e-05
2.100000000000000000e+01 -3.202740277991534043e-05 -3.202740277991534043e-05
2.200000000000000000e+01 -1.426108568389117308e-05 -1.426108568389117308e-05
2.300000000000000000e+01 1.283166291654003268e-05 1.283166291654003268e-05
2.400000000000000000e+01 -1.142462884987893792e-05 -1.142462884987893792e-05
2.500000000000000000e+01 1.361314341383734796e-05 1.361314341383734796e-05
2.600000000000000000e+01 8.740347143663118804e-06 8.740347143663118804e-06
2.700000000000000000e+01 3.534261004212757335e-05 3.534261004212757335e-05
2.800000000000000000e+01 3.385520723594470682e-05 3.385520723594470682e-05
2.900000000000000000e+01 1.180040723605900715e-04 1.180040723605900715e-04
3.000000000000000000e+01 7.947739341692738391e-05 7.947739341692738391e-05
3.100000000000000000e+01 9.219925675590412461e-05 9.219925675590412461e-05
3.200000000000000000e+01 5.457057800469822283e-05 5.457057800469822283e-05
3.300000000000000000e+01 1.398617068897289840e-04 1.398617068897289840e-04
3.400000000000000000e+01 1.027019615156933233e-04 1.027019615156933233e-04
3.500000000000000000e+01 7.514138377856927184e-05 7.514138377856927184e-05
3.600000000000000000e+01 1.013506277334019718e-04 1.013506277334019718e-04
3.700000000000000000e+01 5.480031443298471913e-05 5.480031443298471913e-05
3.800000000000000000e+01 7.460768706619291942e-05 7.460768706619291942e-05
3.900000000000000000e+01 -1.185277498905024012e-05 -1.185277498905024012e-05
4.000000000000000000e+01 1.343925921066768671e-05 1.343925921066768671e-05
4.100000000000000000e+01 -1.661904928214208584e-05 -1.661904928214208584e-05
4.200000000000000000e+01 -8.665961797598486301e-06 -8.665961797598486301e-06
4.300000000000000000e+01 -1.354060993254646630e-05 -1.354060993254646630e-05
4.400000000000000000e+01 2.718293652286008101e-05 2.718293652286008101e-05
4.500000000000000000e+01 -6.608646676125440713e-05 -6.608646676125440713e-05
4.600000000000000000e+01 -5.847969851094259272e-06 -5.847969851094259272e-06
4.700000000000000000e+01 -3.368977346210977146e-05 -3.368977346210977146e-05
4.800000000000000000e+01 -2.565858363288575780e-05 -2.565858363288575780e-05
4.900000000000000000e+01 -1.647969995542464123e-05 -1.647969995542464123e-05
5.000000000000000000e+01 -3.304982525648770045e-05 -3.304982525648770045e-05
5.100000000000000000e+01 6.089087480796906735e-05 6.089087480796906735e-05
5.200000000000000000e+01 3.660193544412137856e-05 3.660193544412137856e-05
5.300000000000000000e+01 6.049741983409595537e-05 6.049741983409595537e-05
5.400000000000000000e+01 1.225992902246387920e-04 1.225992902246387920e-04
5.500000000000000000e+01 6.798372862012658419e-05 6.798372862012658419e-05
5.600000000000000000e+01 6.294452119207815570e-05 6.294452119207815570e-05
5.700000000000000000e+01 1.163483803920597478e-04 1.163483803920597478e-04
5.800000000000000000e+01 8.646698918028439046e-05 8.646698918028439046e-05
5.900000000000000000e+01 3.040456191098184113e-05 3.040456191098184113e-05
6.000000000000000000e+01 1.553146824851518997e-04 1.553146824851518997e-04
6.100000000000000000e+01 1.407313930812211693e-04 1.407313930812211693e-04
6.200000000000000000e+01 1.304053384590620965e-04 1.304053384590620965e-04
6.300000000000000000e+01 1.174859682107882677e-04 1.174859682107882677e-04
6.400000000000000000e+01 1.179976958412332143e-04 1.179976958412332143e-04
6.500000000000000000e+01 8.008451807490956568e-05 8.008451807490956568e-05
6.600000000000000000e+01 1.254569629810674454e-04 1.254569629810674454e-04
6.700000000000000000e+01 3.485083066554551026e-05 3.485083066554551026e-05
6.800000000000000000e+01 1.013712090608213099e-04 1.013712090608213099e-04
6.900000000000000000e+01 3.238332574089753074e-05 3.238332574089753074e-05
7.000000000000000000e+01 9.171772012586787534e-05 9.171772012586787534e-05
7.100000000000000000e+01 1.780476673017528203e-05 1.780476673017528203e-05
7.200000000000000000e+01 8.456685827555987563e-06 8.456685827555987563e-06
7.300000000000000000e+01 3.195239969116315029e-05 3.195239969116315029e-05
7.400000000000000000e+01 -3.723946652549991993e-05 -3.723946652549991993e-05
7.500000000000000000e+01 -1.097953064960279813e-04 -1.097953064960279813e-04
7.600000000000000000e+01 4.392979649012307697e-06 4.392979649012307697e-06
7.700000000000000000e+01 -1.073537371778887601e-04 -1.073537371778887601e-04
7.800000000000000000e+01 -9.151304504214652911e-05 -9.151304504214652911e-05
7.900000000000000000e+01 -1.254239945913209180e-04 -1.254239945913209180e-04
8.000000000000000000e+01 -1.018066307604052994e-04 -1.018066307604052994e-04
8.100000000000000000e+01 -9.304657348731016102e-05 -9.304657348731016102e-05
8.200000000000000000e+01 -1.223962161534555252e-04 -1.223962161534555252e-04
8.300000000000000000e+01 -1.257540664928318323e-04 -1.257540664928318323e-04
8.400000000000000000e+01 -7.962211371235371942e-05 -7.962211371235371942e-05
8.500000000000000000e+01 -6.026178388838621358e-05 -6.026178388838621358e-05
8.600000000000000000e+01 -1.471079462364799409e-05 -1.471079462364799409e-05
8.700000000000000000e+01 2.446904459245635745e-05 2.446904459245635745e-05
8.800000000000000000e+01 5.966178621657603345e-06 5.966178621657603345e-06
8.900000000000000000e+01 4.989382821124599688e-06 4.989382821124599688e-06
9.000000000000000000e+01 1.210859686102938605e-05 1.210859686102938605e-05
9.100000000000000000e+01 -3.392976911095502450e-05 -3.392976911095502450e-05
9.200000000000000000e+01 -9.748560634953029743e-05 -9.748560634953029743e-05
9.300000000000000000e+01 -2.015208590853045847e-04 -2.015208590853045847e-04
9.400000000000000000e+01 -2.174704427852470698e-04 -2.174704427852470698e-04
9.500000000000000000e+01 -2.949747659656521098e-04 -2.949747659656521098e-04
9.600000000000000000e+01 -3.316113802833035927e-04 -3.316113802833035927e-04
9.700000000000000000e+01 -3.448289460882026660e-04 -3.448289460882026660e-04
9.800000000000000000e+01 -4.512021253942909193e-04 -4.512021253942909193e-04
9.900000000000000000e+01 -5.058858213225513913e-04 -5.058858213225513913e-04
1.000000000000000000e+02 -5.334002400951112820e-04 -5.334002400951112820e-04
1.010000000000000000e+02 -5.478725632902954048e-04 -5.478725632902954048e-04
1.020000000000000000e+02 -6.262712636852706344e-04 -6.262712636852706344e-04
1.030000000000000000e+02 -5.791672416474391528e-04 -5.791672416474391528e-04
1.040000000000000000e+02 -5.848644992013032765e-04 -5.848644992013032765e-04
1.050000000000000000e+02 -5.841698749333673439e-04 -5.841698749333673439e-04
1.060000000000000000e+02 -6.980381842237031332e-04 -6.980381842237031332e-04
1.070000000000000000e+02 -7.088259789026642816e-04 -7.088259789026642816e-04
1.080000000000000000e+02 -6.739354466751847593e-04 -6.739354466751847593e-04
1.090000000000000000e+02 -7.083541157309093542e-04 -7.083541157309093542e-04
1.100000000000000000e+02 -6.831697740166043547e-04 -6.831697740166043547e-04
1.110000000000000000e+02 -7.236693347755192903e-04 -7.236693347755192903e-04
1.120000000000000000e+02 -7.756897599977821342e-04 -7.756897599977821342e-04
1.130000000000000000e+02 -8.223962433567060751e-04 -8.223962433567060751e-04
1.140000000000000000e+02 -8.872168851703956648e-04 -8.872168851703956648e-04
1.150000000000000000e+02 -8.238223391943173693e-04 -8.238223391943173693e-04
1.160000000000000000e+02 -9.422315370327896287e-04 -9.422315370327896287e-04
1.170000000000000000e+02 -9.370142828932527795e-04 -9.370142828932527795e-04
1.180000000000000000e+02 -1.046027735390293954e-03 -1.046027735390293954e-03
1.190000000000000000e+02 -1.100940248806220973e-03 -1.100940248806220973e-03
1.200000000000000000e+02 -1.052457371989246829e-03 -1.052457371989246829e-03
1.210000000000000000e+02 -1.209737231270099000e-03 -1.209737231270099000e-03
1.220000000000000000e+02 -1.257159190155385459e-03 -1.257159190155385459e-03
1.230000000000000000e+02 -1.268693192910841806e-03 -1.268693192910841806e-03
1.240000000000000000e+02 -1.390372262404429094e-03 -1.390372262404429094e-03
1.250000000000000000e+02 -1.502166846379430392e-03 -1.502166846379430392e-03
1.260000000000000000e+02 -1.517862912954932603e-03 -1.517862912954932603e-03
1.270000000000000000e+02 -1.651376927415685019e-03 -1.651376927415685019e-03
1.280000000000000000e+02 -1.659979545461074324e-03 -1.659979545461074324e-03
1.290000000000000000e+02 -1.659978019215829553e-03 -1.659978019215829553e-03
1.300000000000000000e+02 -1.694791141934053882e-03 -1.694791141934053882e-03
1.310000000000000000e+02 -1.600011867716630027e-03 -1.600011867716630027e-03
1.320000000000000000e+02 -1.607798265908059803e-03 -1.607798265908059803e-03
1.330000000000000000e+02 -1.527318948383607922e-03 -1.527318948383607922e-03
1.340000000000000000e+02 -1.475389896501067520e-03 -1.475389896501067520e-03
1.350000000000000000e+02 -1.473144491160647976e-03 -1.473144491160647976e-03
1.360000000000000000e+02 -1.386578818201780706e-03 -1.386578818201780706e-03
1.370000000000000000e+02 -1.277333214719077658e-03 -1.277333214719077658e-03
1.380000000000000000e+02 -1.342039030590823877e-03 -1.342039030590823877e-03
1.390000000000000000e+02 -1.241014413938091622e-03 -1.241014413938091622e-03
1.400000000000000000e+02 -1.207422176550785372e-03 -1.207422176550785372e-03
1.410000000000000000e+02 -1.234597139120143612e-03 -1.234597139120143612e-03
1.420000000000000000e+02 -1.168221264709040381e-03 -1.168221264709040381e-03
1.430000000000000000e+02 -1.217450509244976612e-03 -1.217450509244976612e-03
1.440000000000000000e+02 -1.209104654685671468e-03 -1.209104654685671468e-03
1.450000000000000000e+02 -1.229181274202286941e-03 -1.229181274202286941e-03
1.460000000000000000e+02 -1.227418681320552579e-03 -1.227418681320552579e-03
1.470000000000000000e+02 -1.209685134832923312e-03 -1.209685134832923312e-03
1.480000000000000000e+02 -1.219709101647036085e-03 -1.219709101647036085e-03
1.490000000000000000e+02 -1.203318258203600090e-03 -1.203318258203600090e-03
1.500000000000000000e+02 -1.254294151610978311e-03 -1.254294151610978311e-03
1.510000000000000000e+02 -1.245673356366689940e-03 -1.245673356366689940e-03
1.520000000000000000e+02 -1.252696520968212338e-03 -1.252696520968212338e-03
1.530000000000000000e+02 -1.300959147674712706e-03 -1.300959147674712706e-03
1.540000000000000000e+02 -1.395156242950457105e-03 -1.395156242950457105e-03
1.550000000000000000e+02 -1.301499756247098596e-03 -1.301499756247098596e-03
1.560000000000000000e+02 -1.423147168263967470e-03 -1.423147168263967470e-03
1.570000000000000000e+02 -1.392585891866357246e-03 -1.392585891866357246e-03
1.580000000000000000e+02 -1.384744066938062984e-03 -1.384744066938062984e-03
1.590000000000000000e+02 -1.405610406809943216e-03 -1.405610406809943216e-03
1.600000000000000000e+02 -1.375575399624292400e-03 -1.375575399624292400e-03
1.610000000000000000e+02 -1.463288118307674726e-03 -1.463288118307674726e-03
1.620000000000000000e+02 -1.492500206074852615e-03 -1.492500206074852615e-03
1.630000000000000000e+02 -1.555125038170955629e-03 -1.555125038170955629e-03
1.640000000000000000e+02 -1.497102520101396134e-03 -1.497102520101396134e-03
1.650000000000000000e+02 -1.412221323473461737e-03 -1.412221323473461737e-03
1.660000000000000000e+02 -1.453620768037351034e-03 -1.453620768037351034e-03
1.670000000000000000e+02 -1.502211476047445428e-03 -1.502211476047445428e-03
1.680000000000000000e+02 -1.480659535820710773e-03 -1.480659535820710773e-03
1.690000000000000000e+02 -1.465931320392710804e-03 -1.465931320392710804e-03
1.700000000000000000e+02 -1.434778466762561162e-03 -1.434778466762561162e-03
1.710000000000000000e+02 -1.403980259377084032e-03 -1.403980259377084032e-03
1.720000000000000000e+02 -1.407314635327324391e-03 -1.407314635327324391e-03
1.730000000000000000e+02 -1.424775783553953144e-03 -1.424775783553953144e-03
1.740000000000000000e+02 -1.386763745598476464e-03 -1.386763745598476464e-03
1.750000000000000000e+02 -1.397098749591740071e-03 -1.397098749591740071e-03
1.760000000000000000e+02 -1.407701132245675699e-03 -1.407701132245675699e-03
1.770000000000000000e+02 -1.413084367114452984e-03 -1.413084367114452984e-03
1.780000000000000000e+02 -1.340626921592082089e-03 -1.340626921592082089e-03
1.790000000000000000e+02 -1.411890431667225682e-03 -1.411890431667225682e-03
1.800000000000000000e+02 -1.416133148869770436e-03 -1.416133148869770436e-03
1.810000000000000000e+02 -1.481971350797204549e-03 -1.481971350797204549e-03
1.820000000000000000e+02 -1.492527127332462285e-03 -1.492527127332462285e-03
1.830000000000000000e+02 -1.510361434861997535e-03 -1.510361434861997535e-03
1.840000000000000000e+02 -1.557906624674577217e-03 -1.557906624674577217e-03
1.850000000000000000e+02 -1.564577286593203968e-03 -1.564577286593203968e-03
1.860000000000000000e+02 -1.668562848797740380e-03 -1.668562848797740380e-03
1.870000000000000000e+02 -1.655749033582199067e-03 -1.655749033582199067e-03
1.880000000000000000e+02 -1.689863962622036118e-03 -1.689863962622036118e-03
1.890000000000000000e+02 -1.697609241034661078e-03 -1.697609241034661078e-03
1.900000000000000000e+02 -1.697503426413699869e-03 -1.697503426413699869e-03
1.910000000000000000e+02 -1.693357347340174570e-03 -1.693357347340174570e-03
1.920000000000000000e+02 -1.689603956155487276e-03 -1.689603956155487276e-03
1.930000000000000000e+02 -1.695271456566271916e-03 -1.695271456566271916e-03
1.940000000000000000e+02 -1.775031245895583674e-03 -1.775031245895583674e-03
1.950000000000000000e+02 -1.678811022064250489e-03 -1.678811022064250489e-03
1.960000000000000000e+02 -1.725900558936014056e-03 -1.725900558936014056e-03
1.970000000000000000e+02 -1.698069291048252957e-03 -1.698069291048252957e-03
1.980000000000000000e+02 -1.602042470466835114e-03 -1.602042470466835114e-03
1.990000000000000000e+02 -1.612351312051560955e-03 -1.612351312051560955e-03
2.000000000000000000e+02 -1.520902707923126561e-03 -1.520902707923126561e-03
2.010000000000000000e+02 -1.561071101630884294e-03 -1.561071101630884294e-03
2.020000000000000000e+02 -1.623626753719659361e-03 -1.623626753719659361e-03
2.030000000000000000e+02 -1.530716103733279236e-03 -1.530716103733279236e-03
2.040000000000000000e+02 -1.486969212998427584e-03 -1.486969212998427584e-03
2.050000000000000000e+02 -1.534434538524304678e-03 -1.534434538524304678e-03
2.060000000000000000e+02 -1.555010636146084710e-03 -1.555010636146084710e-03
2.070000000000000000e+02 -1.508014344050952887e-03 -1.508014344050952887e-03
2.080000000000000000e+02 -1.626078845050127515e-03 -1.626078845050127515e-03
2.090000000000000000e+02 -1.602689930087919899e-03 -1.602689930087919899e-03
2.100000000000000000e+02 -1.546969914307976804e-03 -1.546969914307976804e-03
2.110000000000000000e+02 -1.638092380136950193e-03 -1.638092380136950193e-03
2.120000000000000000e+02 -1.630029011569261244e-03 -1.630029011569261244e-03
2.130000000000000000e+02 -1.632842781262997889e-03 -1.632842781262997889e-03
2.140000000000000000e+02 -1.695360372499620915e-03 -1.695360372499620915e-03
2.150000000000000000e+02 -1.744530427883611784e-03 -1.744530427883611784e-03
2.160000000000000000e+02 -1.742847931043581700e-03 -1.742847931043581700e-03
2.170000000000000000e+02 -1.756993726753022008e-03 -1.756993726753022008e-03
2.180000000000000000e+02 -1.745028531646053383e-03 -1.745028531646053383e-03
2.190000000000000000e+02 -1.757239346287035788e-03 -1.757239346287035788e-03
2.200000000000000000e+02 -1.761838441970025844e-03 -1.761838441970025844e-03
2.210000000000000000e+02 -1.861149667990392911e-03 -1.861149667990392911e-03
2.220000000000000000e+02 -1.878870212250283254e-03 -1.878870212250283254e-03
2.230000000000000000e+02 -1.883444430665038314e-03 -1.883444430665038314e-03
2.240000000000000000e+02 -1.862601885503884164e-03 -1.862601885503884164e-03
2.250000000000000000e+02 -1.910323020947291006e-03 -1.910323020947291006e-03
2.260000000000000000e+02 -1.945291258964005005e-03 -1.945291258964005005e-03
2.270000000000000000e+02 -1.916651364174563237e-03 -1.916651364174563237e-03
2.280000000000000000e+02 -1.891417461900252043e-03 -1.891417461900252043e-03
2.290000000000000000e+02 -1.898252499657592440e-03 -1.898252499657592440e-03
2.300000000000000000e+02 -1.901428916687551533e-03 -1.901428916687551533e-03
2.310000000000000000e+02 -1.861505945599138331e-03 -1.861505945599138331e-03
2.320000000000000000e+02 -1.938335147018872134e-03 -1.938335147018872134e-03
2.330000000000000000e+02 -1.862640917474290593e-03 -1.862640917474290593e-03
2.340000000000000000e+02 -1.932624042813915581e-03 -1.932624042813915581e-03
2.350000000000000000e+02 -1.943676697711013831e-03 -1.943676697711013831e-03
2.360000000000000000e+02 -1.903535396873531470e-03 -1.903535396873531470e-03
2.370000000000000000e+02 -1.905224082932152965e-03 -1.905224082932152965e-03
2.380000000000000000e+02 -1.900757094394077288e-03 -1.900757094394077288e-03
2.390000000000000000e+02 -1.916095015414374892e-03 -1.916095015414374892e-03
2.400000000000000000e+02 -1.879284453140260287e-03 -1.879284453140260287e-03
2.410000000000000000e+02 -1.750736542369472383e-03 -1.750736542369472383e-03
2.420000000000000000e+02 -1.798174003269455059e-03 -1.798174003269455059e-03
2.430000000000000000e+02 -1.824949728196375133e-03 -1.824949728196375133e-03
2.440000000000000000e+02 -1.912400665889322279e-03 -1.912400665889322279e-03
2.450000000000000000e+02 -1.812308424442339236e-03 -1.812308424442339236e-03
2.460000000000000000e+02 -1.844405473977651314e-03 -1.844405473977651314e-03
2.470000000000000000e+02 -1.781898390509434977e-03 -1.781898390509434977e-03
2.480000000000000000e+02 -1.795254526496287573e-03 -1.795254526496287573e-03
2.490000000000000000e+02 -1.716368929254850169e-03 -1.716368929254850169e-03
2.500000000000000000e+02 -1.792575324561283259e-03 -1.792575324561283259e-03
2.510000000000000000e+02 -1.741621528123522616e-03 -1.741621528123522616e-03
2.520000000000000000e+02 -1.712955031439361260e-03 -1.712955031439361260e-03
2.530000000000000000e+02 -1.728467028428236785e-03 -1.728467028428236785e-03
2.540000000000000000e+02 -1.748644180865547518e-03 -1.748644180865547518e-03
2.550000000000000000e+02 -1.701214398212797093e-03 -1.701214398212797093e-03
2.560000000000000000e+02 -1.643201596154535409e-03 -1.643201596154535409e-03
2.570000000000000000e+02 -1.636322294354124358e-03 -1.636322294354124358e-03
2.580000000000000000e+02 -1.655536690948478541e-03 -1.655536690948478541e-03
2.590000000000000000e+02 -1.709597955162224904e-03 -1.709597955162224904e-03
2.600000000000000000e+02 -1.687922070333711198e-03 -1.687922070333711198e-03
2.610000000000000000e+02 -1.654153667099715098e-03 -1.654153667099715098e-03
2.620000000000000000e+02 -1.704396455596844271e-03 -1.704396455596844271e-03
2.630000000000000000e+02 -1.686062873492379446e-03 -1.686062873492379446e-03
2.640000000000000000e+02 -1.707437732678985208e-03 -1.707437732678985208e-03
2.650000000000000000e+02 -1.653207997433416314e-03 -1.653207997433416314e-03
2.660000000000000000e+02 -1.718158418789317255e-03 -1.718158418789317255e-03
2.670000000000000000e+02 -1.707724762611680493e-03 -1.707724762611680493e-03
2.680000000000000000e+02 -1.727383123212948828e-03 -1.727383123212948828e-03
2.690000000000000000e+02 -1.707354042842044268e-03 -1.707354042842044268e-03
2.700000000000000000e+02 -1.707383154130484885e-03 -1.707383154130484885e-03
2.710000000000000000e+02 -1.669137803805292950e-03 -1.669137803805292950e-03
2.720000000000000000e+02 -1.620690602094513287e-03 -1.620690602094513287e-03
2.730000000000000000e+02 -1.598236925201482759e-03 -1.598236925201482759e-03
2.740000000000000000e+02 -1.647171457351882936e-03 -1.647171457351882936e-03
2.750000000000000000e+02 -1.626417849009376485e-03 -1.626417849009376485e-03
2.760000000000000000e+02 -1.553389538312567554e-03 -1.553389538312567554e-03
2.770000000000000000e+02 -1.510422912773813110e-03 -1.510422912773813110e-03
2.780000000000000000e+02 -1.541027029921315794e-03 -1.541027029921315794e-03
2.790000000000000000e+02 -1.546506327111724652e-03 -1.546506327111724652e-03
2.800000000000000000e+02 -1.457537159746834753e-03 -1.457537159746834753e-03
2.810000000000000000e+02 -1.489690893267639439e-03 -1.489690893267639439e-03
2.820000000000000000e+02 -1.387972704023440794e-03 -1.387972704023440794e-03
2.830000000000000000e+02 -1.352527026400308441e-03 -1.352527026400308441e-03
2.840000000000000000e+02 -1.368221071072727108e-03 -1.368221071072727108e-03
2.850000000000000000e+02 -1.330316802192654758e-03 -1.330316802192654758e-03
2.860000000000000000e+02 -1.269918600829414521e-03 -1.269918600829414521e-03
2.870000000000000000e+02 -1.182555623669581104e-03 -1.182555623669581104e-03
2.880000000000000000e+02 -1.168533712794003320e-03 -1.168533712794003320e-03
2.890000000000000000e+02 -1.217557043799123370e-03 -1.217557043799123370e-03
2.900000000000000000e+02 -1.153980909686470879e-03 -1.153980909686470879e-03
2.910000000000000000e+02 -1.124933497705630234e-03 -1.124933497705630234e-03
2.920000000000000000e+02 -1.150249554139404608e-03 -1.150249554139404608e-03
2.930000000000000000e+02 -1.083664186925467751e-03 -1.083664186925467751e-03
2.940000000000000000e+02 -1.143228296451190024e-03 -1.143228296451190024e-03
2.950000000000000000e+02 -1.095364524773714213e-03 -1.095364524773714213e-03
2.960000000000000000e+02 -1.068336886671275056e-03 -1.068336886671275056e-03
2.970000000000000000e+02 -1.080046170398561234e-03 -1.080046170398561234e-03
2.980000000000000000e+02 -1.024819101648085512e-03 -1.024819101648085512e-03
2.990000000000000000e+02 -9.711753076898591713e-04 -9.711753076898591713e-04
3.000000000000000000e+02 -1.030515423187772228e-03 -1.030515423187772228e-03
3.010000000000000000e+02 -1.004882216844254919e-03 -1.004882216844254919e-03
3.020000000000000000e+02 -1.007569140257394066e-03 -1.007569140257394066e-03
3.030000000000000000e+02 -9.424695669503480294e-04 -9.424695669503480294e-04
3.040000000000000000e+02 -9.743135093724324515e-04 -9.743135093724324515e-04
3.050000000000000000e+02 -9.922636862346391647e-04 -9.922636862346391647e-04
3.060000000000000000e+02 -9.701563716219012336e-04 -9.701563716219012336e-04
3.070000000000000000e+02 -9.591407346502861704e-04 -9.591407346502861704e-04
3.080000000000000000e+02 -9.676557103692460561e-04 -9.676557103692460561e-04
3.090000000000000000e+02 -9.243646147907124810e-04 -9.243646147907124810e-04
3.100000000000000000e+02 -1.022997760738813622e-03 -1.022997760738813622e-03
3.110000000000000000e+02 -9.224844389239014557e-04 -9.224844389239014557e-04
3.120000000000000000e+02 -9.362066812127300790e-04 -9.362066812127300790e-04
3.130000000000000000e+02 -9.256281744682717067e-04 -9.256281744682717067e-04
3.140000000000000000e+02 -9.291189532887795567e-04 -9.291189532887795567e-04
3.150000000000000000e+02 -9.204693218347147340e-04 -9.204693218347147340e-04
3.160000000000000000e+02 -8.447422435462758087e-04 -8.447422435462758087e-04
3.170000000000000000e+02 -9.614669242457574150e-04 -9.614669242457574150e-04
3.180000000000000000e+02 -9.188429143346811111e-04 -9.188429143346811111e-04
3.190000000000000000e+02 -8.641480590549350084e-04 -8.641480590549350084e-04
3.200000000000000000e+02 -8.622844782327526063e-04 -8.622844782327526063e-04
3.210000000000000000e+02 -8.216254252884675098e-04 -8.216254252884675098e-04
3.220000000000000000e+02 -8.390270274823807394e-04 -8.390270274823807394e-04
3.230000000000000000e+02 -7.822265495089970226e-04 -7.822265495089970226e-04
3.240000000000000000e+02 -8.163163586737356590e-04 -8.163163586737356590e-04
3.250000000000000000e+02 -7.603470651240913170e-04 -7.603470651240913170e-04
3.260000000000000000e+02 -7.815223736828653478e-04 -7.815223736828653478e-04
3.270000000000000000e+02 -7.019891957877970844e-04 -7.019891957877970844e-04
3.280000000000000000e+02 -6.913255430700147516e-04 -6.913255430700147516e-04
3.290000000000000000e+02 -6.555318129992137362e-04 -6.555318129992137362e-04
3.300000000000000000e+02 -6.757353938266373247e-04 -6.757353938266373247e-04
3.310000000000000000e+02 -6.657115233166816925e-04 -6.657115233166816925e-04
3.320000000000000000e+02 -6.786090096140045191e-04 -6.786090096140045191e-04
3.330000000000000000e+02 -7.129844775372049318e-04 -7.129844775372049318e-04
3.340000000000000000e+02 -6.207288977095288618e-04 -6.207288977095288618e-04
3.350000000000000000e+02 -5.834898584610662001e-04 -5.834898584610662001e-04
3.360000000000000000e+02 -6.315507197486923234e-04 -6.315507197486923234e-04
3.370000000000000000e+02 -6.681581618959739170e-04 -6.681581618959739170e-04
3.380000000000000000e+02 -6.150328765225797269e-04 -6.150328765225797269e-04
3.390000000000000000e+02 -6.098795072508687160e-04 -6.098795072508687160e-04
3.400000000000000000e+02 -5.547701758600669629e-04 -5.547701758600669629e-04
3.410000000000000000e+02 -5.300651795071326024e-04 -5.300651795071326024e-04
3.420000000000000000e+02 -5.231025417979462497e-04 -5.231025417979462497e-04
3.430000000000000000e+02 -6.186066148532795702e-04 -6.186066148532795702e-04
3.440000000000000000e+02 -5.217982690894604246e-04 -5.217982690894604246e-04
3.450000000000000000e+02 -4.933218451169444317e-04 -4.933218451169444317e-04
3.460000000000000000e+02 -4.980806651697620730e-04 -4.980806651697620730e-04
3.470000000000000000e+02 -5.368514337278727094e-04 -5.368514337278727094e-04
3.480000000000000000e+02 -4.905020006964463464e-04 -4.905020006964463464e-04
3.490000000000000000e+02 -4.590158619961901476e-04 -4.590158619961901476e-04
3.500000000000000000e+02 -5.059584898128842998e-04 -5.059584898128842998e-04
3.510000000000000000e+02 -5.037069898121910097e-04 -5.037069898121910097e-04
3.520000000000000000e+02 -4.692488542328320032e-04 -4.692488542328320032e-04
3.530000000000000000e+02 -4.873959424985031298e-04 -4.873959424985031298e-04
3.540000000000000000e+02 -4.052838717799238464e-04 -4.052838717799238464e-04
3.550000000000000000e+02 -4.362454640073203408e-04 -4.362454640073203408e-04
3.560000000000000000e+02 -3.878815560154083250e-04 -3.878815560154083250e-04
3.570000000000000000e+02 -3.142291531243123458e-04 -3.142291531243123458e-04
3.580000000000000000e+02 -4.034480385747013661e-04 -4.034480385747013661e-04
3.590000000000000000e+02 -3.797663871055740725e-04 -3.797663871055740725e-04
3.600000000000000000e+02 -3.489993396696201323e-04 -3.489993396696201323e-04
3.610000000000000000e+02 -3.683937798730137778e-04 -3.683937798730137778e-04
3.620000000000000000e+02 -3.027736667367533145e-04 -3.027736667367533145e-04
3.630000000000000000e+02 -3.043984500113689840e-04 -3.043984500113689840e-04
3.640000000000000000e+02 -3.362533897188950752e-04 -3.362533897188950752e-04
3.650000000000000000e+02 -2.778810802441224951e-04 -2.778810802441224951e-04
3.660000000000000000e+02 -2.665274503376852382e-04 -2.665274503376852382e-04
3.670000000000000000e+02 -2.462873989052840576e-04 -2.462873989052840576e-04
3.680000000000000000e+02 -2.748502484047367074e-04 -2.748502484047367074e-04
3.690000000000000000e+02 -2.352498791540842324e-04 -2.352498791540842324e-04
3.700000000000000000e+02 -2.555014104388818753e-04 -2.555014104388818753e-04
3.710000000000000000e+02 -1.816799681264991270e-04 -1.816799681264991270e-04
3.720000000000000000e+02 -2.310457483682839630e-04 -2.310457483682839630e-04
3.730000000000000000e+02 -2.057285083476639777e-04 -2.057285083476639777e-04
3.740000000000000000e+02 -2.045713024202419151e-04 -2.045713024202419151e-04
3.750000000000000000e+02 -1.812183119163078852e-04 -1.812183119163078852e-04
3.760000000000000000e+02 -1.561988221379303501e-04 -1.561988221379303501e-04
3.770000000000000000e+02 -2.032575813062533865e-04 -2.032575813062533865e-04
3.780000000000000000e+02 -1.301758734007944025e-04 -1.301758734007944025e-04
3.790000000000000000e+02 -1.406015151283421813e-04 -1.406015151283421813e-04
3.800000000000000000e+02 -8.105851068208392348e-05 -8.105851068208392348e-05
3.810000000000000000e+02 -1.862805232081969945e-04 -1.862805232081969945e-04
3.820000000000000000e+02 -1.967515362014759074e-04 -1.967515362014759074e-04
3.830000000000000000e+02 -1.764146139144893218e-04 -1.764146139144893218e-04
3.840000000000000000e+02 -7.443447936503455034e-05 -7.443447936503455034e-05
3.850000000000000000e+02 -1.413151798715672780e-04 -1.413151798715672780e-04
3.860000000000000000e+02 -1.094938953128855597e-04 -1.094938953128855597e-04
3.870000000000000000e+02 -1.227533559447617788e-04 -1.227533559447617788e-04
3.880000000000000000e+02 -9.020606717566337102e-05 -9.020606717566337102e-05
3.890000000000000000e+02 -3.112380492019162269e-05 -3.112380492019162269e-05
3.900000000000000000e+02 -1.191771845185878286e-04 -1.191771845185878286e-04
3.910000000000000000e+02 -1.433547161254573518e-04 -1.433547161254573518e-04
3.920000000000000000e+02 -6.926981080887983835e-05 -6.926981080887983835e-05
3.930000000000000000e+02 -4.259885014428899249e-05 -4.259885014428899249e-05
3.940000000000000000e+02 -7.801679268158767981e-05 -7.801679268158767981e-05
3.950000000000000000e+02 -1.165776003426899403e-05 -1.165776003426899403e-05
3.960000000000000000e+02 -7.223165799147735107e-05 -7.223165799147735107e-05
3.970000000000000000e+02 -8.175153847406746986e-05 -8.175153847406746986e-05
3.980000000000000000e+02 4.377831487976491487e-05 4.377831487976491487e-05
3.990000000000000000e+02 4.253116744032392821e-06 4.253116744032392821e-06
4.000000000000000000e+02 -3.361707774308553320e-06 -3.361707774308553320e-06
4.010000000000000000e+02 6.641954307751552313e-05 6.641954307751552313e-05
4.020000000000000000e+02 3.809114774512356783e-05 3.809114774512356783e-05
4.030000000000000000e+02 -3.979776390137357093e-06 -3.979776390137357093e-06
4.040000000000000000e+02 4.622014999473122802e-06 4.622014999473122802e-06
4.050000000000000000e+02 3.184948028569379040e-05 3.184948028569379040e-05
4.060000000000000000e+02 1.081785100166060489e-04 1.081785100166060489e-04
4.070000000000000000e+02 2.554925847259181899e-05 2.554925847259181899e-05
4.080000000000000000e+02 5.703440815757843081e-05 5.703440815757843081e-05
4.090000000000000000e+02 -2.032439653240725205e-05 -2.032439653240725205e-05
4.100000000000000000e+02 5.712356859679912195e-05 5.712356859679912195e-05
4.110000000000000000e+02 9.284131864384481789e-05 9.284131864384481789e-05
4.120000000000000000e+02 5.144560322109103802e-05 5.144560322109103802e-05
4.130000000000000000e+02 1.012186872934047708e-04 1.012186872934047708e-04
4.140000000000000000e+02 9.005543824933915308e-05 9.005543824933915308e-05
4.150000000000000000e+02 9.823133636669834480e-05 9.823133636669834480e-05
4.160000000000000000e+02 4.417189744054850523e-05 4.417189744054850523e-05
4.170000000000000000e+02 2.959982851302555955e-05 2.959982851302555955e-05
4.180000000000000000e+02 6.588481832119708135e-05 6.588481832119708135e-05
4.190000000000000000e+02 3.035688835203786823e-05 3.035688835203786823e-05
4.200000000000000000e+02 1.955022079978441200e-05 1.955022079978441200e-05
4.210000000000000000e+02 6.086583251406296426e-05 6.086583251406296426e-05
4.220000000000000000e+02 1.561132730619774290e-05 1.561132730619774290e-05
4.230000000000000000e+02 -7.916008262261019771e-06 -7.916008262261019771e-06
4.240000000000000000e+02 -3.080054998351733624e-05 -3.080054998351733624e-05
4.250000000000000000e+02 4.976898422098807389e-06 4.976898422098807389e-06
4.260000000000000000e+02 -7.566965996074648626e-06 -7.566965996074648626e-06
4.270000000000000000e+02 3.243835708314335144e-05 3.243835708314335144e-05
4.280000000000000000e+02 1.623414061379779786e-06 1.623414061379779786e-06
4.290000000000000000e+02 -2.049158518488891626e-05 -2.049158518488891626e-05
4.300000000000000000e+02 -1.143731837975836599e-05 -1.143731837975836599e-05
4.310000000000000000e+02 -9.027690332139659362e-05 -9.027690332139659362e-05
4.320000000000000000e+02 -8.825615221602146118e-05 -8.825615221602146118e-05
4.330000000000000000e+02 -7.552766850547443060e-05 -7.552766850547443060e-05
4.340000000000000000e+02 -7.818540784457939541e-05 -7.818540784457939541e-05
4.350000000000000000e+02 -1.665175541629978573e-04 -1.665175541629978573e-04
4.360000000000000000e+02 -1.159815711852213400e-04 -1.159815711852213400e-04
4.370000000000000000e+02 -2.091893977893004471e-04 -2.091893977893004471e-04
4.380000000000000000e+02 -1.753983432056327538e-04 -1.753983432056327538e-04
4.390000000000000000e+02 -1.676869917589213319e-04 -1.676869917589213319e-04
4.400000000000000000e+02 -1.578449101237035083e-04 -1.578449101237035083e-04
4.410000000000000000e+02 -2.582068343257815047e-04 -2.582068343257815047e-04
4.420000000000000000e+02 -2.468140313301607817e-04 -2.468140313301607817e-04
4.430000000000000000e+02 -2.332972276768416938e-04 -2.332972276768416938e-04
4.440000000000000000e+02 -2.080972501209068387e-04 -2.080972501209068387e-04
4.450000000000000000e+02 -2.285622355953301893e-04 -2.285622355953301893e-04
4.460000000000000000e+02 -2.859833372581198851e-04 -2.859833372581198851e-04
4.470000000000000000e+02 -2.179363044377053869e-04 -2.179363044377053869e-04
4.480000000000000000e+02 -2.944932915391510570e-04 -2.944932915391510570e-04
4.490000000000000000e+02 -2.682801345185157108e-04 -2.682801345185157108e-04
4.500000000000000000e+02 -3.890059864380523828e-04 -3.890059864380523828e-04
4.510000000000000000e+02 -3.848916730977336356e-04 -3.848916730977336356e-04
4.520000000000000000e+02 -3.802342290796474145e-04 -3.802342290796474145e-04
4.530000000000000000e+02 -3.825461364344702139e-04 -3.825461364344702139e-04
4.540000000000000000e+02 -3.350460095074456971e-04 -3.350460095074456971e-04
4.550000000000000000e+02 -4.206138548272624349e-04 -4.206138548272624349e-04
4.560000000000000000e+02 -4.035377377483005830e-04 -4.035377377483005830e-04
4.570000000000000000e+02 -4.341228215168424563e-04 -4.341228215168424563e-04
4.580000000000000000e+02 -4.279441581722918139e-04 -4.279441581722918139e-04
4.590000000000000000e+02 -4.639567911598458760e-04 -4.639567911598458760e-04
4.600000000000000000e+02 -5.045010413623180574e-04 -5.045010413623180574e-04
4.610000000000000000e+02 -5.394300128927726010e-04 -5.394300128927726010e-04
4.620000000000000000e+02 -5.943305594895098532e-04 -5.943305594895098532e-04
4.630000000000000000e+02 -6.035378572035417829e-04 -6.035378572035417829e-04
4.640000000000000000e+02 -6.238881619663079470e-04 -6.238881619663079470e-04
4.650000000000000000e+02 -6.313467661730807860e-04 -6.313467661730807860e-04
4.660000000000000000e+02 -6.739540815068267247e-04 -6.739540815068267247e-04
4.670000000000000000e+02 -6.751600792603147357e-04 -6.751600792603147357e-04
4.680000000000000000e+02 -8.302108337737834761e-04 -8.302108337737834761e-04
4.690000000000000000e+02 -7.724305710972459394e-04 -7.724305710972459394e-04
4.700000000000000000e+02 -7.514239450463670953e-04 -7.514239450463670953e-04
4.710000000000000000e+02 -8.658648699419744035e-04 -8.658648699419744035e-04
4.720000000000000000e+02 -8.047836082279007661e-04 -8.047836082279007661e-04
4.730000000000000000e+02 -8.570696320286004793e-04 -8.570696320286004793e-04
4.740000000000000000e+02 -8.614257507959663862e-04 -8.614257507959663862e-04
4.750000000000000000e+02 -9.325647844681940555e-04 -9.325647844681940555e-04
4.760000000000000000e+02 -1.042741256038686153e-03 -1.042741256038686153e-03
4.770000000000000000e+02 -1.040592928593254930e-03 -1.040592928593254930e-03
4.780000000000000000e+02 -1.060528432668838726e-03 -1.060528432668838726e-03
4.790000000000000000e+02 -1.143599986072235501e-03 -1.143599986072235501e-03
4.800000000000000000e+02 -1.136291276281031683e-03 -1.136291276281031683e-03
4.810000000000000000e+02 -1.132810954144381280e-03 -1.132810954144381280e-03
4.820000000000000000e+02 -1.202519458192301792e-03 -1.202519458192301792e-03
4.830000000000000000e+02 -1.284048875954189916e-03 -1.284048875954189916e-03
4.840000000000000000e+02 -1.157538415015811704e-03 -1.157538415015811704e-03
4.850000000000000000e+02 -1.244489997831705382e-03 -1.244489997831705382e-03
4.860000000000000000e+02 -1.305403403011427084e-03 -1.305403403011427084e-03
4.870000000000000000e+02 -1.327539074207622878e-03 -1.327539074207622878e-03
4.880000000000000000e+02 -1.356022965116290618e-03 -1.356022965116290618e-03
4.890000000000000000e+02 -1.304761613077752612e-03 -1.304761613077752612e-03
4.900000000000000000e+02 -1.343888877504010324e-03 -1.343888877504010324e-03
4.910000000000000000e+02 -1.316381536042863240e-03 -1.316381536042863240e-03
4.920000000000000000e+02 -1.362276109029471370e-03 -1.362276109029471370e-03
4.930000000000000000e+02 -1.380084479368149731e-03 -1.380084479368149731e-03
4.940000000000000000e+02 -1.380996780908269692e-03 -1.380996780908269692e-03
4.950000000000000000e+02 -1.460047659163346860e-03 -1.460047659163346860e-03
4.960000000000000000e+02 -1.468962844573867095e-03 -1.468962844573867095e-03
4.970000000000000000e+02 -1.412496362387351961e-03 -1.412496362387351961e-03
4.980000000000000000e+02 -1.411594406053333708e-03 -1.411594406053333708e-03
4.990000000000000000e+02 -1.513855683009310933e-03 -1.513855683009310933e-03
5.000000000000000000e+02 -1.430881123349703014e-03 -1.430881123349703014e-03
