# delays[ps] delta_averaged scan 0 scan 1 scan 2
-2.000000000000000000e+01 1.449046493814561132e-04 4.585941574098044909e-05 3.356128069720618707e-04 5.324172543132601971e-05
-1.800000000000000000e+01 1.812701003632534924e-04 1.974725097783150971e-04 2.030932655979584233e-04 1.432445257134869838e-04
-1.600000000000000000e+01 1.155549163114075406e-04 4.562473807223156911e-05 2.967331248869309288e-05 2.713666983732979836e-04
-1.400000000000000000e+01 1.598091044850178473e-04 2.729440488832593189e-04 5.722640717026897467e-05 1.492568574015252754e-04
-1.200000000000000000e+01 1.467055046649255029e-04 7.414546284198076796e-05 1.466633646966248434e-04 2.193076864561708432e-04
-1.000000000000000000e+01 6.443535575001594154e-05 -6.099792494680646908e-05 7.197125720859522157e-05 1.823327349882590857e-04
-8.000000000000000000e+00 9.677627832841631387e-05 2.006931711989615261e-04 7.725098366838781315e-05 1.238468011789958876e-05
-6.000000000000000000e+00 1.874417495137659627e-04 3.043440026552499469e-04 1.266790710758979185e-04 1.313021748101500497e-04
-4.000000000000000000e+00 2.501530903394284515e-05 -7.996836936992131784e-05 -2.335500615510587784e-06 1.573497970872604406e-04
-2.000000000000000000e+00 6.511415510966206681e-05 1.029895688175049245e-04 3.737365859067174717e-05 5.497923792080952875e-05
-1.899999999999999911e+00 1.317361486784240073e-05 6.843368168551658805e-05 -1.193670787636505741e-04 9.045424168166118660e-05
-1.800000000000000044e+00 3.131213628138816664e-05 5.823474543859785772e-06 -8.806959564218904213e-07 8.899363025672660265e-05
-1.699999999999999956e+00 1.943394317052469600e-04 1.632985171689415498e-04 1.646541447149918881e-04 2.550656332318073879e-04
-1.600000000000000089e+00 1.081162751297646803e-04 1.597792619534099754e-04 1.246647933644313316e-04 3.990477007145274747e-05
-1.500000000000000000e+00 -1.359947761970955463e-05 -4.823919966871280087e-05 -1.482795541955281300e-05 2.226872222913694996e-05
-1.399999999999999911e+00 1.368701751114942704e-04 1.025643098761085266e-04 1.180346931473332743e-04 1.900115223110409560e-04
-1.300000000000000044e+00 1.206183263824494445e-04 -2.182878549056092957e-05 1.314437664638836486e-04 2.522399981740256077e-04
-1.199999999999999956e+00 6.186598932687846790e-05 6.622829751127583199e-05 3.559004576213033503e-05 8.377962470722922312e-05
-1.100000000000000089e+00 1.685633827607815308e-04 1.793752296592022555e-04 1.212839738168313157e-04 2.050309448063110211e-04
-1.000000000000000000e+00 1.038105306994077155e-04 1.649077774818751300e-04 1.385607664509602905e-04 7.963048165387730972e-06
-9.000000000000000222e-01 7.075990029267773364e-05 2.935360930211784367e-04 -6.270146897155440204e-05 -1.855492317159082696e-05
-8.000000000000000444e-01 1.341540300449172547e-04 8.905111690795212162e-05 2.202878875733554973e-04 9.312308565344411791e-05
-6.999999999999999556e-01 1.687703736164191868e-04 1.576279043519463569e-04 1.654717296839186092e-04 1.832114868133925400e-04
-5.999999999999999778e-01 6.919549978112677973e-05 2.218950510835859856e-04 1.334616088207039901e-05 -2.765471262227605899e-05
-5.000000000000000000e-01 6.708368176646734493e-05 -3.000810182563276500e-06 3.302854087379860992e-06 2.009490013945854461e-04
-4.000000000000000222e-01 1.472113660423075051e-04 3.388256491786724705e-04 2.032926870477517437e-05 8.247918024347491116e-05
-2.999999999999999889e-01 5.776434613044722539e-05 -1.257864187257411851e-05 7.818386233230858052e-05 1.076878179316072379e-04
-2.000000000000000111e-01 1.505862681719813097e-04 2.908946647917362376e-04 1.203689656344915810e-04 4.049517408971611739e-05
-1.000000000000000056e-01 1.873962663323506161e-04 3.658157216923591058e-04 1.401240201330893845e-04 5.624905717160339202e-05
-0.000000000000000000e+00 5.018254314085407409e-04 6.067071739271900910e-04 5.549830527886612415e-04 3.437860675097708361e-04
1.000000000000000056e-01 6.143144663801311566e-04 9.134929886428799252e-04 5.665724681819574995e-04 3.628779423155559366e-04
2.000000000000000111e-01 6.214549713354756109e-04 1.064067951321793831e-03 4.545853895078344324e-04 3.457115731767987322e-04
2.999999999999999889e-01 4.923088822763613476e-04 1.048931369757291968e-03 3.212413406549538943e-04 1.067539364168382352e-04
4.000000000000000222e-01 5.626148364669768644e-04 1.387383746960979894e-03 1.806745287049158920e-04 1.197862337350350242e-04
5.000000000000000000e-01 4.241533639091832537e-04 1.401996521265811519e-03 -1.411992645564620657e-05 -1.154165030826153688e-04
5.999999999999999778e-01 4.468504765590076348e-04 1.280681098824167476e-03 2.632020096152564315e-04 -2.033316787624010844e-04
6.999999999999999556e-01 4.975531996670741865e-04 1.453846507011652238e-03 2.085459616656396475e-04 -1.697328696760690278e-04
8.000000000000000444e-01 3.359015205031555995e-04 1.275582054618316962e-03 4.647477477577947847e-05 -3.143522678846296823e-04
9.000000000000000222e-01 3.962245812402999563e-04 1.279257465716728426e-03 1.658443120041629365e-04 -2.564280339999916295e-04
1.000000000000000000e+00 4.961235909852463157e-04 1.472914545371883151e-03 1.877024414497214090e-04 -1.722462138658657489e-04
1.100000000000000089e+00 3.561024752167054100e-04 1.258644758604243394e-03 4.498071392952558429e-05 -2.353180468836528158e-04
1.199999999999999956e+00 5.166133680234529348e-04 1.569994434498191453e-03 2.348931261895546982e-04 -2.550474566173872382e-04
1.300000000000000044e+00 3.236475705054812219e-04 1.454575701237069115e-03 -3.100108560630670813e-05 -4.526319041143187817e-04
1.399999999999999911e+00 3.206297025943077752e-04 1.676855883018633572e-03 -1.076162874866938010e-04 -6.073504877490165134e-04
1.500000000000000000e+00 3.169283980345646303e-04 1.622280876947936826e-03 -9.670579149530471178e-05 -5.747898913489381560e-04
1.600000000000000089e+00 3.197001909786446471e-04 1.614561507573749125e-03 1.581022632426723470e-06 -6.570419572702419428e-04
1.699999999999999956e+00 2.773500136547067522e-04 1.712768753461393250e-03 -1.052150089184920043e-04 -7.755037035787808262e-04
1.800000000000000044e+00 2.424162682603946291e-04 1.784323569616204450e-03 -3.729397123645877572e-04 -6.841350524704328329e-04
1.899999999999999911e+00 2.646830538355541109e-04 1.625650684153691784e-03 -2.620146622341912334e-04 -5.695868604128382718e-04
2.000000000000000000e+00 2.908335030137261567e-04 1.801691034906483316e-03 -2.510399925595709308e-04 -6.781505333057338608e-04
2.100000000000000089e+00 3.187189574858323264e-04 1.841742268628846543e-03 -1.181726433949887954e-04 -7.674127527763608628e-04
2.200000000000000178e+00 2.433009715987642576e-04 1.873671303189205876e-03 -2.451524782541103053e-04 -8.986159101388027171e-04
2.299999999999999822e+00 3.032745829610122238e-04 1.811854153287215498e-03 -2.641972277033570156e-04 -6.378331767008217027e-04
2.399999999999999911e+00 2.467321986425237575e-04 1.895021733468276771e-03 -3.250643210540949475e-04 -8.297608164866105513e-04
2.500000000000000000e+00 2.736100972650675595e-04 2.012266766351893370e-03 -2.714565625427148819e-04 -9.199799120139757558e-04
2.600000000000000089e+00 1.115520240156008875e-04 1.578973922361319709e-03 -4.499921955794867123e-04 -7.943256547350302120e-04
2.700000000000000178e+00 2.527693023117518227e-04 1.778502912655047620e-03 -2.505658067256617068e-04 -7.696291989941304998e-04
2.799999999999999822e+00 1.302076638053548086e-04 1.553558367160540708e-03 -3.332507886329879568e-04 -8.296845871114883527e-04
2.899999999999999911e+00 2.307075101920327170e-04 1.616465660079722958e-03 -5.779978653344700160e-05 -8.665433429701778663e-04
3.000000000000000000e+00 2.322203331575469832e-04 1.788333505749485500e-03 -1.213832334432656267e-04 -9.702892728335789103e-04
3.100000000000000089e+00 2.034956588758348210e-04 1.718536091642120216e-03 -1.533866919581404020e-04 -9.546624230564752702e-04
3.200000000000000178e+00 1.468656761943327429e-04 1.647190444950265634e-03 -2.238473676125099043e-04 -9.827460487547574463e-04
3.299999999999999822e+00 2.549992742427296564e-04 1.780863221321076417e-03 -2.416832929988098084e-04 -7.741821055940776393e-04
3.399999999999999911e+00 1.935336189527580165e-04 1.801606098980193917e-03 -2.722182571277792615e-04 -9.487869849941406872e-04
3.500000000000000000e+00 2.698235843513759709e-04 1.897430720869665256e-03 -2.294961714723366413e-04 -8.584637963432007563e-04
3.600000000000000089e+00 1.326280527090660662e-04 1.732518999605340724e-03 -3.661928428220667968e-04 -9.684419986560758101e-04
3.700000000000000178e+00 1.371817652645628460e-04 1.702669150951035713e-03 -2.353529395283133086e-04 -1.055770915629033893e-03
3.799999999999999822e+00 1.847621965142415832e-04 1.911449156517215382e-03 -3.289844391985676441e-04 -1.028178127775922907e-03
3.899999999999999911e+00 2.212949884220555741e-04 2.007890449450172414e-03 -1.349388655047215502e-04 -1.209066618679284196e-03
4.000000000000000000e+00 1.637855402695987306e-04 1.902836982645401661e-03 -2.906239926900994457e-04 -1.120856369146506050e-03
4.500000000000000000e+00 7.514195371735573139e-05 1.852646376963860845e-03 -3.506387401352870558e-04 -1.276581775676506689e-03
5.000000000000000000e+00 1.606676290553741681e-04 1.979584057406343946e-03 -4.347355948465990655e-04 -1.062845575393622484e-03
5.500000000000000000e+00 6.492403906847797040e-07 1.793685054501944999e-03 -6.483941157294432264e-04 -1.143343217600447433e-03
6.000000000000000000e+00 1.357106144590057747e-05 1.850431973585133340e-03 -4.931684917802306792e-04 -1.316550297467200927e-03
6.500000000000000000e+00 1.641124209952398054e-05 2.123807765670738743e-03 -6.794864922044486187e-04 -1.395087547167718186e-03
7.000000000000000000e+00 -8.805985847240166431e-05 1.793865245680780797e-03 -6.825319972606483029e-04 -1.375512823837337500e-03
7.500000000000000000e+00 -9.096992581872484149e-05 1.885407631400975309e-03 -6.116294362860783722e-04 -1.546687972571071570e-03
8.000000000000000000e+00 -1.790313204793152462e-04 1.734037460160166603e-03 -8.370451144389743758e-04 -1.434086307159137966e-03
8.500000000000000000e+00 -7.802697832486324761e-05 1.760706206537090502e-03 -4.617751360434314465e-04 -1.533012005468248730e-03
9.000000000000000000e+00 -9.142904889926166921e-05 1.734344881674732865e-03 -6.283172779670939852e-04 -1.380314750405423887e-03
9.500000000000000000e+00 -2.062554951515555501e-04 1.624306127425183960e-03 -5.528916993316584623e-04 -1.690180913548192283e-03
1.000000000000000000e+01 -4.313369033874099411e-05 1.777417820410634496e-03 -5.460501419251230937e-04 -1.360768749501734378e-03
1.050000000000000000e+01 -1.563191716630997832e-04 1.694061882016518594e-03 -6.627350660978577812e-04 -1.500284330907960054e-03
1.100000000000000000e+01 -2.056534313902842574e-04 1.843964769519897042e-03 -8.009063414300878619e-04 -1.660018722260661952e-03
1.150000000000000000e+01 -2.189133377421191801e-04 1.645809432919131130e-03 -6.859917707789809499e-04 -1.616557675366507747e-03
1.200000000000000000e+01 -1.747249739328384736e-04 1.774150184939558405e-03 -7.071678679188084108e-04 -1.591157238819265523e-03
1.250000000000000000e+01 -2.538222675420952592e-04 1.499148115688595483e-03 -6.038318325236941746e-04 -1.656783085791187085e-03
1.300000000000000000e+01 -2.767423032280959673e-04 1.774077903878343689e-03 -7.631939069403104051e-04 -1.841110906622321023e-03
1.350000000000000000e+01 -2.261587050489228482e-04 1.658069117825465176e-03 -8.339204626566039304e-04 -1.502624770315629790e-03
1.400000000000000000e+01 -2.575767345490790890e-04 1.715364799082120606e-03 -6.833334833256102725e-04 -1.804761519403747655e-03
1.450000000000000000e+01 -2.713957773015785303e-04 1.545937942302495847e-03 -6.534066859488104869e-04 -1.706718588258421005e-03
1.500000000000000000e+01 -2.944494985552318874e-04 1.524423405878118669e-03 -8.465894681130834744e-04 -1.561182433430730911e-03
1.550000000000000000e+01 -3.082366614625678598e-04 1.436334437997145762e-03 -7.337591534005345230e-04 -1.627285268984314873e-03
1.600000000000000000e+01 -3.436707889056807123e-04 1.512172194756272519e-03 -9.169910470999754256e-04 -1.626193514373339231e-03
1.650000000000000000e+01 -2.537053802454207734e-04 1.572213467802772687e-03 -6.816202393374604096e-04 -1.651709369201574597e-03
1.700000000000000000e+01 -4.018969551620851701e-04 1.182956213067913338e-03 -7.753209722206877690e-04 -1.613326106333481079e-03
1.750000000000000000e+01 -2.695637610525318203e-04 1.442002799944037831e-03 -5.282956122039729778e-04 -1.722398470897660260e-03
1.800000000000000000e+01 -4.119763798265447152e-04 1.236753796016178911e-03 -7.844051182158176235e-04 -1.688277817279995379e-03
1.850000000000000000e+01 -2.601173032958851820e-04 1.485706220976542018e-03 -6.043073610904909493e-04 -1.661750769773706615e-03
1.900000000000000000e+01 -2.913087966404346598e-04 1.363318134167161837e-03 -6.290116808241394278e-04 -1.608232843264326443e-03
1.950000000000000000e+01 -4.825327109943076259e-04 1.224942823033210509e-03 -7.128415257341469457e-04 -1.959699430281986333e-03
2.000000000000000000e+01 -3.544096931947096694e-04 1.442382222596851407e-03 -7.096843567057530737e-04 -1.795926945475227179e-03
2.050000000000000000e+01 -4.195277508833258374e-04 1.221818953785000581e-03 -8.581263026426345485e-04 -1.622275903792343545e-03
2.100000000000000000e+01 -3.996484285840511759e-04 1.385912732798997909e-03 -8.389305714686419316e-04 -1.745927447082509451e-03
2.150000000000000000e+01 -4.566232396356665300e-04 1.106223589313999438e-03 -6.765246957980094490e-04 -1.799568612422989579e-03
2.200000000000000000e+01 -4.010183944161210758e-04 1.242673024984726872e-03 -7.534983412332600878e-04 -1.692229866999829958e-03
2.250000000000000000e+01 -4.178104398759306150e-04 1.255992100901033451e-03 -8.309813775437989089e-04 -1.678442042985026387e-03
2.300000000000000000e+01 -3.816898894533501626e-04 1.184814224283866832e-03 -6.074235197884604847e-04 -1.722460372855456889e-03
2.350000000000000000e+01 -4.776666330774644378e-04 1.303818067313664182e-03 -8.148351866186470498e-04 -1.921982779927410446e-03
2.400000000000000000e+01 -4.255818426438485948e-04 1.186166284844227415e-03 -6.421723702985862722e-04 -1.820739442477187090e-03
2.450000000000000000e+01 -3.289799631214108261e-04 1.140442592121831142e-03 -4.281016746434041431e-04 -1.699280806842659369e-03
2.500000000000000000e+01 -5.226687476146747073e-04 1.179399772430990293e-03 -7.678707768611657070e-04 -1.979535238413848708e-03
2.550000000000000000e+01 -5.798359180663999277e-04 1.075784727845072826e-03 -8.089214798158448141e-04 -2.006371002228427795e-03
2.600000000000000000e+01 -3.924111472021233823e-04 1.093076678783561377e-03 -6.582126162362749323e-04 -1.612097504153656592e-03
2.650000000000000000e+01 -5.079488828317384142e-04 1.035663364164644872e-03 -6.971160902481459906e-04 -1.862393922411714232e-03
2.700000000000000000e+01 -4.656611423023836616e-04 9.961075284580227663e-04 -6.182586918913354594e-04 -1.774832263473838292e-03
2.750000000000000000e+01 -4.619376960309248912e-04 9.827798319472901695e-04 -5.808894276077335248e-04 -1.787703492432331318e-03
2.800000000000000000e+01 -4.392533926969578143e-04 1.003953475082947295e-03 -5.990409493804321360e-04 -1.722672703793388764e-03
2.850000000000000000e+01 -3.840861270350544136e-04 1.089079342967672016e-03 -5.977027547710419761e-04 -1.643634969301793281e-03
2.900000000000000000e+01 -4.449884413098336225e-04 1.023573094956329102e-03 -6.486702381206059780e-04 -1.709868180765223991e-03
2.950000000000000000e+01 -4.236572026307140466e-04 9.395018757100493181e-04 -6.763497801525300600e-04 -1.534123703449661452e-03
3.000000000000000000e+01 -4.558722135546589981e-04 8.902952329485234670e-04 -6.211425842004725945e-04 -1.636769289412027921e-03
3.050000000000000000e+01 -5.244032216618663795e-04 9.077554512862119574e-04 -6.774427902998575619e-04 -1.803522325971953317e-03
3.100000000000000000e+01 -4.486888684372238641e-04 1.128419520777904387e-03 -6.984708560200006237e-04 -1.776015270069575356e-03
3.150000000000000000e+01 -5.042701572359984405e-04 9.356964252996434516e-04 -7.183790372238158277e-04 -1.730127859783823054e-03
3.200000000000000000e+01 -5.448951839327119363e-04 7.010275602244448595e-04 -6.241627643356785623e-04 -1.711550347686902106e-03
3.250000000000000000e+01 -4.414903295671080904e-04 9.398905090893957225e-04 -6.118321256204478338e-04 -1.652529372170272052e-03
3.300000000000000000e+01 -5.459250217640580598e-04 7.816117459745939265e-04 -7.155013863951606651e-04 -1.703885424871607332e-03
3.350000000000000000e+01 -4.740134062199123795e-04 8.428362296895452891e-04 -5.671325539327308788e-04 -1.697743894416551495e-03
3.400000000000000000e+01 -5.029523221988611023e-04 7.197018422373903986e-04 -5.417827869551574901e-04 -1.686776021878816324e-03
3.450000000000000000e+01 -4.031309296955844852e-04 8.568058098226004511e-04 -6.287949434919962383e-04 -1.437403655417357831e-03
3.500000000000000000e+01 -5.520771684237596325e-04 8.336405836432821083e-04 -7.554749379469889682e-04 -1.734397150967572146e-03
3.550000000000000000e+01 -5.009233560889185663e-04 6.978571465637839737e-04 -4.394545769953436321e-04 -1.761172637835195986e-03
3.600000000000000000e+01 -5.242839358843668111e-04 5.707921206389433670e-04 -5.942688879689776542e-04 -1.549375040323066038e-03
3.650000000000000000e+01 -6.205566181264697946e-04 6.104023648428189485e-04 -7.174285566284349571e-04 -1.754643662593793592e-03
3.700000000000000000e+01 -5.543717596571878575e-04 6.308834784828260033e-04 -5.872884801966360814e-04 -1.706710277257753386e-03
3.750000000000000000e+01 -5.827659798280987111e-04 6.291152966259181334e-04 -5.124201990201783519e-04 -1.864993037090036023e-03
3.800000000000000000e+01 -5.843654532027318460e-04 7.113797835329476642e-04 -7.230733019831859284e-04 -1.741402841157957491e-03
3.850000000000000000e+01 -6.128523979184935045e-04 7.270117991764746268e-04 -7.597051314698952508e-04 -1.805863861462060106e-03
3.900000000000000000e+01 -5.843443430704869370e-04 5.640932925035129419e-04 -5.534790939803217388e-04 -1.763647227734651797e-03
3.950000000000000000e+01 -7.151987525530721646e-04 4.345632349184954703e-04 -8.208981354240275962e-04 -1.759261357153684476e-03
4.000000000000000000e+01 -5.585386336384819865e-04 8.651333836642397272e-04 -7.605850782736785914e-04 -1.780164206306007095e-03
4.050000000000000000e+01 -6.637990092194107896e-04 5.208736823516539518e-04 -7.374101585537506161e-04 -1.774860551456135596e-03
4.100000000000000000e+01 -6.762802401672898334e-04 5.337649226597869457e-04 -6.855521785527781114e-04 -1.877053464608878551e-03
4.150000000000000000e+01 -5.925084790509626892e-04 5.478630265888986134e-04 -5.999666988539711747e-04 -1.725421764887815615e-03
4.200000000000000000e+01 -6.483684925761529043e-04 5.861641428754460871e-04 -8.028000667863897846e-04 -1.728469553817514907e-03
4.250000000000000000e+01 -7.255139584121973739e-04 5.886158203382334470e-04 -9.752354335767224542e-04 -1.789922261998102898e-03
4.300000000000000000e+01 -6.151129302526312350e-04 5.906758238478039200e-04 -5.684208447711928134e-04 -1.867593769834504812e-03
4.350000000000000000e+01 -6.802727503549115548e-04 5.540238368405038527e-04 -7.162761217965276815e-04 -1.878565966108710836e-03
4.400000000000000000e+01 -7.059544802162550639e-04 4.513275954523039571e-04 -7.560503670469889128e-04 -1.813140669054080344e-03
4.450000000000000000e+01 -6.951043041068775833e-04 5.925354944876884715e-04 -7.011987711932999657e-04 -1.976649635615021147e-03
4.500000000000000000e+01 -6.148594994340955775e-04 6.006894638791596477e-04 -4.168408622776812508e-04 -2.028427099903765130e-03
4.550000000000000000e+01 -6.571588489306532310e-04 6.173577290411765136e-04 -7.226811894754148246e-04 -1.866153086357721057e-03
4.600000000000000000e+01 -8.224792600801828510e-04 4.092974140962915260e-04 -7.255487449574241033e-04 -2.151186449379416301e-03
4.650000000000000000e+01 -7.073120902430021784e-04 6.410745507291774805e-04 -7.436466910606927619e-04 -2.019364130397491471e-03
4.700000000000000000e+01 -7.623393745358463544e-04 4.334093737246968569e-04 -6.479493004629663421e-04 -2.072478196869269578e-03
4.750000000000000000e+01 -6.874075383487246622e-04 5.116393774582170652e-04 -5.973002524268503002e-04 -1.976561740077540860e-03
4.800000000000000000e+01 -8.197277606656660012e-04 6.075158740292292952e-04 -8.940763516869656242e-04 -2.172622804339261783e-03
4.850000000000000000e+01 -7.181542508896884012e-04 5.305778189439615397e-04 -6.563717532442620971e-04 -2.028668818368764646e-03
4.900000000000000000e+01 -6.807356146772825098e-04 4.250152553207655020e-04 -3.871319783009988897e-04 -2.080090121051614196e-03
4.950000000000000000e+01 -7.073645751839033671e-04 5.447165539229286780e-04 -5.519471162385069987e-04 -2.114863163236131889e-03
5.000000000000000000e+01 -7.240942429983693611e-04 4.011503486083361201e-04 -5.959925423020921709e-04 -1.977440535301351870e-03
5.050000000000000000e+01 -7.374933301404384056e-04 3.353088225614815295e-04 -6.539634947090435056e-04 -1.893825318273753078e-03
5.100000000000000000e+01 -7.905363644796406910e-04 4.143718504418243513e-04 -7.467990692889463558e-04 -2.039181874591800177e-03
5.150000000000000000e+01 -7.852975465478207948e-04 5.044534701801173639e-04 -6.513551760336359648e-04 -2.208990933789943892e-03
5.200000000000000000e+01 -8.255264111344807728e-04 3.735641116138355817e-04 -7.049644808952160993e-04 -2.145178864122061855e-03
5.250000000000000000e+01 -7.445589651570495328e-04 5.174315627283506249e-04 -8.013179537862826591e-04 -1.949790504413216564e-03
5.300000000000000000e+01 -7.439658636916593936e-04 4.694676994177067984e-04 -5.676815349065307461e-04 -2.133683755586154342e-03
5.350000000000000000e+01 -7.823892335363395517e-04 2.927173490446925729e-04 -5.754021967098566599e-04 -2.064482852943854297e-03
5.400000000000000000e+01 -7.396884103306903884e-04 4.760769355964984142e-04 -5.768877759220129419e-04 -2.118254390666556367e-03
5.450000000000000000e+01 -7.847457197873762905e-04 4.328527002258751219e-04 -6.229306342719651913e-04 -2.164159225316038965e-03
5.500000000000000000e+01 -8.256389446977129183e-04 2.471775308247539530e-04 -6.478307073332911781e-04 -2.076263657584601421e-03
5.550000000000000000e+01 -7.818562359287166029e-04 3.364637891798471841e-04 -5.685702187949431136e-04 -2.113462278171053879e-03
5.600000000000000000e+01 -8.141452919973852067e-04 5.039508455780177323e-04 -6.831025485357949045e-04 -2.263284173034378448e-03
5.650000000000000000e+01 -7.676884668041946769e-04 2.843057465446435913e-04 -5.086919922341311476e-04 -2.078679154723096691e-03
5.700000000000000000e+01 -7.757083062393736565e-04 3.000492496216920096e-04 -7.439735457483209790e-04 -1.883200622591492054e-03
5.750000000000000000e+01 -7.664200512270828757e-04 4.606543893864933838e-04 -6.574290813094469787e-04 -2.102485461758295086e-03
5.800000000000000000e+01 -8.269787875123681652e-04 3.790698715535860820e-04 -8.468607517358468090e-04 -2.013145482354843606e-03
5.850000000000000000e+01 -7.830761229154367892e-04 3.448719795853578832e-04 -6.770022084394288105e-04 -2.017098139892239440e-03
5.900000000000000000e+01 -8.670705684625709111e-04 2.629165900808822973e-04 -6.504280956388508840e-04 -2.213700199829744201e-03
5.950000000000000000e+01 -8.261769797965975602e-04 3.185738857840907166e-04 -6.590813567412023887e-04 -2.138023468432680846e-03
6.000000000000000000e+01 -8.116460616791618468e-04 3.455132467172647112e-04 -5.655125950664327637e-04 -2.214938836688317651e-03
6.050000000000000000e+01 -8.157822847678438847e-04 3.562326612137017932e-04 -7.202071982306980759e-04 -2.083372317286535155e-03
6.100000000000000000e+01 -8.187786066820996718e-04 4.344754634312097789e-04 -6.080361218166436361e-04 -2.282775161660865158e-03
6.150000000000000000e+01 -8.576654526029443490e-04 3.780922334170177136e-04 -6.007891118441575353e-04 -2.350299479381693334e-03
6.200000000000000000e+01 -8.259084343090953954e-04 4.240074803406410227e-04 -7.074561903777445721e-04 -2.194276592890182474e-03
6.250000000000000000e+01 -9.001151917566065216e-04 3.439933862007423502e-04 -6.307910788694541656e-04 -2.413547882601107478e-03
6.300000000000000000e+01 -9.176739494782745754e-04 2.863884248125101980e-04 -6.685149902482680857e-04 -2.370895282999066055e-03
6.350000000000000000e+01 -7.970055818758908306e-04 3.072542948259671027e-04 -4.521408591697135822e-04 -2.246130181283926067e-03
6.400000000000000000e+01 -8.237119985981819839e-04 2.429769274419720968e-04 -6.511553771249436280e-04 -2.062957546111574177e-03
6.450000000000000000e+01 -8.633327040865479288e-04 2.411038082662614822e-04 -4.727300473060869266e-04 -2.358371873219818234e-03
6.500000000000000000e+01 -8.057244323621770522e-04 4.509302531516226511e-04 -3.758400083226561559e-04 -2.492263541915497489e-03
6.550000000000000000e+01 -8.534097013170966958e-04 3.614285989785035250e-04 -6.836220272522799089e-04 -2.238035675677513704e-03
6.600000000000000000e+01 -8.731155853796895372e-04 3.034110030426316975e-04 -6.085291792117431160e-04 -2.314228579969957247e-03
6.650000000000000000e+01 -8.547472652593964730e-04 1.719708199167875628e-04 -4.106229012946610558e-04 -2.325589714400316116e-03
6.700000000000000000e+01 -7.537359141683075197e-04 4.474125868252700768e-04 -3.772122969688179511e-04 -2.331408032361374522e-03
6.750000000000000000e+01 -7.887241502679024838e-04 3.932092307521949082e-04 -6.227099984693765591e-04 -2.136671683086525855e-03
6.800000000000000000e+01 -8.062019310197497809e-04 2.953368178784062693e-04 -4.205307902249760723e-04 -2.293411820712679215e-03
6.850000000000000000e+01 -9.136977367696411632e-04 3.559870811309730795e-04 -6.863492100758070624e-04 -2.410731081364089669e-03
6.900000000000000000e+01 -8.463882268280316194e-04 3.542828937130346558e-04 -5.880905825842338815e-04 -2.305356991612895687e-03
6.950000000000000000e+01 -8.865833349408052668e-04 1.426683694808104051e-04 -6.122135530968470917e-04 -2.190204821206379222e-03
7.000000000000000000e+01 -8.680101585755928750e-04 7.218377272442717959e-05 -5.151121712273023807e-04 -2.161102077223903302e-03
7.050000000000000000e+01 -8.842134353290220837e-04 1.574771752609466756e-04 -4.339064559284453500e-04 -2.376211025319567658e-03
7.100000000000000000e+01 -8.537161203510829641e-04 2.554233143606363826e-04 -4.831045687474491354e-04 -2.333467106666436194e-03
7.150000000000000000e+01 -9.199652286583197280e-04 2.181680212212651175e-04 -5.503417063936329135e-04 -2.427722000802591280e-03
7.200000000000000000e+01 -8.358504306552999022e-04 2.962480273903245328e-04 -4.272765888411962686e-04 -2.376522730515027645e-03
7.250000000000000000e+01 -8.290865165768835201e-04 2.940116060951097031e-04 -5.187936297956120693e-04 -2.262477526030148411e-03
7.300000000000000000e+01 -8.586777131122888020e-04 1.686600092832332275e-04 -3.422423663540123196e-04 -2.402450782266087395e-03
7.350000000000000000e+01 -8.136684582958931275e-04 2.533898866021083219e-04 -3.885608830363024790e-04 -2.305834378453485226e-03
7.400000000000000000e+01 -9.209661982535758329e-04 -1.898616251241223989e-05 -4.447040648971120201e-04 -2.299208367351202910e-03
7.450000000000000000e+01 -8.311036113354722905e-04 1.968556917267009685e-04 -3.764957746305222898e-04 -2.313670751102595360e-03
7.500000000000000000e+01 -8.914107203184944454e-04 2.440940722541930642e-04 -3.643316907564834442e-04 -2.553994542453193010e-03
7.550000000000000000e+01 -8.660725039923241773e-04 1.359211756245764613e-04 -4.904173574181487248e-04 -2.243721330183400323e-03
7.600000000000000000e+01 -9.024587124384508699e-04 5.771068512219576670e-05 -2.547273632694934276e-04 -2.510359459168054908e-03
7.650000000000000000e+01 -9.796607106460238339e-04 2.094410554644345006e-05 -5.006114659698453727e-04 -2.459314771514669196e-03
7.700000000000000000e+01 -8.209163703927225544e-04 2.646257341756658404e-04 -2.803616316703322190e-04 -2.447013213683501068e-03
7.750000000000000000e+01 -8.998334432455011231e-04 9.056732176805712008e-05 -4.426208611766232993e-04 -2.347446790327937204e-03
7.800000000000000000e+01 -9.349647011626301693e-04 1.971214857284190938e-05 -4.175232063072295942e-04 -2.407083045753502949e-03
7.850000000000000000e+01 -8.785928859642004205e-04 1.035646895719863174e-04 -3.169471737757432388e-04 -2.422396173688844394e-03
7.900000000000000000e+01 -9.503347073947745376e-04 1.670738293983784048e-04 -3.789723940919570281e-04 -2.639105557490745071e-03
7.950000000000000000e+01 -7.951540299072292102e-04 3.474747742822882558e-04 -2.202652784549299643e-04 -2.512671585549046058e-03
8.000000000000000000e+01 -9.015795942797730786e-04 1.757100341190730554e-04 -4.532047090699528385e-04 -2.427244107888439344e-03
8.050000000000000000e+01 -9.583480218416599167e-04 -6.682685332744722350e-05 -4.988827549109078451e-04 -2.309334457286624492e-03
8.100000000000000000e+01 -9.901988374827446881e-04 6.287549702246797900e-05 -4.836298950943533062e-04 -2.549842114376348751e-03
8.150000000000000000e+01 -9.688390276425580408e-04 1.485727824271577893e-05 -4.753330622176995634e-04 -2.446041298952690655e-03
8.200000000000000000e+01 -9.165885270639453040e-04 1.583597323413047926e-04 -5.135502218658178058e-04 -2.394575091667322953e-03
8.250000000000000000e+01 -9.072297299158243533e-04 4.886128671747118162e-05 -4.076888479865108344e-04 -2.362861628478433312e-03
8.300000000000000000e+01 -1.006495942022605150e-03 2.619471087517379797e-04 -5.326643187280558512e-04 -2.748770616091497469e-03
8.350000000000000000e+01 -1.017927883860498747e-03 1.885263597331291057e-05 -5.411280593009603962e-04 -2.531508228253849004e-03
8.400000000000000000e+01 -9.136703049413779200e-04 2.990929611392485142e-05 -2.532244969955527039e-04 -2.517695713942506158e-03
8.450000000000000000e+01 -9.476146770639638653e-04 9.321245212430251642e-05 -4.620996088122751653e-04 -2.473956874503919177e-03
8.500000000000000000e+01 -8.766855927770846740e-04 1.504676515507984971e-04 -1.817483241456790163e-04 -2.598776105736373340e-03
8.550000000000000000e+01 -8.287280502477448055e-04 2.742902816269863304e-04 -2.944261805471584713e-04 -2.466048251823062601e-03
8.600000000000000000e+01 -9.714743683473580976e-04 1.372644491521668370e-05 -3.119296303781358276e-04 -2.616219919579154934e-03
8.650000000000000000e+01 -9.733608059275091276e-04 -8.245375647468907419e-05 -3.036890486675493188e-04 -2.533939612640289003e-03
8.700000000000000000e+01 -9.927593039334564867e-04 -7.042781747485002279e-06 -3.537360985089250324e-04 -2.617499031543959413e-03
8.750000000000000000e+01 -1.074394347665633912e-03 -1.549212778269073163e-04 -3.922516402669078335e-04 -2.676010124903086505e-03
8.800000000000000000e+01 -8.482106732893208469e-04 1.433594653390462344e-04 -1.516329953504626021e-04 -2.536358489856546227e-03
8.850000000000000000e+01 -9.837511943159981277e-04 -4.913086715328965028e-05 -3.278217464800438526e-04 -2.574300969314660507e-03
8.900000000000000000e+01 -9.143640444442638912e-04 1.064884738254285603e-04 -3.516509150547352815e-04 -2.497929692103485061e-03
8.950000000000000000e+01 -9.991880311305976949e-04 -2.580578263520092735e-05 -2.456417133879217085e-04 -2.726116597368670805e-03
9.000000000000000000e+01 -9.513475705955942762e-04 -5.700737155833511614e-05 -2.636705911664223752e-04 -2.533364749062025269e-03
9.050000000000000000e+01 -9.223001127271167332e-04 6.456777472961402908e-06 -2.131219613006117390e-04 -2.560235154353700075e-03
9.100000000000000000e+01 -1.044882523013432709e-03 5.188678082692411872e-05 -3.753542100017504164e-04 -2.811180139865471564e-03
9.150000000000000000e+01 -9.959646012366308015e-04 -7.790641853463656360e-05 -4.038982877425525237e-04 -2.506089097432702938e-03
9.200000000000000000e+01 -9.044558789665302833e-04 1.879720642050766686e-05 -1.777500385488785099e-04 -2.554414804771219794e-03
9.250000000000000000e+01 -9.943609726516407753e-04 -9.165495037526588795e-06 -3.364723396307218615e-04 -2.637445083286673979e-03
9.300000000000000000e+01 -1.020610785910493938e-03 -1.320892880777750427e-04 -2.568849861133654187e-04 -2.672858083540341056e-03
9.350000000000000000e+01 -9.989269864761453691e-04 -5.951607581017534791e-05 -3.287315548383266169e-04 -2.608533328779933953e-03
9.400000000000000000e+01 -9.909400247930459215e-04 -1.051824791518216100e-04 -2.716626538102058877e-04 -2.595974941417110524e-03
9.450000000000000000e+01 -9.591445116647777033e-04 -1.128018321415753151e-05 -3.441332485125875090e-04 -2.522020103267587875e-03
9.500000000000000000e+01 -8.151413687219875338e-04 7.225925100846658945e-05 8.988010997702419161e-06 -2.526671368172131536e-03
9.550000000000000000e+01 -9.855215365582997971e-04 -3.197184559206190247e-05 -2.121288460248386856e-04 -2.712463918057999007e-03
9.600000000000000000e+01 -1.114967453010647352e-03 -1.577222140989589718e-04 -1.863572786137105851e-04 -3.000822866319272607e-03
9.650000000000000000e+01 -9.728136992082566130e-04 4.485194241515578904e-05 -1.015754442747126700e-04 -2.861717595765212938e-03
9.700000000000000000e+01 -9.714816956647413662e-04 -6.614940658480458128e-05 -2.232040409884891458e-04 -2.625091639420930670e-03
9.750000000000000000e+01 -1.038772385377760392e-03 -4.083690941668556616e-05 -2.550783684848722263e-04 -2.820401878231723180e-03
9.800000000000000000e+01 -1.056276693624053032e-03 -1.941586818970961279e-04 -1.268438853131221742e-04 -2.847827513661940931e-03
9.850000000000000000e+01 -9.911650283343212322e-04 -3.890278735862612731e-05 -1.476425591378577253e-04 -2.786949738506479431e-03
9.900000000000000000e+01 -1.021951006561856853e-03 8.230820142791767905e-06 -1.756636435975439403e-04 -2.898420196230818129e-03
9.950000000000000000e+01 -1.069316211821925077e-03 -2.308211397004650950e-04 -6.566322382762235514e-05 -2.911464271937687538e-03
1.000000000000000000e+02 -1.163015769168115584e-03 -2.701120808391420532e-04 -1.708330479405647487e-04 -3.048102178724639705e-03
