# delays[ps] delta_averaged scan 0 scan 1 scan 2
-2.000000000000000000e+01 -4.793884425910702234e-05 -3.214623919118541994e-05 -3.189138042651285226e-05 -7.977891315962282192e-05
-1.800000000000000000e+01 -6.476242376964975675e-05 -4.189049722040105603e-05 -1.007245575928019613e-04 -5.167221649574627322e-05
-1.600000000000000000e+01 -9.452492450647490680e-05 -9.072429876726272762e-05 -5.564001394929385071e-05 -1.372104608028681353e-04
-1.400000000000000000e+01 -9.346918601993386793e-05 -7.274386752454242830e-05 -6.562009815863401084e-05 -1.420435923766251104e-04
-1.200000000000000000e+01 -8.038178252758850569e-05 -1.366485010737443831e-04 -2.624910626579302203e-05 -7.824774024322810853e-05
-1.000000000000000000e+01 7.437849514929023200e-06 -4.187920743051998219e-05 3.300620807926624216e-05 3.118654789604080878e-05
-8.000000000000000000e+00 5.093368612318546345e-05 2.290407819024953219e-05 5.447278054351767422e-05 7.542419963578917037e-05
-6.000000000000000000e+00 7.468427275239696733e-05 1.320937226105465244e-04 7.898320757909682783e-05 1.297588806754757011e-05
-4.000000000000000000e+00 7.609658816763675783e-05 1.273404671570612550e-04 5.284951466827203195e-05 4.809978267757697299e-05
-2.000000000000000000e+00 2.403054950355562253e-05 7.357755860439863513e-05 8.330952134285263494e-05 -8.479543143658440588e-05
-1.899999999999999911e+00 5.790826028854027569e-05 6.683818850076584490e-05 2.224218124461818538e-05 8.464441112023679678e-05
-1.800000000000000044e+00 1.002289806101820479e-04 1.148397830523313401e-04 7.619488601033187032e-05 1.096522727678829196e-04
-1.699999999999999956e+00 1.193002940340648365e-05 4.186353047502033772e-05 -6.536063738654673615e-07 -5.419835890935420556e-06
-1.600000000000000089e+00 -3.784672107818184115e-05 -8.224760049112844773e-05 -2.021744683808168578e-05 -1.107511590533538656e-05
-1.500000000000000000e+00 -6.248188064306379082e-06 -6.651062124465112544e-05 -7.237691029186810292e-06 5.500374808091879341e-05
-1.399999999999999911e+00 7.324873431160303344e-05 7.244210075097513065e-05 7.787072136878047659e-05 6.943338081505345241e-05
-1.300000000000000044e+00 3.725327779766355907e-05 3.323172180298339162e-05 5.048613246842193061e-05 2.804197912158534821e-05
-1.199999999999999956e+00 5.570045677492899594e-05 1.127912499477089447e-04 5.637211237864981066e-05 -2.061992001571755295e-06
-1.100000000000000089e+00 9.400266731142145149e-05 1.511134832872203031e-04 2.944414194561451126e-05 1.014503767014295299e-04
-1.000000000000000000e+00 2.160383759423475047e-05 -2.989982833014748079e-05 4.897120069083926844e-05 4.574014042201246375e-05
-9.000000000000000222e-01 9.695175106643464562e-05 1.019749628364047315e-04 7.899128821277012704e-05 1.098890021501290918e-04
-8.000000000000000444e-01 4.480632044830616640e-05 4.620629931965325874e-06 8.355155364129630109e-05 4.624677777165686377e-05
-6.999999999999999556e-01 4.142888549185386329e-05 1.118335980186990762e-05 -1.041441578981372441e-05 1.235177124635053914e-04
-5.999999999999999778e-01 4.038599778365380426e-04 2.729859513694131564e-04 4.181741267613239290e-04 5.204198553788772592e-04
-5.000000000000000000e-01 2.368078328254653083e-03 2.123687340165040637e-03 2.436510409936810864e-03 2.544037234662107749e-03
-4.000000000000000222e-01 4.061982784494862740e-03 4.558451640170039197e-03 3.844448145103961274e-03 3.783048568210588183e-03
-2.999999999999999889e-01 5.096794660266236628e-03 5.663921860986608110e-03 4.841251858248757194e-03 4.785210261563344579e-03
-2.000000000000000111e-01 5.782453343644986497e-03 6.570514410555084242e-03 5.403650174915711549e-03 5.373195445464161966e-03
-1.000000000000000056e-01 6.416414562942664331e-03 7.066685215964229640e-03 6.084056355067818909e-03 6.098502117795944442e-03
-0.000000000000000000e+00 6.859190095269296177e-03 7.666265692829430344e-03 6.551262353633300131e-03 6.360042239345159790e-03
1.000000000000000056e-01 7.133516249375921291e-03 8.161729737262941181e-03 6.732474471827945214e-03 6.506344539036877477e-03
2.000000000000000111e-01 7.442187357588181569e-03 8.398786806587782774e-03 7.198643249730417998e-03 6.729132016446345670e-03
2.999999999999999889e-01 7.432052811101388066e-03 8.296417992419676327e-03 7.026611337294738462e-03 6.973129103589749411e-03
4.000000000000000222e-01 7.701951628638990972e-03 8.601025916924961295e-03 7.452147247395893813e-03 7.052681721596116074e-03
5.000000000000000000e-01 7.687267678765742629e-03 8.683802449065827073e-03 7.399906771728925921e-03 6.978093815502474026e-03
5.999999999999999778e-01 7.814151831859232622e-03 8.779067337582173794e-03 7.350860078492569075e-03 7.312528079502954130e-03
6.999999999999999556e-01 7.849680425512399126e-03 8.762285596979469196e-03 7.593061785914723832e-03 7.193693893643000013e-03
8.000000000000000444e-01 7.975000578666655709e-03 8.767195516387117291e-03 7.679949740409156012e-03 7.477856479203692959e-03
9.000000000000000222e-01 8.041518978308280843e-03 8.964305080837505629e-03 7.884527117026397802e-03 7.275724737060940833e-03
1.000000000000000000e+00 7.929962991742990283e-03 9.031991441343471816e-03 7.690083863537204752e-03 7.067813670348291680e-03
1.100000000000000089e+00 7.995309340783914032e-03 9.128939055885120293e-03 7.680767383713886856e-03 7.176221582752734945e-03
1.199999999999999956e+00 7.998403298754496252e-03 9.275477871861970494e-03 7.466244976800998946e-03 7.253487047600521917e-03
1.300000000000000044e+00 8.356942509993720014e-03 9.533894472604722073e-03 7.867898709419998346e-03 7.669034347956438756e-03
1.399999999999999911e+00 8.442295995718289772e-03 9.507685243752323975e-03 7.967523632704628933e-03 7.851679110697912939e-03
1.500000000000000000e+00 8.390680601979255693e-03 9.477855722742647288e-03 7.894873488126319047e-03 7.799312595068802478e-03
1.600000000000000089e+00 8.358917037127421359e-03 9.541227673305213014e-03 7.942632941113459549e-03 7.592890496963591515e-03
1.699999999999999956e+00 8.452060159690032853e-03 9.574846010309740613e-03 8.248937389937576609e-03 7.532397078822782206e-03
1.800000000000000044e+00 8.516631195770856325e-03 9.567180466178958065e-03 8.078295496775605988e-03 7.904417624358003186e-03
1.899999999999999911e+00 8.663276212725596823e-03 9.563868797101743660e-03 8.256918775553373502e-03 8.169041065521671571e-03
2.000000000000000000e+00 8.691367856472943104e-03 9.937000519948807620e-03 8.139119376990763474e-03 7.997983672479256484e-03
2.100000000000000089e+00 8.792046685544294485e-03 9.951002404129270437e-03 8.206045854600944184e-03 8.219091797902670568e-03
2.200000000000000178e+00 8.819763947997095316e-03 1.007556802033248051e-02 8.376216879412446206e-03 8.007506944246359226e-03
2.299999999999999822e+00 8.765140984570814892e-03 9.962585931682858831e-03 8.289532541763715984e-03 8.043304480265869860e-03
2.399999999999999911e+00 8.673425773063550906e-03 9.960336583770726393e-03 8.053273889401739438e-03 8.006666846018188621e-03
2.500000000000000000e+00 8.874507537731605999e-03 1.018456423551558458e-02 8.459554768101867905e-03 7.979403609577362042e-03
2.600000000000000089e+00 8.815502748200617147e-03 1.000818808465979946e-02 8.359945079167648702e-03 8.078375080774406747e-03
2.700000000000000178e+00 8.792659514885151420e-03 9.904664422971606180e-03 8.465347291413767919e-03 8.007966830270078426e-03
2.799999999999999822e+00 8.934591274110928807e-03 9.937498610466588209e-03 8.388271681898120530e-03 8.478003529968077684e-03
2.899999999999999911e+00 8.950104476594229752e-03 1.002555796963391921e-02 8.630292249333794408e-03 8.194463210814973905e-03
3.000000000000000000e+00 8.781243094193992224e-03 9.921555175214031089e-03 8.434946580142472713e-03 7.987227527225471135e-03
3.100000000000000089e+00 8.860639168283756736e-03 1.001128033298452277e-02 8.413993747169433782e-03 8.156643424697313655e-03
3.200000000000000178e+00 8.941814193770221408e-03 1.003425080976576289e-02 8.590719880737006028e-03 8.200471890807893571e-03
3.299999999999999822e+00 8.857048248901518497e-03 9.934424026367320512e-03 8.659150044630940443e-03 7.977570675706298006e-03
3.399999999999999911e+00 8.879490632449313706e-03 1.000872752239582303e-02 8.354557792227981436e-03 8.275186582724134918e-03
3.500000000000000000e+00 8.888273804337846681e-03 1.004220285986213296e-02 8.455750746759400568e-03 8.166867806392006518e-03
3.600000000000000089e+00 8.876949761989773660e-03 9.985182056284893845e-03 8.601558000896694645e-03 8.044109228787732491e-03
3.700000000000000178e+00 8.891035369955028675e-03 9.831530532387278143e-03 8.553352340590104907e-03 8.288223236887701240e-03
3.799999999999999822e+00 8.867611616011595102e-03 1.001093890572081306e-02 8.272499421917029958e-03 8.319396520396945757e-03
3.899999999999999911e+00 8.879968894383366215e-03 1.006014392799606944e-02 8.289251540943304991e-03 8.290511214210724220e-03
4.000000000000000000e+00 8.929611938906045418e-03 1.026285461887001087e-02 8.357488522579604312e-03 8.168492675268522810e-03
5.000000000000000000e+00 8.761635784255974654e-03 9.897036444098729693e-03 8.285156360748653290e-03 8.102714547920537511e-03
6.000000000000000000e+00 8.703350426752675187e-03 1.009036159875444788e-02 8.289041233426388058e-03 7.730648448077190489e-03
7.000000000000000000e+00 8.479482865370183489e-03 9.644808717539806592e-03 8.124276716403209045e-03 7.669363162167531361e-03
8.000000000000000000e+00 8.472679703699435849e-03 9.482371023522237832e-03 8.126988555595857436e-03 7.808679531980212279e-03
9.000000000000000000e+00 8.551161730547143444e-03 9.794684214209434595e-03 7.988178985393952491e-03 7.870621992038044981e-03
1.000000000000000000e+01 8.460374065435233293e-03 9.486033754924910397e-03 8.073221616764925807e-03 7.821866824615863675e-03
1.100000000000000000e+01 8.409337213062412567e-03 9.276819198792488064e-03 8.090803265106114722e-03 7.860389175288634914e-03
1.200000000000000000e+01 8.016618682945642407e-03 9.094118235845292941e-03 7.643655602190246520e-03 7.312082210801388628e-03
1.300000000000000000e+01 7.857274971312194767e-03 8.970758337012933736e-03 7.335806700350656212e-03 7.265259876572994352e-03
1.400000000000000000e+01 7.855180444219700756e-03 8.822822748602417164e-03 7.448582171386727326e-03 7.294136412669962113e-03
1.500000000000000000e+01 7.911882176355744534e-03 8.879403399766356425e-03 7.589045508176532097e-03 7.267197621124344212e-03
1.600000000000000000e+01 7.701995821402622677e-03 8.735052729294097429e-03 7.300631854381447669e-03 7.070302880532322934e-03
1.700000000000000000e+01 7.576744951001715585e-03 8.735689521602607935e-03 7.201532215973009514e-03 6.793013115429532775e-03
1.800000000000000000e+01 7.473602940660615569e-03 8.416691978905601126e-03 7.020453448032144654e-03 6.983663395044101795e-03
1.900000000000000000e+01 7.370104760018762052e-03 8.283144344246535021e-03 7.020860646992073059e-03 6.806309288817678077e-03
2.000000000000000000e+01 7.089443774560308213e-03 7.840197760445387354e-03 6.739880439955971136e-03 6.688253123279563547e-03
2.100000000000000000e+01 7.025689912930757793e-03 7.743786647413584447e-03 6.749013931387933679e-03 6.584269159990755252e-03
2.200000000000000000e+01 6.992043319459411051e-03 7.478796348404296093e-03 6.880860888095786075e-03 6.616472721878151851e-03
2.300000000000000000e+01 6.924990994284916344e-03 7.768770345332693360e-03 6.705015184744027301e-03 6.301187452778026638e-03
2.400000000000000000e+01 6.863451001524997590e-03 7.734666422132740506e-03 6.676347943516435998e-03 6.179338638925816266e-03
2.500000000000000000e+01 6.799629165117473256e-03 7.426319436188841792e-03 6.571057519783956268e-03 6.401510539379622576e-03
2.600000000000000000e+01 6.581479460395965597e-03 7.287772710008325223e-03 6.486649963331656346e-03 5.970015707847913487e-03
2.700000000000000000e+01 6.616321913075613043e-03 7.186790956890128090e-03 6.300266135195091780e-03 6.361908647141620125e-03
2.800000000000000000e+01 6.587040411470968145e-03 7.165602730873123390e-03 6.400535548537335077e-03 6.194982955002447701e-03
2.900000000000000000e+01 6.312114982583110108e-03 7.142419781594072127e-03 5.952270129009576416e-03 5.841655037145681781e-03
3.000000000000000000e+01 6.376319876360533705e-03 7.029780301208889658e-03 6.295730580720099862e-03 5.803448747152608993e-03
3.100000000000000000e+01 6.312385103527076886e-03 7.061067726961741536e-03 6.175280022592210226e-03 5.700807561027277162e-03
3.200000000000000000e+01 6.012931209702833228e-03 6.675497254986346995e-03 5.723235683317934482e-03 5.640060690804217340e-03
3.220000000000000284e+01 5.961966819875198081e-03 6.826760990799521714e-03 5.530033469253625711e-03 5.529105999572445952e-03
3.239999999999999858e+01 5.916895735440431785e-03 6.604044114969251887e-03 5.729251080308883984e-03 5.417392011043159483e-03
3.260000000000000142e+01 5.903488126160527476e-03 6.700456766680067990e-03 5.500562103773345458e-03 5.509445508028167245e-03
3.279999999999999716e+01 5.930880783640794969e-03 6.676492815513006100e-03 5.809537111425253607e-03 5.306612423984126935e-03
3.300000000000000000e+01 6.061081866351235824e-03 6.657884877951387136e-03 5.869228206876483597e-03 5.656132514225835871e-03
3.320000000000000284e+01 5.895881810704793613e-03 6.507029786941917124e-03 5.900473153686879024e-03 5.280142491485582956e-03
3.339999999999999858e+01 5.853316294051975378e-03 6.526025260112400771e-03 5.792936051685362853e-03 5.240987570358163379e-03
3.360000000000000142e+01 5.828376069438512795e-03 6.476861908652304864e-03 5.703175793805842671e-03 5.305090505857388249e-03
3.379999999999999716e+01 5.797912809006430107e-03 6.468224264380026400e-03 5.608570126789512271e-03 5.316944035849749915e-03
3.400000000000000000e+01 5.842930285224917121e-03 6.392176401769029785e-03 5.853721849686592885e-03 5.282892604219130428e-03
3.420000000000000284e+01 5.825368996838949098e-03 6.427907310340259632e-03 5.714637481988033528e-03 5.333562198188554135e-03
3.439999999999999858e+01 5.726101459994245753e-03 6.460013804270271602e-03 5.579698364574388163e-03 5.138592211138076626e-03
3.460000000000000142e+01 5.839063079846895828e-03 6.442854092468115225e-03 5.781808660440740551e-03 5.292526486631831707e-03
3.479999999999999716e+01 5.789445517542928486e-03 6.309646261275306429e-03 5.699812195108618779e-03 5.358878096244861118e-03
3.500000000000000000e+01 5.725915583622213749e-03 6.111526622192909111e-03 5.859856372491661740e-03 5.206363756182068661e-03
3.520000000000000284e+01 5.715001815040025857e-03 6.248361804391928086e-03 5.601970210762848533e-03 5.294673429965302686e-03
3.539999999999999858e+01 5.568406512933753334e-03 6.330634985151825482e-03 5.246609813254759710e-03 5.127974740394674810e-03
3.560000000000000142e+01 5.577880499390473756e-03 6.134314778007353072e-03 5.537781748226226937e-03 5.061544971937842127e-03
3.579999999999999716e+01 5.676386296963816663e-03 6.289366271883529806e-03 5.640432417635635187e-03 5.099360201372283262e-03
3.600000000000000000e+01 5.631681593221010869e-03 6.210758719158967003e-03 5.653339011333189008e-03 5.030947049170877462e-03
3.620000000000000284e+01 5.500218386940342041e-03 6.213039742586582564e-03 5.291915054300711831e-03 4.995700363933731729e-03
3.639999999999999858e+01 5.541546396068033030e-03 6.109920242987620063e-03 5.561171993312409058e-03 4.953546951904069968e-03
3.660000000000000142e+01 5.620753839795136243e-03 6.296642886452168478e-03 5.482035329469694268e-03 5.083583303463546851e-03
3.679999999999999716e+01 5.556985256903258612e-03 6.125311465366775968e-03 5.368485974831649528e-03 5.177158330511346870e-03
3.700000000000000000e+01 5.613755061503150449e-03 6.285285903648142256e-03 5.565448324754885927e-03 4.990530956106424033e-03
3.720000000000000284e+01 5.633122063486736657e-03 6.172254519558826799e-03 5.479729050195572548e-03 5.247382620705808888e-03
3.739999999999999858e+01 5.570907752005142995e-03 6.032879418020354115e-03 5.562729445458674919e-03 5.117114392536400817e-03
3.760000000000000142e+01 5.587771966514967943e-03 6.018255884857453067e-03 5.594111414410875109e-03 5.150948600276578256e-03
3.779999999999999716e+01 5.496638903071108216e-03 6.116405823803968723e-03 5.440152024324236384e-03 4.933358861085119541e-03
3.800000000000000000e+01 5.398674689170962493e-03 6.093400944714831222e-03 5.189417581625034581e-03 4.913205541173022543e-03
3.820000000000000284e+01 5.560355645900574677e-03 6.151916702044880024e-03 5.438002704032271657e-03 5.091147531624571482e-03
3.839999999999999858e+01 5.569041667071156394e-03 6.089033282818917363e-03 5.588574777510213996e-03 5.029516940884336956e-03
3.860000000000000142e+01 5.433202436745037528e-03 6.020585166762273434e-03 5.299537211952004556e-03 4.979484931520834594e-03
3.879999999999999716e+01 5.472590771691603247e-03 6.024078412821268040e-03 5.406461882190670767e-03 4.987232020062870932e-03
3.900000000000000000e+01 5.498065233234142833e-03 6.076451609232460561e-03 5.369219430675119427e-03 5.048524659794846776e-03
3.920000000000000284e+01 5.467574050092022762e-03 6.208371643995749811e-03 5.428288101573553251e-03 4.766062404706763490e-03
3.939999999999999858e+01 5.383861626467091079e-03 5.905953253019076421e-03 5.455831005102734603e-03 4.789800621279463079e-03
3.960000000000000142e+01 5.437408179557393605e-03 5.988497157883026709e-03 5.447243127065570789e-03 4.876484253723582449e-03
3.979999999999999716e+01 5.577775781275612875e-03 6.073720684614659568e-03 5.475369998675838970e-03 5.184236660536340087e-03
4.000000000000000000e+01 5.607128583116407876e-03 6.146682444237792052e-03 5.556216339539100935e-03 5.118486965572330641e-03
4.020000000000000284e+01 5.621058327371165723e-03 6.155191105031688169e-03 5.581733025819784859e-03 5.126250851262025010e-03
4.039999999999999858e+01 5.469172582599761412e-03 6.005034744167258437e-03 5.584932233658750252e-03 4.817550769973275547e-03
4.060000000000000142e+01 5.596864089773135979e-03 6.145828348520674007e-03 5.581124064766760338e-03 5.063639856031973592e-03
4.079999999999999716e+01 5.558682637785060561e-03 6.184418479029520598e-03 5.537834595156958598e-03 4.953794839168704223e-03
4.100000000000000000e+01 5.536027966207903404e-03 6.054271626654807864e-03 5.483055490741580752e-03 5.070756781227322464e-03
4.120000000000000284e+01 5.411065504544446646e-03 5.979101616263375954e-03 5.333133676983898945e-03 4.920961220386065038e-03
4.139999999999999858e+01 5.400407096462612501e-03 5.922336290953945231e-03 5.276792599223614939e-03 5.002092399210279067e-03
4.160000000000000142e+01 5.407340201691559350e-03 6.068662864267582689e-03 5.370145162416957267e-03 4.783212578390138095e-03
4.179999999999999716e+01 5.479811839862114113e-03 6.153617718211556314e-03 5.419688749462745099e-03 4.866129051912041793e-03
4.200000000000000000e+01 5.454707671061115141e-03 5.898774221125258586e-03 5.582258271993411833e-03 4.883090520064675005e-03
4.220000000000000284e+01 5.453598154514428635e-03 6.031902591923446466e-03 5.476185839719198423e-03 4.852706031900638414e-03
4.239999999999999858e+01 5.452005648018246053e-03 6.040850992077926272e-03 5.455287419863095316e-03 4.859878532113714837e-03
4.260000000000000142e+01 5.448702123761114784e-03 6.119420164425484060e-03 5.360753742150862686e-03 4.865932464706997605e-03
4.279999999999999716e+01 5.456351492297771034e-03 6.055574541053881585e-03 5.466946276840630586e-03 4.846533658998802667e-03
4.300000000000000000e+01 5.337841296217598480e-03 5.935334288238064068e-03 5.276518233842686541e-03 4.801671366572044831e-03
4.400000000000000000e+01 5.441409451381704065e-03 5.883906865379523628e-03 5.336855646198681961e-03 5.103465842566904873e-03
4.500000000000000000e+01 5.536259215545740082e-03 5.970167524961770417e-03 5.526478539047619508e-03 5.112131582627828588e-03
4.600000000000000000e+01 5.482896623486854283e-03 5.872639880347662635e-03 5.632487452113662738e-03 4.943562537999238345e-03
4.700000000000000000e+01 5.461261572115937331e-03 5.926817633664209668e-03 5.621922727108747894e-03 4.835044355574852695e-03
4.800000000000000000e+01 5.506132284417028511e-03 6.146456641492508213e-03 5.384013463256225041e-03 4.987926748502353146e-03
4.900000000000000000e+01 5.395970962572015084e-03 5.996796584757127686e-03 5.250396526956802902e-03 4.940719776002113796e-03
5.000000000000000000e+01 5.418642586138402127e-03 6.028276678204230569e-03 5.244064600470344992e-03 4.983586479740629953e-03
5.100000000000000000e+01 5.425417096134997619e-03 5.943626282967624623e-03 5.322363364751446155e-03 5.010261640685923813e-03
5.200000000000000000e+01 5.470709716069544620e-03 6.059146734976369325e-03 5.472906036679169722e-03 4.880076376553093946e-03
5.300000000000000000e+01 5.452619173310313712e-03 5.903631377625629013e-03 5.455180187774012063e-03 4.999045954531300059e-03
5.400000000000000000e+01 5.278250970539678961e-03 5.771965215968010397e-03 5.401592793639059184e-03 4.661194902011967303e-03
5.500000000000000000e+01 5.351336735590721087e-03 5.841005053901118620e-03 5.340558770777372073e-03 4.872446382093670834e-03
5.600000000000000000e+01 5.258778993382349880e-03 5.695126022618551137e-03 5.254537626573928255e-03 4.826673330954570247e-03
5.700000000000000000e+01 5.197486628915147684e-03 5.869507769599118310e-03 5.025918937582680643e-03 4.697033179563644967e-03
5.800000000000000000e+01 5.253916206697011905e-03 5.777880671641635532e-03 5.198643289445046244e-03 4.785224659004356541e-03
5.900000000000000000e+01 5.318506762126060800e-03 5.846248745411451384e-03 5.365347842112894519e-03 4.743923698853836496e-03
6.000000000000000000e+01 5.266769901470635257e-03 5.788103783234669134e-03 5.233281904062764105e-03 4.778924017114472532e-03
6.100000000000000000e+01 5.288020568852444363e-03 5.753198996715992893e-03 5.254814163142040688e-03 4.856048546699300375e-03
6.200000000000000000e+01 5.129864951485439521e-03 5.713637543560656264e-03 5.207421363391970433e-03 4.468535947503690132e-03
6.300000000000000000e+01 5.248552645078799483e-03 5.733943231220139415e-03 5.322273852280766555e-03 4.689440851735492480e-03
6.400000000000000000e+01 5.343805354725124357e-03 5.939387170580353627e-03 5.217994582878199804e-03 4.874034310716821375e-03
6.500000000000000000e+01 5.268426658141394346e-03 5.846097262948304375e-03 5.112012310843651146e-03 4.847170400632227517e-03
6.600000000000000000e+01 5.175680102007862438e-03 5.699773154157691812e-03 5.148829083102895825e-03 4.678438068762997941e-03
6.700000000000000000e+01 5.133742356570447814e-03 5.576576841937929720e-03 5.182759410604705075e-03 4.641890817168709514e-03
6.800000000000000000e+01 5.177455901202310772e-03 5.604681970085130527e-03 5.147129361676015813e-03 4.780556371845786842e-03
6.900000000000000000e+01 5.286813851284087075e-03 5.668375406166542042e-03 5.439138649156980386e-03 4.752927498528738796e-03
7.000000000000000000e+01 5.190240607778516362e-03 5.643275117346579182e-03 5.184247017450242974e-03 4.743199688538726928e-03
7.020000000000000284e+01 5.133582550497937415e-03 5.451999422004327224e-03 5.183677680415803811e-03 4.765070549073680342e-03
7.040000000000000568e+01 5.134223123070727479e-03 5.557370808952848129e-03 5.179610411454416835e-03 4.665688148804917473e-03
7.059999999999999432e+01 5.209218014849983924e-03 5.463724847266835348e-03 5.328342343807765912e-03 4.835586853475350513e-03
7.079999999999999716e+01 5.255786056240155900e-03 5.682664234779718701e-03 5.352085627036369357e-03 4.732608306904379641e-03
7.100000000000000000e+01 5.139526232166125030e-03 5.648476685492495597e-03 5.000994197293980557e-03 4.769107813711897202e-03
7.120000000000000284e+01 5.220283963407332251e-03 5.719924774121164235e-03 5.197293327079483688e-03 4.743633789021347094e-03
7.140000000000000568e+01 5.038302510663014190e-03 5.453706200638036572e-03 5.236604861054857361e-03 4.424596470296148637e-03
7.159999999999999432e+01 5.084530956000979200e-03 5.467931096403650347e-03 5.196705237926307376e-03 4.588956533672979010e-03
7.179999999999999716e+01 5.146624487597002522e-03 5.512278382275530471e-03 5.186780672830346335e-03 4.740814407685130759e-03
7.200000000000000000e+01 5.025810441184208437e-03 5.394418771500222864e-03 5.155853070239196576e-03 4.527159481813204135e-03
7.220000000000000284e+01 5.241121046147620942e-03 5.548569067200933777e-03 5.253486074220528948e-03 4.921307997021399233e-03
7.240000000000000568e+01 5.073849486384558564e-03 5.385115128187002893e-03 5.064513167293247485e-03 4.771920163673426182e-03
7.259999999999999432e+01 5.086512314590953612e-03 5.453514907383043286e-03 5.134928210404069576e-03 4.671093825985747974e-03
7.279999999999999716e+01 5.134831905304675266e-03 5.511058357478851311e-03 5.211537557144213170e-03 4.681899801290962185e-03
7.300000000000000000e+01 5.138887387143425793e-03 5.381153463618359480e-03 5.191387307333022311e-03 4.844121390478896456e-03
7.320000000000000284e+01 5.141286006820149600e-03 5.471759290259786343e-03 5.107700713413270040e-03 4.844398016787392416e-03
7.340000000000000568e+01 5.032619078529621502e-03 5.432058342597784369e-03 5.033347637113824019e-03 4.632451255877257854e-03
7.359999999999999432e+01 5.143535767958996169e-03 5.363906381960915903e-03 5.350988977103062622e-03 4.715711944813009114e-03
7.379999999999999716e+01 5.251781473771131338e-03 5.666909684401560086e-03 5.248579806621053549e-03 4.839854930290780378e-03
7.400000000000000000e+01 5.156277127357152511e-03 5.536724614987997839e-03 5.267549904081667879e-03 4.664556863001791814e-03
7.420000000000000284e+01 5.159193853535343384e-03 5.654530133041255589e-03 5.157700380847988000e-03 4.665351046716787430e-03
7.440000000000000568e+01 5.073377656760948151e-03 5.489861033896104199e-03 5.115126090463461596e-03 4.615145845923279526e-03
7.459999999999999432e+01 5.112139516086577906e-03 5.448755130914023116e-03 5.315450756623191393e-03 4.572212660722518342e-03
7.479999999999999716e+01 5.137796440868887433e-03 5.486760452585382614e-03 5.193033772539939683e-03 4.733595097481341739e-03
7.500000000000000000e+01 5.074285937700998873e-03 5.401980010982505506e-03 5.164617120694122050e-03 4.656260681426369064e-03
7.520000000000000284e+01 5.129145879152030574e-03 5.506916656851213766e-03 5.113666445762138357e-03 4.766854534842741332e-03
7.540000000000000568e+01 5.052596134047056785e-03 5.364958350971602008e-03 5.182413496524335833e-03 4.610416554645231646e-03
7.559999999999999432e+01 5.020373166085442991e-03 5.250255226625436845e-03 5.205988420599765888e-03 4.604875851031127974e-03
7.579999999999999716e+01 5.071122213960042348e-03 5.333645486517190823e-03 5.292387464658695161e-03 4.587333690704241060e-03
7.600000000000000000e+01 5.057299333511858230e-03 5.432574539658753358e-03 5.235136494497963887e-03 4.504186966378856578e-03
7.620000000000000284e+01 5.030886002975292794e-03 5.289767387490400784e-03 5.359995928696647573e-03 4.442894692738829157e-03
7.640000000000000568e+01 5.025622395503185312e-03 5.336624284632138053e-03 5.240250644621889838e-03 4.499992257255527178e-03
7.659999999999999432e+01 5.081035658488466250e-03 5.393943024979000640e-03 5.309349239259673371e-03 4.539814711226725606e-03
7.679999999999999716e+01 5.101727775358152160e-03 5.460124534939934590e-03 5.377948779798553437e-03 4.467110011335966718e-03
7.700000000000000000e+01 5.113734045693198345e-03 5.432314330765621209e-03 5.412655532981876239e-03 4.496232273332100189e-03
7.720000000000000284e+01 5.091998388860142361e-03 5.347897444810765372e-03 5.329502935477215507e-03 4.598594786292444468e-03
7.740000000000000568e+01 5.002488245250401831e-03 5.253050961303375871e-03 5.216253608181489233e-03 4.538160166266340390e-03
7.759999999999999432e+01 5.159771096369977599e-03 5.468041595955607653e-03 5.318979888874814620e-03 4.692291804279509655e-03
7.779999999999999716e+01 5.090270281064516317e-03 5.247493782433066030e-03 5.363628957975469409e-03 4.659688102785013511e-03
7.800000000000000000e+01 5.144376434328793400e-03 5.461436629319825486e-03 5.275389914492447166e-03 4.696302759174106681e-03
7.820000000000000284e+01 5.201911055102695011e-03 5.562498821621721969e-03 5.501322891759991701e-03 4.541911451926372231e-03
7.840000000000000568e+01 5.021445874572862296e-03 5.346491799200683154e-03 5.295363103045964102e-03 4.422482721471938764e-03
7.859999999999999432e+01 5.058467656560280620e-03 5.403694982199283396e-03 5.310763242955451359e-03 4.460944744526107106e-03
7.879999999999999716e+01 5.253519940936289719e-03 5.509469360913925827e-03 5.654321622485558238e-03 4.596768839409385091e-03
7.900000000000000000e+01 5.074523499467713770e-03 5.261917879109265922e-03 5.293251388277099394e-03 4.668401231016775996e-03
7.920000000000000284e+01 4.993544586941067731e-03 5.324260829021404406e-03 5.206209805958089167e-03 4.450163125843711355e-03
7.940000000000000568e+01 5.135708324206652957e-03 5.208155675814189235e-03 5.315537208170156847e-03 4.883432088635614524e-03
7.959999999999999432e+01 5.031835867165762068e-03 5.253858100307079622e-03 5.329356623462226661e-03 4.512292877727979920e-03
7.979999999999999716e+01 5.069338573015115014e-03 5.296735814434105558e-03 5.268045366810940842e-03 4.643234537800299509e-03
8.000000000000000000e+01 5.029898204123058394e-03 5.175140113768983766e-03 5.242283687394831519e-03 4.672270811205360766e-03
8.100000000000000000e+01 5.074560268380898763e-03 5.367181925450526490e-03 5.379426764687816193e-03 4.477072115004351004e-03
8.200000000000000000e+01 5.108767716317188894e-03 5.417497314405592991e-03 5.409662970604813513e-03 4.499142863941159309e-03
8.300000000000000000e+01 5.094021161016971250e-03 5.293094674473651333e-03 5.319779698010757008e-03 4.669189110566504541e-03
8.400000000000000000e+01 5.113197955786165372e-03 5.325332228122956618e-03 5.326153025349043314e-03 4.688108613886497050e-03
8.500000000000000000e+01 5.131522582967494930e-03 5.321136103955092546e-03 5.361428738735474382e-03 4.712002906211917863e-03
8.600000000000000000e+01 5.152600441467466118e-03 5.327182272729416058e-03 5.579012882177861524e-03 4.551606169495119904e-03
8.700000000000000000e+01 5.104645513848073135e-03 5.260828117049532772e-03 5.305658643639358379e-03 4.747449780855329989e-03
8.800000000000000000e+01 5.063736457364208243e-03 5.155002809450843701e-03 5.385319493363707917e-03 4.650887069278072244e-03
8.900000000000000000e+01 5.031655125209693637e-03 5.122073987461968521e-03 5.509291791175958443e-03 4.463599596991155681e-03
9.000000000000000000e+01 5.044509343314893847e-03 5.156004974363394278e-03 5.509224258138373589e-03 4.468298797442912806e-03
9.100000000000000000e+01 5.049992509443022165e-03 5.253864549132131710e-03 5.413084223114779554e-03 4.483028756082156098e-03
9.200000000000000000e+01 4.925730337779459476e-03 5.225338470561385375e-03 5.269956126413429323e-03 4.281896416363562864e-03
9.300000000000000000e+01 4.985032864493981093e-03 5.222176504722948580e-03 5.248350998175895822e-03 4.484571090583098010e-03
9.400000000000000000e+01 5.021117257489558609e-03 5.233660129257442645e-03 5.286702184820031569e-03 4.542989458391201614e-03
9.500000000000000000e+01 5.136511223784113490e-03 5.366000421556951783e-03 5.340184442280924114e-03 4.703348807514464575e-03
9.600000000000000000e+01 5.091369237020052993e-03 5.374842210874588959e-03 5.364390537857382027e-03 4.534874962328188860e-03
9.700000000000000000e+01 4.912025638600280714e-03 5.158321509221588073e-03 5.148249026140696953e-03 4.429506380438556247e-03
9.800000000000000000e+01 5.072381244584028316e-03 5.351520735107404871e-03 5.352193972860633080e-03 4.513429025784046998e-03
9.900000000000000000e+01 5.034139377655102478e-03 5.213753236735398436e-03 5.419565569051641198e-03 4.469099327178267800e-03
1.000000000000000000e+02 5.000644901139797600e-03 5.182627622491596878e-03 5.270922567351058428e-03 4.548384513576737495e-03
