# delays[ps] pumped_signal, blocked_signal, pumped_reference, blocked_reference
-2.000000000000000000e+01 2.403929228549906566e-02 2.403328649847633058e-02 3.509627921307460596e+00 3.507828981832816329e+00
-1.800000000000000000e+01 2.426110601811905243e-02 2.411248280961316229e-02 3.511264221527153673e+00 3.511662846979219488e+00
-1.600000000000000000e+01 2.373267684065726718e-02 2.375045397010923723e-02 3.514135399272027005e+00 3.515234060108499037e+00
-1.400000000000000000e+01 2.418991742309294785e-02 2.389707524967995753e-02 3.521478494184297148e+00 3.510827240816693173e+00
-1.200000000000000000e+01 2.407164345804548716e-02 2.405202455390606162e-02 3.513615775380094952e+00 3.514854412102575321e+00
-1.000000000000000000e+01 2.383533575957478071e-02 2.396554122140760398e-02 3.512815641460138583e+00 3.515980220477105345e+00
-8.000000000000000000e+00 2.410655709962187393e-02 2.392021754884800580e-02 3.516554856832303511e+00 3.510782797169516911e+00
-6.000000000000000000e+00 2.388810660782327011e-02 2.359838744372643599e-02 3.515981101664834352e+00 3.510777912535779421e+00
-4.000000000000000000e+00 2.407997148270115198e-02 2.423668248434880657e-02 3.522567467426498400e+00 3.526733333424886041e+00
-2.000000000000000000e+00 2.388930776518213839e-02 2.381924025035531134e-02 3.521585158077238376e+00 3.518271796142899088e+00
-1.899999999999999911e+00 2.438987009108887702e-02 2.436680786907577043e-02 3.527749755092956629e+00 3.527885086261206560e+00
-1.800000000000000044e+00 2.423235831773350168e-02 2.424549097199774073e-02 3.528319987312914296e+00 3.524469784868009992e+00
-1.699999999999999956e+00 2.408501634373260564e-02 2.394504146842585737e-02 3.518677227462154278e+00 3.515161188832428785e+00
-1.600000000000000089e+00 2.413882819511712838e-02 2.400173609754352108e-02 3.515393973911294712e+00 3.511131614470148765e+00
-1.500000000000000000e+00 2.408493626649496969e-02 2.420809493823486425e-02 3.511321077952373138e+00 3.514689453548916376e+00
-1.399999999999999911e+00 2.378624846054636088e-02 2.371818287474977346e-02 3.511967942698655865e+00 3.509107498546135684e+00
-1.300000000000000044e+00 2.403929228545259589e-02 2.410463524795107906e-02 3.510504528320473661e+00 3.510462727163718988e+00
-1.199999999999999956e+00 2.394135791909668062e-02 2.392622333590732620e-02 3.510107744636189242e+00 3.510134089664156409e+00
-1.100000000000000089e+00 2.418054839535462019e-02 2.404505784097782373e-02 3.511113276007681971e+00 3.510609509405235862e+00
-1.000000000000000000e+00 2.423996564784139385e-02 2.411752767071652023e-02 3.519683000074274926e+00 3.520353006146459851e+00
-9.000000000000000222e-01 2.401534921473474221e-02 2.374428802885743262e-02 3.515016568712832079e+00 3.510363752160530204e+00
-8.000000000000000444e-01 2.399741193091254124e-02 2.394303953945961863e-02 3.516274664822089058e+00 3.514608735186742550e+00
-6.999999999999999556e-01 2.414227151298539709e-02 2.399076552658946024e-02 3.514632117064722561e+00 3.506888233944647659e+00
-5.999999999999999778e-01 2.409630722329377320e-02 2.392510225562559725e-02 3.510912601842493874e+00 3.510562825109625251e+00
-5.000000000000000000e-01 2.394303953932217302e-02 2.401278674559362974e-02 3.496041911296556393e+00 3.498480266520777704e+00
-4.000000000000000222e-01 2.417606407438997046e-02 2.382036133073441725e-02 3.510536799371651195e+00 3.502220440558873715e+00
-2.999999999999999889e-01 2.385471443216891779e-02 2.388642498748489579e-02 3.502734137311839024e+00 3.499516387615407620e+00
-2.000000000000000111e-01 2.406747944571265008e-02 2.380050219500465247e-02 3.509743712703410790e+00 3.505721665947421961e+00
-1.000000000000000056e-01 2.458309627753155896e-02 2.425710216009745873e-02 3.516056292920492155e+00 3.514238216314763630e+00
-0.000000000000000000e+00 2.470201085979002731e-02 2.413522472296627044e-02 3.517853070461405718e+00 3.517013699060699938e+00
1.000000000000000056e-01 2.505555152011834652e-02 2.417982770093116129e-02 3.519115250018658880e+00 3.517964217442923758e+00
2.000000000000000111e-01 2.496466394372468672e-02 2.393823490990010933e-02 3.514960514687252680e+00 3.514126908821870732e+00
2.999999999999999889e-01 2.464643731090670684e-02 2.364491227354011821e-02 3.509786393282133599e+00 3.509995796269146595e+00
4.000000000000000222e-01 2.520225287681880644e-02 2.381875978748446837e-02 3.517366999737524758e+00 3.510658196340883830e+00
5.000000000000000000e-01 2.505587182879099109e-02 2.368246846148627446e-02 3.521879440890813395e+00 3.518141749906559923e+00
5.999999999999999778e-01 2.528104880189043988e-02 2.409342444547247358e-02 3.506561117645185632e+00 3.512643234892109945e+00
6.999999999999999556e-01 2.532292915652345489e-02 2.386680608327875278e-02 3.521152418994691224e+00 3.512456094676498441e+00
8.000000000000000444e-01 2.523076034564427153e-02 2.401815191529261401e-02 3.512941843450411827e+00 3.515238144065479187e+00
9.000000000000000222e-01 2.473236010323213996e-02 2.348131463614252026e-02 3.508736099294831767e+00 3.505222943969547700e+00
1.000000000000000000e+00 2.533085679529792703e-02 2.386792716356677876e-02 3.514084628092294604e+00 3.508059045096067141e+00
1.100000000000000089e+00 2.520521573173230626e-02 2.403552865900240865e-02 3.509271816141924294e+00 3.515057087491109122e+00
1.199999999999999956e+00 2.527936718162347371e-02 2.374869227268923064e-02 3.513407974005817724e+00 3.512297700624252617e+00
1.300000000000000044e+00 2.590180694427068886e-02 2.451430999721438200e-02 3.514913910839353228e+00 3.517376850539740474e+00
1.399999999999999911e+00 2.639179908481599154e-02 2.479786321991256717e-02 3.515222449163197815e+00 3.518803910585196260e+00
1.500000000000000000e+00 2.595329655809139671e-02 2.438866893361640864e-02 3.517599866222077321e+00 3.519185718971349797e+00
1.600000000000000089e+00 2.615541130931352265e-02 2.460808035134751104e-02 3.529385096352703588e+00 3.531416500571757489e+00
1.699999999999999956e+00 2.589267814816277949e-02 2.422571191349303862e-02 3.521629199571409963e+00 3.522059775762071521e+00
1.800000000000000044e+00 2.593952328663897550e-02 2.418495263917327595e-02 3.531825215051088929e+00 3.530005455246401969e+00
1.899999999999999911e+00 2.573420544906284552e-02 2.415716586472091074e-02 3.527970768779761901e+00 3.528755687642914918e+00
2.000000000000000000e+00 2.594857200557753804e-02 2.424220780840505296e-02 3.521282946163866168e+00 3.527738224108635912e+00
2.100000000000000089e+00 2.608045908777168603e-02 2.426094586376087783e-02 3.521081470653399048e+00 3.517516745039051429e+00
2.200000000000000178e+00 2.575910944575237477e-02 2.393118811985128422e-02 3.529292366728846719e+00 3.529266020467089149e+00
2.299999999999999822e+00 2.625454683313679927e-02 2.447475188044853298e-02 3.523166204305461680e+00 3.520945899375668375e+00
2.399999999999999911e+00 2.624733988869216647e-02 2.440180158789091378e-02 3.520673396328063198e+00 3.521561774008488577e+00
2.500000000000000000e+00 2.633510445578849529e-02 2.431691979843801990e-02 3.520228806020566203e+00 3.513265195947099517e+00
2.600000000000000089e+00 2.631044069057080631e-02 2.477319945488885497e-02 3.531918904714274721e+00 3.531262590274081958e+00
2.700000000000000178e+00 2.629914981111342379e-02 2.457468817565698280e-02 3.537567404549598393e+00 3.535827404545297981e+00
2.799999999999999822e+00 2.628377499644155707e-02 2.474941653843083789e-02 3.538042344264693995e+00 3.535025026811196014e+00
2.899999999999999911e+00 2.624333603075280907e-02 2.466453474906016990e-02 3.534233381856812350e+00 3.533019408131033767e+00
3.000000000000000000e+00 2.632381357619457615e-02 2.459967224969498295e-02 3.529316789959553002e+00 3.531723595887970912e+00
3.100000000000000089e+00 2.614820436494145334e-02 2.447787488961390007e-02 3.528752164159771887e+00 3.529170168295825416e+00
3.200000000000000178e+00 2.639892595212581239e-02 2.479385936200907345e-02 3.518523797612972182e+00 3.517110433353247689e+00
3.299999999999999822e+00 2.638387144594146402e-02 2.465740788179367204e-02 3.514341116845828061e+00 3.515969089147063187e+00
3.399999999999999911e+00 2.625134374664975928e-02 2.453240743541127908e-02 3.511911888194278575e+00 3.517010015294157022e+00
3.500000000000000000e+00 2.636801616841259396e-02 2.449012669501012332e-02 3.521758204924685387e+00 3.517698441157092848e+00
3.600000000000000089e+00 2.654851008645202695e-02 2.487705953104654005e-02 3.535780077369686136e+00 3.538106005535754051e+00
3.700000000000000178e+00 2.617158689555332610e-02 2.455747158644333572e-02 3.529550856379513935e+00 3.535524710515639324e+00
3.799999999999999822e+00 2.580659520146034655e-02 2.395729327388027713e-02 3.524936957170595520e+00 3.527029059269279010e+00
3.899999999999999911e+00 2.623028345360836275e-02 2.426166655820599996e-02 3.518883346249327637e+00 3.517128290401868806e+00
4.000000000000000000e+00 2.577600572641340279e-02 2.387793680858077069e-02 3.526651173854158383e+00 3.520187646867124265e+00
4.500000000000000000e+00 2.585223918245264582e-02 2.405186439959592151e-02 3.530148794142283108e+00 3.530572723794950907e+00
5.000000000000000000e+00 2.567078433848745886e-02 2.370224751996694718e-02 3.529423373306265876e+00 3.523904119356257247e+00
5.500000000000000000e+00 2.621835195680423045e-02 2.448796461175417952e-02 3.529728868571429423e+00 3.532727046532007531e+00
6.000000000000000000e+00 2.632357334479308239e-02 2.454505962672926325e-02 3.530623172054462966e+00 3.535185821713672905e+00
6.500000000000000000e+00 2.620658061440343453e-02 2.407580747032865218e-02 3.534225213491278161e+00 3.525174066586127530e+00
7.000000000000000000e+00 2.617478998196866302e-02 2.439283294598447449e-02 3.526416546216994075e+00 3.521342442980289533e+00
7.500000000000000000e+00 2.607149044594671977e-02 2.418823580272123561e-02 3.525968112652392072e+00 3.519597635765172594e+00
8.000000000000000000e+00 2.587698302485993279e-02 2.421386049380947966e-02 3.517134535912944227e+00 3.520385517835495026e+00
8.500000000000000000e+00 2.652144400651305217e-02 2.478617195469287951e-02 3.536044893225623209e+00 3.532950781915489724e+00
9.000000000000000000e+00 2.633702630752631640e-02 2.461360567544644204e-02 3.532026690316681261e+00 3.527383561609199081e+00
9.500000000000000000e+00 2.596002303947178569e-02 2.439275286882858912e-02 3.530158003773677500e+00 3.531639915108765404e+00
1.000000000000000000e+01 2.591862314792001826e-02 2.417526330284805111e-02 3.527738384617574496e+00 3.526359612257965015e+00
1.050000000000000000e+01 2.564523972447457431e-02 2.400357787216084518e-02 3.525363129550704855e+00 3.524900201998248050e+00
1.100000000000000000e+01 2.596066365678435447e-02 2.414995892036978301e-02 3.530793417526362443e+00 3.529596099899421802e+00
1.150000000000000000e+01 2.562161696235579905e-02 2.402944279482908257e-02 3.522185337118818982e+00 3.522769902622587601e+00
1.200000000000000000e+01 2.607213106325824772e-02 2.429866220604833676e-02 3.534614949777326931e+00 3.528018735419786722e+00
1.250000000000000000e+01 2.582573364252555709e-02 2.440708668030081713e-02 3.526217156023522925e+00 3.529933788352777047e+00
1.300000000000000000e+01 2.554682489521485286e-02 2.380098265803469101e-02 3.530247289452995041e+00 3.528057013128924169e+00
1.350000000000000000e+01 2.558358031156000856e-02 2.401454844315868004e-02 3.516469572986649528e+00 3.522430694836603760e+00
1.400000000000000000e+01 2.571306507879445730e-02 2.400966373630397666e-02 3.525868338185615514e+00 3.519396723846047070e+00
1.450000000000000000e+01 2.542598846114178454e-02 2.393887552710449382e-02 3.524912374142580074e+00 3.526217235350756596e+00
1.500000000000000000e+01 2.504946565598746566e-02 2.359398319992871140e-02 3.528037393179832115e+00 3.530457893308044603e+00
1.550000000000000000e+01 2.581764584953237518e-02 2.442126033768930032e-02 3.534915642537344027e+00 3.535191428238605216e+00
1.600000000000000000e+01 2.562714228644841219e-02 2.412921893596295386e-02 3.535036078109917490e+00 3.530573925515920752e+00
1.650000000000000000e+01 2.561657210138576501e-02 2.404425706948799119e-02 3.538430638520107863e+00 3.532602205022473019e+00
1.700000000000000000e+01 2.588643212975006228e-02 2.478497079739686026e-02 3.535936949605285928e+00 3.541740557430823610e+00
1.750000000000000000e+01 2.564884319677949304e-02 2.420777462967436608e-02 3.535628730522419438e+00 3.529310704600908011e+00
1.800000000000000000e+01 2.574749825758437805e-02 2.455875282102396723e-02 3.532016680029943956e+00 3.532464311757883557e+00
1.850000000000000000e+01 2.570449682287434187e-02 2.430899215961543694e-02 3.530790374546053378e+00 3.536476270196875049e+00
1.900000000000000000e+01 2.595081416619104270e-02 2.459350630831321632e-02 3.541645426767349836e+00 3.535794972460196917e+00
1.950000000000000000e+01 2.563306799633559632e-02 2.447955651007285155e-02 3.536271592469248048e+00 3.541330081418998965e+00
2.000000000000000000e+01 2.556892619128329006e-02 2.416861689857381645e-02 3.536042090882940858e+00 3.536072439817844248e+00
2.050000000000000000e+01 2.571634824239119391e-02 2.455154587660781165e-02 3.531462865099051385e+00 3.532439008163823946e+00
2.100000000000000000e+01 2.560375975571942825e-02 2.423227824060850827e-02 3.530167693454131062e+00 3.526259275196969245e+00
2.150000000000000000e+01 2.571370569621310789e-02 2.465804849908124347e-02 3.534088922770791008e+00 3.534459120888863382e+00
2.200000000000000000e+01 2.532437054540348162e-02 2.414931830308999008e-02 3.539800763109619552e+00 3.542913771569900838e+00
2.250000000000000000e+01 2.533974536011174977e-02 2.410903949168936508e-02 3.535239315048713582e+00 3.532181799151448143e+00
2.300000000000000000e+01 2.519904979039402221e-02 2.406739936861950618e-02 3.532224641795825626e+00 3.533445900798041439e+00
2.350000000000000000e+01 2.514131415818416510e-02 2.384062085212996368e-02 3.539052601271708731e+00 3.532906260094445194e+00
2.400000000000000000e+01 2.556356102151635321e-02 2.442534427281176437e-02 3.541323597085339170e+00 3.540632527584762546e+00
2.450000000000000000e+01 2.573708822683447306e-02 2.462433601487429638e-02 3.548123768038432768e+00 3.546154984972335278e+00
2.500000000000000000e+01 2.584687401285684638e-02 2.468287241863512810e-02 3.554509460332714088e+00 3.550636757031341961e+00
2.550000000000000000e+01 2.564740180800264072e-02 2.460607842247438184e-02 3.556184118271008554e+00 3.555527884461990862e+00
2.600000000000000000e+01 2.555763531180878928e-02 2.450662259000530030e-02 3.542928265950705313e+00 3.542884783715197550e+00
2.650000000000000000e+01 2.561352916936606577e-02 2.460135387003043600e-02 3.545518210303737927e+00 3.543651044589990029e+00
2.700000000000000000e+01 2.553937771942066740e-02 2.459254538240817495e-02 3.537175265497745968e+00 3.538029531074939005e+00
2.750000000000000000e+01 2.547851907802657287e-02 2.453945422537519294e-02 3.540364027363731125e+00 3.538655337523841649e+00
2.800000000000000000e+01 2.548364401617779496e-02 2.454786232727234480e-02 3.531007063932443568e+00 3.534526865308997845e+00
2.850000000000000000e+01 2.574917987795249594e-02 2.471898721770988960e-02 3.544180116625832877e+00 3.546263730340537990e+00
2.900000000000000000e+01 2.554778582115564689e-02 2.456003405549827753e-02 3.537969152986114363e+00 3.535944637197904417e+00
2.950000000000000000e+01 2.557068788883153088e-02 2.470241124558780754e-02 3.538523449244286745e+00 3.542219020765347004e+00
3.000000000000000000e+01 2.516525722893797612e-02 2.435215374876494726e-02 3.530973752783453712e+00 3.535399228890208967e+00
3.050000000000000000e+01 2.531988622455434712e-02 2.446274030634648308e-02 3.540152944179813854e+00 3.540473894328556970e+00
3.100000000000000000e+01 2.502271988462258234e-02 2.393094788830077771e-02 3.530804228294065261e+00 3.529621725252516828e+00
3.150000000000000000e+01 2.520097164226129186e-02 2.429361734496052194e-02 3.537950335051455397e+00 3.535544249801573446e+00
3.200000000000000000e+01 2.517038216720306892e-02 2.455570988891509626e-02 3.539655342634957513e+00 3.545564013412016546e+00
3.250000000000000000e+01 2.539483844607305293e-02 2.448660330006848657e-02 3.533405461538249082e+00 3.532328901204738525e+00
3.300000000000000000e+01 2.532076707327952925e-02 2.458838137010314201e-02 3.534211040804259962e+00 3.535024786573713662e+00
3.350000000000000000e+01 2.511857224485646023e-02 2.431948226753338424e-02 3.529362194472332348e+00 3.528596414478079257e+00
3.400000000000000000e+01 2.536088573027282106e-02 2.469344260372472941e-02 3.536927025622455201e+00 3.537579977430418410e+00
3.450000000000000000e+01 2.476142811242404082e-02 2.395737335101704932e-02 3.533767650868820720e+00 3.533736983662058240e+00
3.500000000000000000e+01 2.464475569060947321e-02 2.386208153090539630e-02 3.532457985989065463e+00 3.533004274496598374e+00
3.550000000000000000e+01 2.455899305240159813e-02 2.395064686965164141e-02 3.528283872429066825e+00 3.535157314912341420e+00
3.600000000000000000e+01 2.453224728111521105e-02 2.403256580411359394e-02 3.531059354265881911e+00 3.534626322075208105e+00
3.650000000000000000e+01 2.473043825145641514e-02 2.417374183676029853e-02 3.533351250607234650e+00 3.534555694614301302e+00
3.700000000000000000e+01 2.432724975205310253e-02 2.372987414016677205e-02 3.535895308331338249e+00 3.534116549020211107e+00
3.750000000000000000e+01 2.445505289903201346e-02 2.386544477169985287e-02 3.536859040583646863e+00 3.537077891624054171e+00
3.800000000000000000e+01 2.470457332895817718e-02 2.403200526398357670e-02 3.537567564287973365e+00 3.536458092820582433e+00
3.850000000000000000e+01 2.443303168014075710e-02 2.372450897038001424e-02 3.529594978908752623e+00 3.524543296378066959e+00
3.900000000000000000e+01 2.445321112431108126e-02 2.394327977092596330e-02 3.531182514082408463e+00 3.531524605102104974e+00
3.950000000000000000e+01 2.426639111059949311e-02 2.391709453976264763e-02 3.527673682367346686e+00 3.533503476336078197e+00
4.000000000000000000e+01 2.513410721388733421e-02 2.431251555464935404e-02 3.545283822989892197e+00 3.544228724069856007e+00
4.050000000000000000e+01 2.465108178621462642e-02 2.421289956793961501e-02 3.530993930971008776e+00 3.536501333981505013e+00
4.100000000000000000e+01 2.428657055484232871e-02 2.381547662390894396e-02 3.528150704264716442e+00 3.530720627309202442e+00
4.150000000000000000e+01 2.424244803985674615e-02 2.379633818278462098e-02 3.530014104343862424e+00 3.537910455902994578e+00
4.200000000000000000e+01 2.486496787987863694e-02 2.430362698990913214e-02 3.539239580974908872e+00 3.535760619620238465e+00
4.250000000000000000e+01 2.451703262070162662e-02 2.398067580460357812e-02 3.532254990068437017e+00 3.533451746638268887e+00
4.300000000000000000e+01 2.449397039864311537e-02 2.393871537283205272e-02 3.529258173605108517e+00 3.526830707457278447e+00
4.350000000000000000e+01 2.470096985673371839e-02 2.419336074097481679e-02 3.537452493590532043e+00 3.537822691554644905e+00
4.400000000000000000e+01 2.461184397783372849e-02 2.422683299369597296e-02 3.539844646356101077e+00 3.541367478080406528e+00
4.450000000000000000e+01 2.460535772793276746e-02 2.403697004795408640e-02 3.545952308745766057e+00 3.543449009414644024e+00
4.500000000000000000e+01 2.438530569294030184e-02 2.386672600615387038e-02 3.537149001375808233e+00 3.542392789049378710e+00
4.550000000000000000e+01 2.473308079774744900e-02 2.414811714557754674e-02 3.537354158550603422e+00 3.534770221416876357e+00
4.600000000000000000e+01 2.454626078394762240e-02 2.420849532420318515e-02 3.529356909395763076e+00 3.534300807053476934e+00
4.650000000000000000e+01 2.467686663164082167e-02 2.407668831920460953e-02 3.539112738017960336e+00 3.539238619477103498e+00
4.700000000000000000e+01 2.427720152714915244e-02 2.386144091372578019e-02 3.530505219278021301e+00 3.527380919477094867e+00
4.750000000000000000e+01 2.415956817944380289e-02 2.366260932592200578e-02 3.538229164160121343e+00 3.533066975314208324e+00
4.800000000000000000e+01 2.444504325412788850e-02 2.385191173170132448e-02 3.539925123498808723e+00 3.535368319569628603e+00
4.850000000000000000e+01 2.394319969366406203e-02 2.347827170402862901e-02 3.519718634902719412e+00 3.522812905694869379e+00
4.900000000000000000e+01 2.440588552284241042e-02 2.403584896768211354e-02 3.529390782642090496e+00 3.531569047013756180e+00
4.950000000000000000e+01 2.443895738994286346e-02 2.394319969372801088e-02 3.529061663956875261e+00 3.528325353068853865e+00
5.000000000000000000e+01 2.460287533594572584e-02 2.426454933595849697e-02 3.532754512819689996e+00 3.535052494793835542e+00
5.050000000000000000e+01 2.422859469116646347e-02 2.394239892219057753e-02 3.527763849195495460e+00 3.528407751431176909e+00
5.100000000000000000e+01 2.427624060125788130e-02 2.391333091323560520e-02 3.522144017270868233e+00 3.523698239733638715e+00
5.150000000000000000e+01 2.456163559869972354e-02 2.408389526353947249e-02 3.533615504645628569e+00 3.529807505087254604e+00
5.200000000000000000e+01 2.450566166401035514e-02 2.419608336436560730e-02 3.528215966244581114e+00 3.530517230594234945e+00
5.250000000000000000e+01 2.451222799110914022e-02 2.402327685354317677e-02 3.530796060242410217e+00 3.527887569180897742e+00
5.300000000000000000e+01 2.501198954517879283e-02 2.456555937950148996e-02 3.530208613036871501e+00 3.526443453715600640e+00
5.350000000000000000e+01 2.481804266421728730e-02 2.459494769727874758e-02 3.531303591171968126e+00 3.535375925784759676e+00
5.400000000000000000e+01 2.453496990449161724e-02 2.410135208429501491e-02 3.528678172554052139e+00 3.526716357028572002e+00
5.450000000000000000e+01 2.462898049008651127e-02 2.424204765407485598e-02 3.526550997516049613e+00 3.526775054663168429e+00
5.500000000000000000e+01 2.524581485172939371e-02 2.508133636570571839e-02 3.529431861375902368e+00 3.536029517593323401e+00
5.550000000000000000e+01 2.479137697006312743e-02 2.447843542977993017e-02 3.539965723001430753e+00 3.536723548389248961e+00
5.600000000000000000e+01 2.437553627931994538e-02 2.389771586700598083e-02 3.522983950089591865e+00 3.520332186657049167e+00
5.650000000000000000e+01 2.450261873198158330e-02 2.422659276226116903e-02 3.534362307069522924e+00 3.528705399849059621e+00
5.700000000000000000e+01 2.428040461358727323e-02 2.407084268651112080e-02 3.521939099991512556e+00 3.528801250674319157e+00
5.750000000000000000e+01 2.412809785564536819e-02 2.371586063717789558e-02 3.523137218544860172e+00 3.522927094182293217e+00
5.800000000000000000e+01 2.440188166498695119e-02 2.405154409096601706e-02 3.534819068000750519e+00 3.532197975245448873e+00
5.850000000000000000e+01 2.470609479501180081e-02 2.440860814638480883e-02 3.533264284824632284e+00 3.533121987710542200e+00
5.900000000000000000e+01 2.474741460937686724e-02 2.452568095400699949e-02 3.535327719500047650e+00 3.535004927909379813e+00
5.950000000000000000e+01 2.467630609156253388e-02 2.443479337772173215e-02 3.528778749829021066e+00 3.532667228996691833e+00
6.000000000000000000e+01 2.461312521239277309e-02 2.433269499896797278e-02 3.536436712102865254e+00 3.539849450158172317e+00
6.050000000000000000e+01 2.482629061172604568e-02 2.457316670983067386e-02 3.534526145557093990e+00 3.544700218039039008e+00
6.100000000000000000e+01 2.469480391539610395e-02 2.429281657336428146e-02 3.537009906157759787e+00 3.534845253516107899e+00
6.150000000000000000e+01 2.462946095298242447e-02 2.431011323989306847e-02 3.529253849312686153e+00 3.530265787546051026e+00
6.200000000000000000e+01 2.458013342266991696e-02 2.419328066384766190e-02 3.531949013790395941e+00 3.530892072552963334e+00
6.250000000000000000e+01 2.418078862679575239e-02 2.389891702436833590e-02 3.521986826158968853e+00 3.523529997814878634e+00
6.300000000000000000e+01 2.418551317920637767e-02 2.393254943154649733e-02 3.530496971420952868e+00 3.529713573915391756e+00
6.350000000000000000e+01 2.409830915227745285e-02 2.380562713321286369e-02 3.538305317791419657e+00 3.532400891512283092e+00
6.400000000000000000e+01 2.411800813351629505e-02 2.393647321230243583e-02 3.536409645929224244e+00 3.538710029269763524e+00
6.450000000000000000e+01 2.407092276365356900e-02 2.389291123749717402e-02 3.540993515663751090e+00 3.544861173802215770e+00
6.500000000000000000e+01 2.444600418001129788e-02 2.402287646776188335e-02 3.545814736115604937e+00 3.542226788498730183e+00
6.550000000000000000e+01 2.413690634328844245e-02 2.380971106851964558e-02 3.546844451800792442e+00 3.545297115581196312e+00
6.600000000000000000e+01 2.431099408869505374e-02 2.405322571138854282e-02 3.551014001256585395e+00 3.551776017309834277e+00
6.650000000000000000e+01 2.442142049199506892e-02 2.431732018426212283e-02 3.550199614436653217e+00 3.553249923068319660e+00
6.700000000000000000e+01 2.471073927023611713e-02 2.430674999921973375e-02 3.546600615816849711e+00 3.546606540581594746e+00
6.750000000000000000e+01 2.436032161909627153e-02 2.397122669974542306e-02 3.538867300537398286e+00 3.532892726356735125e+00
6.800000000000000000e+01 2.450790382453405664e-02 2.421770419748822331e-02 3.536900279609307418e+00 3.530888309641693201e+00
6.850000000000000000e+01 2.454890333032268626e-02 2.424661205227281180e-02 3.540229417606728823e+00 3.542484556543962437e+00
6.900000000000000000e+01 2.403144472388487468e-02 2.371057554469540793e-02 3.539648455918174452e+00 3.537906453018105690e+00
6.950000000000000000e+01 2.378993200990177359e-02 2.373155576051448959e-02 3.529612035873419984e+00 3.535072833761276456e+00
7.000000000000000000e+01 2.405779010939937054e-02 2.408357495490050584e-02 3.536753338326616980e+00 3.544752349516517409e+00
7.050000000000000000e+01 2.452455987380056796e-02 2.442334234387855477e-02 3.547386014334543702e+00 3.549384106192341459e+00
7.100000000000000000e+01 2.435928061597964281e-02 2.415124015492238832e-02 3.540585362383304346e+00 3.541396065373985991e+00
7.150000000000000000e+01 2.415340223818985763e-02 2.395032656105703164e-02 3.536145870624992416e+00 3.531967912792993936e+00
7.200000000000000000e+01 2.436400516842740505e-02 2.406747944576601711e-02 3.540309735532568780e+00 3.533731217177206396e+00
7.250000000000000000e+01 2.394039699325490808e-02 2.368318915598119703e-02 3.533784787914444614e+00 3.532545990547503401e+00
7.300000000000000000e+01 2.396353929238248873e-02 2.383974000334934326e-02 3.537929034367517378e+00 3.537450571853848036e+00
7.350000000000000000e+01 2.394816447771905624e-02 2.374364741162679482e-02 3.537729480921024461e+00 3.537852400263125308e+00
7.400000000000000000e+01 2.405546787176161827e-02 2.414099027847430717e-02 3.531535014273898376e+00 3.534172603948528391e+00
7.450000000000000000e+01 2.415212100362498435e-02 2.400614034133311328e-02 3.527538271947996851e+00 3.527490945671647005e+00
7.500000000000000000e+01 2.401991361286981430e-02 2.382420503428833367e-02 3.532854049242321270e+00 3.531946372610445195e+00
7.550000000000000000e+01 2.382420503429501929e-02 2.371890356921274243e-02 3.524708496562670046e+00 3.523221139131405000e+00
7.600000000000000000e+01 2.372394843029792394e-02 2.375309651642958444e-02 3.527590401452185720e+00 3.533223446721872385e+00
7.650000000000000000e+01 2.411456481561588538e-02 2.415788655916508917e-02 3.531238328321846698e+00 3.533875195752034237e+00
7.700000000000000000e+01 2.363402177990931927e-02 2.337032769270586466e-02 3.531967432090004966e+00 3.525039856637066649e+00
7.750000000000000000e+01 2.373043468033139008e-02 2.368174776716085519e-02 3.531657212628410036e+00 3.531673949025972981e+00
7.800000000000000000e+01 2.408645773257403130e-02 2.414315236177981897e-02 3.537901968743262682e+00 3.542916174417998665e+00
7.850000000000000000e+01 2.451406976587015493e-02 2.447771473530246239e-02 3.544126944999612672e+00 3.547496200854372450e+00
7.900000000000000000e+01 2.432268535396679698e-02 2.418279055583501605e-02 3.544897930239605532e+00 3.541093933668423066e+00
7.950000000000000000e+01 2.446161922622375542e-02 2.412169168292769075e-02 3.541883736573730790e+00 3.536006296136804838e+00
8.000000000000000000e+01 2.431411709788618841e-02 2.418455225333982980e-02 3.536202806488920825e+00 3.535791048876404385e+00
8.050000000000000000e+01 2.439275286873197543e-02 2.455931336122110439e-02 3.536384902598305402e+00 3.545990425172800276e+00
8.100000000000000000e+01 2.458141465723804112e-02 2.455875282104226856e-02 3.550309400390914139e+00 3.550493577795512223e+00
8.150000000000000000e+01 2.442998874809322596e-02 2.451230806833329043e-02 3.538310843283906326e+00 3.545578187967846073e+00
8.200000000000000000e+01 2.459478754290268798e-02 2.446241999779158460e-02 3.546461681518611631e+00 3.543658572338845847e+00
8.250000000000000000e+01 2.421706358020207089e-02 2.423508094118817166e-02 3.538341913299749120e+00 3.541666406892869379e+00
8.300000000000000000e+01 2.435247405744268498e-02 2.410551609667797857e-02 3.538894206761710848e+00 3.534550969256255115e+00
8.350000000000000000e+01 2.401679060360134565e-02 2.402263623625712843e-02 3.534930296167404062e+00 3.531310477850793994e+00
8.400000000000000000e+01 2.405995219276390457e-02 2.404177467754259681e-02 3.544876869900450256e+00 3.540979261973419945e+00
8.450000000000000000e+01 2.387809696283153468e-02 2.380586736478786450e-02 3.535128647823364112e+00 3.531467188552120717e+00
8.500000000000000000e+01 2.469896792783907863e-02 2.458013342271342383e-02 3.548612159068877947e+00 3.546581397287563941e+00
8.550000000000000000e+01 2.464539630779382512e-02 2.441701624815324073e-02 3.544952222150375754e+00 3.544229044152668262e+00
8.600000000000000000e+01 2.472331138430459291e-02 2.471522359118318024e-02 3.551218599097194950e+00 3.545186048362760634e+00
8.650000000000000000e+01 2.436913010672061425e-02 2.447603311495773898e-02 3.547990598962135422e+00 3.545418833590771257e+00
8.700000000000000000e+01 2.422611229928732512e-02 2.427976399631603249e-02 3.546026541724732972e+00 3.545608057127905166e+00
8.750000000000000000e+01 2.406019242421728391e-02 2.427127581745303769e-02 3.543507146770302096e+00 3.545367023526873052e+00
8.800000000000000000e+01 2.424380935161422543e-02 2.414291213030709399e-02 3.542981037268741584e+00 3.543051906081853275e+00
8.850000000000000000e+01 2.448131820752245946e-02 2.451927478120087892e-02 3.556833706386655081e+00 3.548331088634703701e+00
8.900000000000000000e+01 2.468935866856745293e-02 2.459110399350412576e-02 3.556582504049270899e+00 3.550724442998279162e+00
8.950000000000000000e+01 2.452423956518638357e-02 2.458293612332166506e-02 3.562202975809617644e+00 3.561431750618320624e+00
9.000000000000000000e+01 2.424364919729897830e-02 2.434030232912938463e-02 3.551888766890020754e+00 3.550927198211260016e+00
9.050000000000000000e+01 2.458165488875328417e-02 2.455595012046284803e-02 3.560205685223816641e+00 3.551007354689243112e+00
9.100000000000000000e+01 2.442846728210070623e-02 2.442926805372137855e-02 3.559148984462430221e+00 3.561131380549399150e+00
9.150000000000000000e+01 2.446001768302688215e-02 2.454994433341500804e-02 3.556682600836820196e+00 3.552173683070789512e+00
9.200000000000000000e+01 2.447162887121379429e-02 2.449645279075554627e-02 3.551129392465003587e+00 3.551351688034261933e+00
9.250000000000000000e+01 2.449477117036446411e-02 2.454858302174377227e-02 3.557207187619756183e+00 3.557408902606576717e+00
9.300000000000000000e+01 2.443847692705690064e-02 2.463915028946230337e-02 3.551856896518049478e+00 3.556370058554086278e+00
9.350000000000000000e+01 2.422194828697154384e-02 2.433333561624610036e-02 3.548001410090495522e+00 3.548981397118192049e+00
9.400000000000000000e+01 2.414387305621207985e-02 2.430827146533631050e-02 3.555223189731098188e+00 3.558679890219780706e+00
9.450000000000000000e+01 2.463899013510027075e-02 2.469112036615726466e-02 3.565494397677007044e+00 3.565058056321312563e+00
9.500000000000000000e+01 2.438642677327289635e-02 2.430859177394933957e-02 3.561497093629895527e+00 3.554914331332326594e+00
9.550000000000000000e+01 2.486192494791991670e-02 2.493503539478318654e-02 3.566922178634651441e+00 3.567382302964369423e+00
9.600000000000000000e+01 2.477247876038783658e-02 2.497739621232705071e-02 3.560472024110281186e+00 3.562359847895463005e+00
9.650000000000000000e+01 2.449541178767927416e-02 2.447050779090687370e-02 3.564704273987945093e+00 3.560573402623806061e+00
9.700000000000000000e+01 2.454610062984056290e-02 2.462537701805946749e-02 3.568993700286180903e+00 3.565357064931518050e+00
9.750000000000000000e+01 2.428793186668166612e-02 2.436360478268269347e-02 3.556262994448139647e+00 3.555017711152687720e+00
9.800000000000000000e+01 2.422531152773321067e-02 2.449725356230585821e-02 3.549168297950704876e+00 3.553891503322146317e+00
9.850000000000000000e+01 2.443591445795247064e-02 2.448043735873831409e-02 3.561211377656097188e+00 3.555426827357882402e+00
9.900000000000000000e+01 2.447066794531191705e-02 2.449076731236163318e-02 3.563513362623280223e+00 3.560644590257345143e+00
9.950000000000000000e+01 2.410879926027961057e-02 2.440172151076798121e-02 3.559945754996231226e+00 3.563335991706836570e+00
1.000000000000000000e+02 2.469080005753164844e-02 2.502656358845971665e-02 3.563347761965855121e+00 3.567976156281879696e+00
1.000000000000000000e+02 2.434094294650030257e-02 2.455899305254225645e-02 3.561530165594714248e+00 3.562607206572594887e+00
9.950000000000000000e+01 2.496362294081296007e-02 2.504089740000517428e-02 3.567908170385602151e+00 3.563349604558077033e+00
9.900000000000000000e+01 2.450005626300277156e-02 2.470104993391265477e-02 3.562091107984810101e+00 3.559696233738709470e+00
9.850000000000000000e+01 2.444616433433373370e-02 2.466589606078138652e-02 3.554662808675771668e+00 3.558594448785359354e+00
9.800000000000000000e+01 2.409502598877090104e-02 2.426470949032004040e-02 3.550727083692278185e+00 3.550453378812717720e+00
9.750000000000000000e+01 2.412601584964511187e-02 2.438618654177435174e-02 3.562400446501780671e+00 3.557591478254193085e+00
9.700000000000000000e+01 2.451102683385674927e-02 2.477560176969377873e-02 3.557595321961610324e+00 3.557601728905842808e+00
9.650000000000000000e+01 2.473716473305801258e-02 2.486953227813922668e-02 3.562470674505706647e+00 3.561237883357259104e+00
9.600000000000000000e+01 2.475950626062974058e-02 2.497387281725457417e-02 3.567459337053278556e+00 3.565144219947907978e+00
9.550000000000000000e+01 2.451342914858450558e-02 2.476118788089444814e-02 3.556966154834369398e+00 3.555059031872525477e+00
9.500000000000000000e+01 2.435535683522963707e-02 2.434342533842253492e-02 3.562311801375632747e+00 3.555328091305632654e+00
9.450000000000000000e+01 2.440812768355779538e-02 2.474365098295812360e-02 3.565748403378810494e+00 3.558839485258161961e+00
9.400000000000000000e+01 2.451999547571426935e-02 2.486769050341277112e-02 3.561607761536427219e+00 3.567184912074192749e+00
9.350000000000000000e+01 2.444408232833943095e-02 2.481147633732053853e-02 3.570733781483402591e+00 3.570862546187135056e+00
9.300000000000000000e+01 2.396249828937891541e-02 2.428801194388588089e-02 3.559791285945071770e+00 3.564001034563490489e+00
9.250000000000000000e+01 2.416205057155186922e-02 2.453985461134744819e-02 3.562892042637014089e+00 3.562881392125820224e+00
9.200000000000000000e+01 2.455691104633900973e-02 2.478521102895204012e-02 3.559171566551876165e+00 3.561554669005934315e+00
9.150000000000000000e+01 2.406523728534622208e-02 2.452031578438165424e-02 3.556455660833721666e+00 3.558285429651598886e+00
9.100000000000000000e+01 2.415124015497671639e-02 2.456035436426218244e-02 3.562470194297974402e+00 3.561626178407848897e+00
9.050000000000000000e+01 2.422539160489665597e-02 2.447715419530338207e-02 3.565774668703638905e+00 3.565797490560408178e+00
9.000000000000000000e+01 2.470537410057013425e-02 2.502007733855337104e-02 3.574718113852866086e+00 3.576880282901999664e+00
8.950000000000000000e+01 2.471890714061916045e-02 2.501543286322590112e-02 3.570284708335289992e+00 3.572233551084244674e+00
8.900000000000000000e+01 2.431091401149670927e-02 2.470521394617953767e-02 3.556064563716862637e+00 3.556095153695062905e+00
8.850000000000000000e+01 2.427415859518011407e-02 2.463618743453274001e-02 3.551296274012441412e+00 3.550285217272072913e+00
8.800000000000000000e+01 2.423964533933343352e-02 2.440972922670226267e-02 3.548754537760503869e+00 3.545028776610964716e+00
8.750000000000000000e+01 2.384782779657010701e-02 2.429457827097129125e-02 3.561226031710137629e+00 3.562507350460143218e+00
8.700000000000000000e+01 2.375061412462463328e-02 2.413562510880620793e-02 3.562624583592073790e+00 3.560626892793924636e+00
8.650000000000000000e+01 2.359622536050632463e-02 2.393375058893110197e-02 3.553175450292247906e+00 3.551138522505764783e+00
8.600000000000000000e+01 2.352063252162654716e-02 2.386688616057814141e-02 3.554059666191642375e+00 3.552817745209930322e+00
8.550000000000000000e+01 2.338354042409875738e-02 2.374685049811090659e-02 3.549373375838120293e+00 3.553607948081194845e+00
8.500000000000000000e+01 2.365684377053727666e-02 2.382532611459491773e-02 3.554144066247075795e+00 3.544814009628361351e+00
8.450000000000000000e+01 2.336968707546164745e-02 2.390372165400464488e-02 3.544695654689604236e+00 3.548628976469098362e+00
8.400000000000000000e+01 2.320913237001116444e-02 2.352335514511973147e-02 3.548073159445652713e+00 3.550513678280621033e+00
8.350000000000000000e+01 2.372643082227257963e-02 2.433373600200683731e-02 3.554800062007039241e+00 3.558242909648466679e+00
8.300000000000000000e+01 2.402399754806668758e-02 2.461456660144730954e-02 3.560671976699419261e+00 3.563241660181884374e+00
8.250000000000000000e+01 2.389707524980091286e-02 2.432708959779953523e-02 3.550725963451935030e+00 3.547641221637623854e+00
8.200000000000000000e+01 2.338674351044635683e-02 2.394712347465318206e-02 3.549099032064658932e+00 3.549352397013854077e+00
8.150000000000000000e+01 2.373387799811817536e-02 2.424653197510508520e-02 3.559507171160738448e+00 3.558862948288441519e+00
8.100000000000000000e+01 2.372050511243543186e-02 2.428344754568080577e-02 3.552149659918608648e+00 3.557115740155386341e+00
8.050000000000000000e+01 2.372010472676735343e-02 2.424901436693225124e-02 3.554171853790327074e+00 3.551215317360616019e+00
8.000000000000000000e+01 2.372210665564498250e-02 2.419183927486440525e-02 3.550147164768527208e+00 3.545385762150113695e+00
7.950000000000000000e+01 2.348828134916837798e-02 2.372731167101273936e-02 3.546770700319213709e+00 3.542625094914650052e+00
7.900000000000000000e+01 2.348651965155359317e-02 2.391605353665536213e-02 3.543501381399855266e+00 3.545242743743852731e+00
7.850000000000000000e+01 2.371017515888474564e-02 2.406323535622255025e-02 3.548798260407838079e+00 3.546194304168079459e+00
7.800000000000000000e+01 2.349076374104312054e-02 2.397603132928963210e-02 3.544092832861722719e+00 3.547398827662632481e+00
7.750000000000000000e+01 2.349132428120619814e-02 2.397218762570895584e-02 3.553612032192922765e+00 3.553250242784082857e+00
7.700000000000000000e+01 2.399436899895886210e-02 2.433854063160334480e-02 3.547481307660087513e+00 3.549470750348127535e+00
7.650000000000000000e+01 2.364579312235731701e-02 2.424140703684529372e-02 3.542723750366037372e+00 3.551514646045411450e+00
7.600000000000000000e+01 2.403745051092065835e-02 2.428809202090533373e-02 3.558652264874287319e+00 3.550033054993460446e+00
7.550000000000000000e+01 2.377311580641909561e-02 2.432540797749010997e-02 3.553569992352931806e+00 3.556053352966535464e+00
7.500000000000000000e+01 2.389987795037859519e-02 2.426543018482842443e-02 3.560332768864814756e+00 3.554238558301793027e+00
7.450000000000000000e+01 2.388810660797805949e-02 2.430194536958190862e-02 3.552390931559854970e+00 3.550628189264291912e+00
7.400000000000000000e+01 2.364339080761930847e-02 2.410479540228277484e-02 3.549618172427008833e+00 3.545358055127047603e+00
7.350000000000000000e+01 2.395921512579885643e-02 2.437457535351667676e-02 3.556402649927271398e+00 3.553854988067451259e+00
7.300000000000000000e+01 2.375814137752747801e-02 2.415604478447461526e-02 3.544986336155184770e+00 3.546285432194626441e+00
7.250000000000000000e+01 2.407100284082574690e-02 2.459895155521545085e-02 3.555510347359608581e+00 3.550492216926446343e+00
7.200000000000000000e+01 2.387217125305029705e-02 2.438610646461008072e-02 3.545134640738867304e+00 3.551908866409554388e+00
7.150000000000000000e+01 2.405859088103923238e-02 2.466741752682887617e-02 3.552075026633201738e+00 3.553605866678459346e+00
7.100000000000000000e+01 2.422619237652026344e-02 2.477760369867602550e-02 3.548978834467529708e+00 3.552679851751789020e+00
7.050000000000000000e+01 2.457516863880194677e-02 2.506588147382410661e-02 3.554588416836544695e+00 3.557252992228479016e+00
7.000000000000000000e+01 2.452343879354981077e-02 2.513042366457482121e-02 3.547009250788496715e+00 3.553267941173807287e+00
6.950000000000000000e+01 2.478048647632618770e-02 2.545833963384725243e-02 3.555777887263051884e+00 3.559463208006966806e+00
6.900000000000000000e+01 2.459422700279111432e-02 2.523732667293392129e-02 3.559152587937742585e+00 3.561298902231262886e+00
6.850000000000000000e+01 2.462793948703568755e-02 2.539419782882949839e-02 3.551067653902901355e+00 3.555767156244704630e+00
6.800000000000000000e+01 2.440388359402644383e-02 2.484366735545332633e-02 3.558449828618621691e+00 3.554647674158290638e+00
6.750000000000000000e+01 2.415508385866201035e-02 2.484198573507470642e-02 3.555246732377398633e+00 3.557732255039013136e+00
6.700000000000000000e+01 2.415708578753967758e-02 2.456868238879426902e-02 3.545334352186781945e+00 3.543080093959697585e+00
6.650000000000000000e+01 2.435215374877975139e-02 2.481451926937529306e-02 3.548946723688688021e+00 3.551688492793799057e+00
6.600000000000000000e+01 2.438730762206540309e-02 2.503601269319350939e-02 3.549287692129301952e+00 3.548984599233612869e+00
6.550000000000000000e+01 2.401294690001021248e-02 2.474309044286612108e-02 3.546751001202268938e+00 3.547771506840588618e+00
6.500000000000000000e+01 2.431948226768360435e-02 2.472483285033825334e-02 3.556020520610259084e+00 3.554004011801896290e+00
6.450000000000000000e+01 2.426815280822133131e-02 2.475029738711188171e-02 3.549055788717194737e+00 3.543606122247585422e+00
6.400000000000000000e+01 2.387625518822367870e-02 2.460263510461405817e-02 3.547035676634842538e+00 3.552270174791319235e+00
6.350000000000000000e+01 2.395889481712338773e-02 2.446434184966469333e-02 3.552635088707103872e+00 3.554602990386805494e+00
6.300000000000000000e+01 2.407172353526009986e-02 2.480242761825023068e-02 3.551571340665037546e+00 3.555668740027574160e+00
6.250000000000000000e+01 2.392806511052844240e-02 2.458221542881939073e-02 3.540858826482391031e+00 3.537184154734700048e+00
6.200000000000000000e+01 2.435063228267711141e-02 2.507909420518147220e-02 3.550082781787379016e+00 3.547923654369408819e+00
6.150000000000000000e+01 2.368639224236345972e-02 2.433277507615477786e-02 3.548139783654863599e+00 3.548735399472312313e+00
6.100000000000000000e+01 2.395849443138231213e-02 2.458742044417147957e-02 3.549512710689146200e+00 3.546287353190090030e+00
6.050000000000000000e+01 2.357388383293109596e-02 2.435255413462567714e-02 3.548112797716194144e+00 3.550855608497211158e+00
6.000000000000000000e+01 2.388746599065448215e-02 2.450582181835120679e-02 3.555378299774270889e+00 3.555476715589125813e+00
5.950000000000000000e+01 2.348219548489469122e-02 2.419440174408139105e-02 3.553408237052427143e+00 3.555262187835974252e+00
5.900000000000000000e+01 2.383157213322272677e-02 2.454393854651702039e-02 3.561015508187596712e+00 3.563839038193474362e+00
5.850000000000000000e+01 2.362241059180218705e-02 2.437793859434684435e-02 3.554115399438825484e+00 3.560563070346705938e+00
5.800000000000000000e+01 2.355946994409555822e-02 2.451070652511491005e-02 3.544718397872031357e+00 3.553425051869887774e+00
5.750000000000000000e+01 2.375373713378063634e-02 2.444464286831497801e-02 3.548125290433998824e+00 3.546567223453670703e+00
5.700000000000000000e+01 2.362201020592879022e-02 2.440260235946994927e-02 3.548510942321233763e+00 3.547837410877706432e+00
5.650000000000000000e+01 2.433557777671493602e-02 2.489339527169307995e-02 3.556169464636518729e+00 3.556471356670981798e+00
5.600000000000000000e+01 2.400565987844626228e-02 2.473228002623857613e-02 3.557436288911743016e+00 3.557010597706294242e+00
5.550000000000000000e+01 2.416325172889005959e-02 2.474509237171921075e-02 3.554468861576323579e+00 3.550026327947190197e+00
5.500000000000000000e+01 2.393503182358583739e-02 2.464147252708543193e-02 3.556362931564108987e+00 3.559006366788989961e+00
5.450000000000000000e+01 2.385383358357260827e-02 2.450462066110380491e-02 3.552961803746485181e+00 3.551461553334142263e+00
5.400000000000000000e+01 2.392318040387314548e-02 2.454441900943030511e-02 3.546920285888428115e+00 3.546332276238245651e+00
5.350000000000000000e+01 2.409366467703987630e-02 2.472883670845177351e-02 3.550396365219897987e+00 3.553240953579908989e+00
5.300000000000000000e+01 2.420905586427019723e-02 2.478489072011202249e-02 3.550200415129051823e+00 3.543890317147572411e+00
5.250000000000000000e+01 2.431299601765054760e-02 2.515196442051505568e-02 3.544313606150659268e+00 3.543351475619164859e+00
5.200000000000000000e+01 2.421177848783343314e-02 2.498844686031428952e-02 3.551092237072249969e+00 3.555082092957608797e+00
5.150000000000000000e+01 2.428360770002760752e-02 2.496538463825288823e-02 3.545753076924133218e+00 3.543543742143682618e+00
5.100000000000000000e+01 2.405442686871177640e-02 2.486152456206456793e-02 3.542612842122359496e+00 3.544980009643335706e+00
5.050000000000000000e+01 2.417526330290300368e-02 2.482004459328358836e-02 3.546162592697600147e+00 3.538947619210361495e+00
5.000000000000000000e+01 2.428673070928672600e-02 2.491589695356074760e-02 3.545242022977864504e+00 3.544184520296369101e+00
4.950000000000000000e+01 2.375822145472235997e-02 2.433798009144384419e-02 3.536754939754868765e+00 3.533255638407581944e+00
4.900000000000000000e+01 2.365243952663921220e-02 2.407941094253844561e-02 3.531616533586826367e+00 3.529814231190862461e+00
4.850000000000000000e+01 2.380426582160113241e-02 2.454722170999414782e-02 3.533495949341835640e+00 3.539375311809842994e+00
4.800000000000000000e+01 2.386136083652402179e-02 2.480058584346448575e-02 3.533208551170730072e+00 3.532490418377159713e+00
4.750000000000000000e+01 2.409574668314030596e-02 2.473051832868048208e-02 3.543316320923343365e+00 3.542306866248054575e+00
4.700000000000000000e+01 2.433998202061235516e-02 2.501791525507455691e-02 3.551120183551286669e+00 3.549164054033648874e+00
4.650000000000000000e+01 2.403985282555743189e-02 2.482909331239519998e-02 3.540165277002685684e+00 3.540315020199290341e+00
4.600000000000000000e+01 2.406499705384484294e-02 2.486000309605574179e-02 3.540032267381689746e+00 3.542648876589459039e+00
4.550000000000000000e+01 2.394928555795742403e-02 2.472899686269430103e-02 3.537869137598727676e+00 3.539972929948711045e+00
4.500000000000000000e+01 2.434935104814557952e-02 2.477031667708009047e-02 3.549160531413001252e+00 3.543052867199431688e+00
4.450000000000000000e+01 2.386023975629674929e-02 2.459238522810103938e-02 3.543038773387225060e+00 3.540864272447585837e+00
4.400000000000000000e+01 2.385671636115474503e-02 2.468711650801940632e-02 3.537006863636690479e+00 3.540025141175601853e+00
4.350000000000000000e+01 2.395481088199191352e-02 2.471746575158696724e-02 3.544034295480978258e+00 3.544161859669400449e+00
4.300000000000000000e+01 2.433493715942033203e-02 2.498908747761714733e-02 3.551769692452744653e+00 3.558247232993229314e+00
4.250000000000000000e+01 2.394055714758014375e-02 2.498107976165411456e-02 3.545748351595466641e+00 3.549064837225977431e+00
4.200000000000000000e+01 2.435511660360007921e-02 2.524052975921535491e-02 3.546191420694602581e+00 3.550858571219349447e+00
4.150000000000000000e+01 2.426486964461017221e-02 2.490540684561578025e-02 3.546768459104254312e+00 3.545582832774865079e+00
4.100000000000000000e+01 2.384206224114042080e-02 2.447907604704759738e-02 3.561726195525449334e+00 3.548561151234123745e+00
4.050000000000000000e+01 2.408237379753425805e-02 2.486320618243983288e-02 3.556498263341800303e+00 3.557269889078686909e+00
4.000000000000000000e+01 2.408013163698458775e-02 2.488210439209342234e-02 3.542035084279996138e+00 3.540512333234604014e+00
3.950000000000000000e+01 2.453472967305082159e-02 2.542534784398304409e-02 3.543855963760869532e+00 3.548180222620854973e+00
3.900000000000000000e+01 2.413706649752272310e-02 2.478216809671389409e-02 3.529269625505599084e+00 3.535535520855536351e+00
3.850000000000000000e+01 2.406451659083211347e-02 2.487802045691533265e-02 3.526524492173026992e+00 3.526995667972911530e+00
3.800000000000000000e+01 2.431243547749142517e-02 2.509807249191625678e-02 3.538668790872030900e+00 3.540440582445766982e+00
3.750000000000000000e+01 2.439539541504291004e-02 2.496049993155326219e-02 3.546213361591506352e+00 3.547132169877014185e+00
3.700000000000000000e+01 2.446185945767696823e-02 2.511336722954333675e-02 3.541578401702445866e+00 3.544924355437761854e+00
3.650000000000000000e+01 2.474244982553532382e-02 2.555010805883849156e-02 3.553086085350183776e+00 3.559639057955516162e+00
3.600000000000000000e+01 2.457060424059847800e-02 2.518559682757734106e-02 3.541486874321511547e+00 3.537075330440835330e+00
3.550000000000000000e+01 2.447531242056607756e-02 2.494752743168881376e-02 3.547842056078306161e+00 3.546852779896114694e+00
3.500000000000000000e+01 2.420481177482437796e-02 2.504305948327195663e-02 3.541081041562756493e+00 3.546911316235842548e+00
3.450000000000000000e+01 2.420521216055625605e-02 2.490004167587402811e-02 3.539202346446701064e+00 3.541793169645504502e+00
3.400000000000000000e+01 2.443367229744345184e-02 2.501799533225645272e-02 3.553511615620685848e+00 3.553449876462444923e+00
3.350000000000000000e+01 2.392085816622616101e-02 2.452463995095293531e-02 3.542443718514927120e+00 3.541346578155399882e+00
3.300000000000000000e+01 2.408373510921077432e-02 2.485864178438183109e-02 3.550356486921006027e+00 3.553094652812084586e+00
3.250000000000000000e+01 2.397426963179048395e-02 2.460647880816723906e-02 3.545472245520292276e+00 3.541619082003320873e+00
3.200000000000000000e+01 2.418855611137499251e-02 2.484478843562794650e-02 3.549917742402315390e+00 3.548599989194183735e+00
3.150000000000000000e+01 2.426470949033547250e-02 2.501679417490037041e-02 3.547180936997824663e+00 3.546080352674696012e+00
3.100000000000000000e+01 2.452984496625193467e-02 2.528000779903575787e-02 3.548128814290171462e+00 3.549952736289879063e+00
3.050000000000000000e+01 2.445168965837059630e-02 2.518719837086001723e-02 3.545141525732764531e+00 3.547223298069107411e+00
3.000000000000000000e+01 2.431691979854098615e-02 2.496818733879462016e-02 3.560339574765689630e+00 3.556904977053364725e+00
2.950000000000000000e+01 2.395793389124300024e-02 2.469608514995582163e-02 3.552044358594119267e+00 3.554343380924435358e+00
2.900000000000000000e+01 2.415676547890312567e-02 2.488883087358255766e-02 3.550854488022045174e+00 3.556810645001311944e+00
2.850000000000000000e+01 2.422322952152542591e-02 2.484374743265767987e-02 3.551739663197003072e+00 3.548845746247236921e+00
2.800000000000000000e+01 2.377311580636197810e-02 2.441317254452122013e-02 3.553022664405568687e+00 3.552311576621929756e+00
2.750000000000000000e+01 2.390596381455846117e-02 2.447931627845947172e-02 3.555754984558976428e+00 3.547558903314267820e+00
2.700000000000000000e+01 2.420128837982226180e-02 2.484414781836488673e-02 3.552672325095512562e+00 3.549771682300509656e+00
2.650000000000000000e+01 2.421890535497211658e-02 2.495297267853680695e-02 3.555042935656330894e+00 3.554182503877592048e+00
2.600000000000000000e+01 2.407556723891369349e-02 2.474397129157472272e-02 3.553988556429470869e+00 3.550258391040561179e+00
2.550000000000000000e+01 2.381771878430995887e-02 2.470497371468197492e-02 3.534799130662867661e+00 3.538123783824103086e+00
2.500000000000000000e+01 2.384606609903819688e-02 2.464907985718427924e-02 3.546279985982122351e+00 3.545024292360586582e+00
2.450000000000000000e+01 2.401006412221996442e-02 2.440804760623862049e-02 3.545288227573809348e+00 3.533957356816379125e+00
2.400000000000000000e+01 2.382748819791774900e-02 2.450381988938653277e-02 3.543841149062393558e+00 3.540955079910967473e+00
2.350000000000000000e+01 2.369007579174845640e-02 2.458605913245605346e-02 3.543622777770344623e+00 3.548458332055715481e+00
2.300000000000000000e+01 2.408453588079839322e-02 2.473484249535655433e-02 3.553630851216034170e+00 3.553554056816269568e+00
2.250000000000000000e+01 2.365964647105466695e-02 2.453673160211317442e-02 3.550979248726580551e+00 3.552139408665806464e+00
2.200000000000000000e+01 2.407380554140389761e-02 2.490204360495282612e-02 3.552409671356856258e+00 3.557344680958042016e+00
2.150000000000000000e+01 2.386824747231185151e-02 2.458429743489281769e-02 3.551856896308801304e+00 3.550437685446689695e+00
2.100000000000000000e+01 2.380634782774956881e-02 2.470129016532138580e-02 3.545522053694049269e+00 3.546065459379457163e+00
2.050000000000000000e+01 2.392958657662221100e-02 2.487321582744856166e-02 3.543087380817152354e+00 3.548802664472648694e+00
2.000000000000000000e+01 2.400293725500388803e-02 2.477207837456515613e-02 3.545988744907147883e+00 3.546868315851478659e+00
1.950000000000000000e+01 2.418815572555155918e-02 2.496498425246615818e-02 3.550004706618610673e+00 3.552842168529159572e+00
1.900000000000000000e+01 2.392662372180298300e-02 2.455667081480688435e-02 3.550993661082126884e+00 3.544622864589969780e+00
1.850000000000000000e+01 2.410079154428570666e-02 2.472403207874082284e-02 3.550901493397418118e+00 3.546608464367706937e+00
1.800000000000000000e+01 2.413474425999563230e-02 2.496426355802328773e-02 3.550418706801357516e+00 3.550162538891589836e+00
1.750000000000000000e+01 2.430715038499457401e-02 2.482941362096439605e-02 3.539739023650959382e+00 3.532381353210364949e+00
1.700000000000000000e+01 2.396730291890281431e-02 2.480563070452461785e-02 3.543017873609647594e+00 3.544905858254572717e+00
1.650000000000000000e+01 2.366717372397126110e-02 2.437817882567238498e-02 3.544235770852061318e+00 3.542296696349231055e+00
1.600000000000000000e+01 2.352255437342286315e-02 2.451655215775504215e-02 3.546241549993240483e+00 3.550280573040204057e+00
1.550000000000000000e+01 2.361576418747484210e-02 2.436592702026881344e-02 3.550990378743241749e+00 3.546272458871105204e+00
1.500000000000000000e+01 2.360495377090757879e-02 2.450542143250233548e-02 3.551924882009020568e+00 3.553023384159706755e+00
1.450000000000000000e+01 2.365708400200909264e-02 2.432628882622366040e-02 3.557073537960931731e+00 3.553076074634679671e+00
1.400000000000000000e+01 2.375629960289418058e-02 2.446233992061561113e-02 3.553750887409995229e+00 3.550327738938027888e+00
1.350000000000000000e+01 2.366973619319853034e-02 2.455378803704379165e-02 3.552311415979660048e+00 3.553044604660017480e+00
1.300000000000000000e+01 2.335823604159028774e-02 2.417430237694300973e-02 3.547681582190871374e+00 3.549074047063885740e+00
1.250000000000000000e+01 2.362433244354339781e-02 2.424180742259097326e-02 3.550719717839905698e+00 3.545833474891183279e+00
1.200000000000000000e+01 2.322835088845636234e-02 2.398748236305373385e-02 3.554500891986656530e+00 3.553641342729150221e+00
1.150000000000000000e+01 2.322554818783318861e-02 2.392838541920563888e-02 3.553445632495785933e+00 3.549822210092568486e+00
1.100000000000000000e+01 2.342630162737383698e-02 2.429642004563089749e-02 3.551387403657371156e+00 3.555164814098918491e+00
1.050000000000000000e+01 2.378288521992022106e-02 2.450470073814999331e-02 3.557836276079923810e+00 3.559177733103048080e+00
1.000000000000000000e+01 2.419392128117602361e-02 2.474957669274240046e-02 3.564865470984884155e+00 3.559372882834103358e+00
9.500000000000000000e+00 2.436304424258187856e-02 2.494360365085702969e-02 3.564330553143715274e+00 3.562854166442402271e+00
9.000000000000000000e+00 2.409494591160873250e-02 2.476831474814652351e-02 3.559808822465587497e+00 3.559747083359229958e+00
8.500000000000000000e+00 2.438890916516697760e-02 2.486664950036227006e-02 3.565307817663320389e+00 3.561616249762877828e+00
8.000000000000000000e+00 2.382628704054686256e-02 2.470969826719907406e-02 3.562971880928908597e+00 3.563950585844160912e+00
7.500000000000000000e+00 2.409454552586300438e-02 2.472531331332485441e-02 3.563880357518725894e+00 3.560299296602789543e+00
7.000000000000000000e+00 2.409078189935333694e-02 2.482965385259998381e-02 3.567870694482021321e+00 3.570701670233550562e+00
6.500000000000000000e+00 2.387785673153239308e-02 2.458133458015216918e-02 3.578055338566792365e+00 3.576296919358338489e+00
6.000000000000000000e+00 2.409158267093992195e-02 2.460848073727326182e-02 3.576423041690386384e+00 3.573820686278946557e+00
5.500000000000000000e+00 2.434062263767892975e-02 2.505931514676690286e-02 3.566894072851835240e+00 3.571289359213475123e+00
5.000000000000000000e+00 2.374588957215184593e-02 2.424741282378707272e-02 3.554837457901823594e+00 3.557942459848570049e+00
4.500000000000000000e+00 2.405466710016732068e-02 2.446153914905439472e-02 3.556272925946797336e+00 3.557815055793505543e+00
4.000000000000000000e+00 2.380746890798314877e-02 2.413042009334086940e-02 3.550579582051740513e+00 3.548540170652561887e+00
3.899999999999999911e+00 2.398331835088561917e-02 2.413706649755652245e-02 3.553075433893226442e+00 3.548256938275691663e+00
3.799999999999999822e+00 2.399693146804192032e-02 2.436480594012901263e-02 3.559968096101523649e+00 3.560351826478662218e+00
3.700000000000000178e+00 2.424669212945287228e-02 2.451503069177492222e-02 3.566331606433126744e+00 3.565266497897821907e+00
3.600000000000000089e+00 2.401839214684542770e-02 2.442726612470116909e-02 3.562726282008578771e+00 3.562906216032120987e+00
3.500000000000000000e+00 2.369904443365720634e-02 2.396081666899325946e-02 3.559468893718871207e+00 3.557784546282929838e+00
3.399999999999999911e+00 2.350373624088221078e-02 2.381035168574264019e-02 3.559553857088972428e+00 3.557709194004642583e+00
3.299999999999999822e+00 2.363314093118948009e-02 2.391805546565919580e-02 3.556850683051907325e+00 3.557068414167036341e+00
3.200000000000000178e+00 2.372122580685642398e-02 2.404105398312760683e-02 3.559090608610000483e+00 3.567360601589386171e+00
3.100000000000000089e+00 2.407300476982151757e-02 2.424765305526292714e-02 3.567063995256423148e+00 3.562713871295641432e+00
3.000000000000000000e+00 2.402143507898137770e-02 2.419496228411509992e-02 3.549846312830104544e+00 3.550581504384795029e+00
2.899999999999999911e+00 2.447427141750836352e-02 2.454650101556943992e-02 3.569007233076229468e+00 3.564817263892340549e+00
2.799999999999999822e+00 2.410543601952949005e-02 2.451302876272426837e-02 3.560623370045934877e+00 3.564159508931011189e+00
2.700000000000000178e+00 2.445961729719720729e-02 2.478064663071243359e-02 3.559066986279782796e+00 3.562277369836145180e+00
2.600000000000000089e+00 2.401791168387798492e-02 2.451903454982375802e-02 3.561606000062346400e+00 3.563032818706648897e+00
2.500000000000000000e+00 2.368487077635910917e-02 2.400822234759544815e-02 3.554643990502233564e+00 3.556390317833098003e+00
2.399999999999999911e+00 2.368519108500000830e-02 2.407756916797268790e-02 3.562381149356708132e+00 3.565759213903496150e+00
2.299999999999999822e+00 2.362032858559420800e-02 2.391188952438589796e-02 3.573143232638580802e+00 3.571111267765397113e+00
2.200000000000000178e+00 2.357772753655037676e-02 2.387024940128800593e-02 3.565870522371181295e+00 3.566746087870695359e+00
2.100000000000000089e+00 2.440236212800237989e-02 2.456483868519091993e-02 3.567145594364885319e+00 3.567329612240504932e+00
2.000000000000000000e+00 2.401679060369890303e-02 2.430210552399089327e-02 3.565517300673717749e+00 3.564748637233888129e+00
1.899999999999999911e+00 2.396458029549596372e-02 2.426518995331337566e-02 3.568564166000637528e+00 3.568063521037496688e+00
1.800000000000000044e+00 2.375870191762039299e-02 2.421826473768548885e-02 3.551310209118318184e+00 3.558062494764601347e+00
1.699999999999999956e+00 2.418303078732704156e-02 2.432260527683473283e-02 3.557672037429113310e+00 3.557165067337919595e+00
1.600000000000000089e+00 2.417990777809907177e-02 2.419912629647730934e-02 3.563202743921479065e+00 3.559394902808486361e+00
1.500000000000000000e+00 2.413130094224274699e-02 2.426278763850467715e-02 3.564026179116149162e+00 3.562449935965251946e+00
1.399999999999999911e+00 2.422515137338910121e-02 2.441125069274364956e-02 3.559816590542017156e+00 3.565572873485680638e+00
1.300000000000000044e+00 2.410663717692082889e-02 2.419440174402471416e-02 3.557490981854881440e+00 3.559107585182470057e+00
1.199999999999999956e+00 2.428793186679926303e-02 2.407724885931285252e-02 3.562463468088255425e+00 3.560056662167129460e+00
1.100000000000000089e+00 2.425165691330897003e-02 2.421642296292770766e-02 3.564890614889150822e+00 3.558708560853339087e+00
1.000000000000000000e+00 2.482837261795278402e-02 2.468014979528904140e-02 3.571135611407266985e+00 3.571239231237784306e+00
9.000000000000000222e-01 2.431772056999949652e-02 2.420305007729255109e-02 3.552214362652019730e+00 3.553266338548652925e+00
8.000000000000000444e-01 2.429193572458228020e-02 2.427600036978948966e-02 3.555407608876361536e+00 3.552727499022854563e+00
6.999999999999999556e-01 2.452992504348950470e-02 2.438746777620735134e-02 3.553191145627649039e+00 3.556212707124468686e+00
5.999999999999999778e-01 2.412681662116380674e-02 2.391437191622394071e-02 3.543624939944979513e+00 3.543399442594766580e+00
5.000000000000000000e-01 2.430234575529158919e-02 2.438987009107216122e-02 3.546993556950033266e+00 3.551142766437300313e+00
4.000000000000000222e-01 2.449821448817890088e-02 2.436872972080611488e-02 3.550185360855046213e+00 3.550083102874630470e+00
2.999999999999999889e-01 2.477135768016385312e-02 2.452311848499986319e-02 3.553206840837614067e+00 3.558869594287318083e+00
2.000000000000000111e-01 2.490820954615587113e-02 2.447026755946181062e-02 3.557362699346388712e+00 3.554152795991042169e+00
1.000000000000000056e-01 2.523180134886205198e-02 2.470657525791122855e-02 3.562520243202498271e+00 3.561633947435198788e+00
0.000000000000000000e+00 2.530074778338507052e-02 2.478705280354932816e-02 3.554240960751735123e+00 3.554910968011191663e+00
-1.000000000000000056e-01 2.483125539563235326e-02 2.475213916188015104e-02 3.554055262247419744e+00 3.556879511405565797e+00
-2.000000000000000111e-01 2.462313485741336738e-02 2.455178610815541770e-02 3.565595137163612982e+00 3.566711094366471269e+00
-2.999999999999999889e-01 2.483678071973056956e-02 2.480482993299085864e-02 3.561725555808017862e+00 3.562686163620131907e+00
-4.000000000000000222e-01 2.459743008917929241e-02 2.460776004281534785e-02 3.559145381496449989e+00 3.557626953302241546e+00
-5.000000000000000000e-01 2.452712234283645557e-02 2.459879140096421848e-02 3.561688560371354395e+00 3.566742644310495258e+00
-5.999999999999999778e-01 2.482821246361142931e-02 2.483726118265277422e-02 3.566616042697018152e+00 3.564524820823614437e+00
-6.999999999999999556e-01 2.462689848396015097e-02 2.453016527501514568e-02 3.558476254650444481e+00 3.562316046023887850e+00
-8.000000000000000444e-01 2.474212951682569148e-02 2.455963366976132364e-02 3.559559301638042683e+00 3.558339001847787397e+00
-9.000000000000000222e-01 2.464459553631061922e-02 2.479033596711408341e-02 3.555827134090547403e+00 3.561202009222089959e+00
-1.000000000000000000e+00 2.478096693942795012e-02 2.466189220280396235e-02 3.563616181935622240e+00 3.560292730481543266e+00
-1.100000000000000089e+00 2.460071325273781653e-02 2.451390961156785925e-02 3.556611411857355964e+00 3.555712943643564383e+00
-1.199999999999999956e+00 2.493719747805380263e-02 2.495737692233868446e-02 3.557641928259371422e+00 3.559656915651118414e+00
-1.300000000000000044e+00 2.441012961255148092e-02 2.431227532316480519e-02 3.561298102067242954e+00 3.558817305264641462e+00
-1.399999999999999911e+00 2.459454731137317510e-02 2.451871424113036269e-02 3.558047200624113504e+00 3.558184692216523004e+00
-1.500000000000000000e+00 2.462473640062242536e-02 2.467918886928912106e-02 3.560653638992899328e+00 3.559648748056468026e+00
-1.600000000000000089e+00 2.507404934414161207e-02 2.497587474619771333e-02 3.558689900949047580e+00 3.556086184237444492e+00
-1.699999999999999956e+00 2.493519554911364372e-02 2.482236683100160282e-02 3.559591171737561233e+00 3.560343179131581604e+00
-1.800000000000000044e+00 2.436008138758747818e-02 2.444208039921132170e-02 3.546943507601298951e+00 3.552064217386383227e+00
-1.899999999999999911e+00 2.424220780840558725e-02 2.442854735920280129e-02 3.542350108148484278e+00 3.546084116939975495e+00
-2.000000000000000000e+00 2.443231098573266785e-02 2.440508475141243971e-02 3.554731595194013050e+00 3.550481406679477647e+00
-4.000000000000000000e+00 2.438730762193298471e-02 2.446426177243879452e-02 3.548421976853974424e+00 3.552384126211116211e+00
-6.000000000000000000e+00 2.444920726640196357e-02 2.436648756035828672e-02 3.547770147226862569e+00 3.548160283328796183e+00
-8.000000000000000000e+00 2.437657728245738384e-02 2.434302495251039478e-02 3.555079291223044002e+00 3.555204532739309808e+00
-1.000000000000000000e+01 2.476367027280181390e-02 2.471746575175547481e-02 3.562303795053695765e+00 3.560195275344351096e+00
-1.200000000000000000e+01 2.458517828375706218e-02 2.446890624775023906e-02 3.562776570312129465e+00 3.560678142638709076e+00
-1.400000000000000000e+01 2.466861868423508505e-02 2.466421444046553932e-02 3.563252551110193345e+00 3.565890780498698565e+00
-1.600000000000000000e+01 2.466629644652204925e-02 2.471786613745809505e-02 3.561815002257014307e+00 3.567499375884291002e+00
-1.800000000000000000e+01 2.469424337532164296e-02 2.448748414873057333e-02 3.552993996058379622e+00 3.546113746639426800e+00
-2.000000000000000000e+01 2.471490328259183522e-02 2.440740698898087244e-02 3.555452931970081831e+00 3.551038026064373465e+00
-2.000000000000000000e+01 2.443975816150147778e-02 2.446001768295451642e-02 3.544293186245111471e+00 3.547435424117895586e+00
-1.800000000000000000e+01 2.438914939661538869e-02 2.429065449008608463e-02 3.549788737597249444e+00 3.550688806855256896e+00
-1.600000000000000000e+01 2.449877502825624151e-02 2.424132695970131202e-02 3.550758955440223019e+00 3.546453032925625859e+00
-1.400000000000000000e+01 2.402383739375455601e-02 2.391629376815766761e-02 3.556104521414654052e+00 3.555210377214000239e+00
-1.200000000000000000e+01 2.449781410242663979e-02 2.428040461363066560e-02 3.560299136413521026e+00 3.554301498905569900e+00
-1.000000000000000000e+01 2.492894953063613112e-02 2.480699201632932324e-02 3.551754637781386670e+00 3.554489761009667070e+00
-8.000000000000000000e+00 2.482412852843832174e-02 2.486400695400606958e-02 3.559752287846499108e+00 3.560900197723869010e+00
-6.000000000000000000e+00 2.513298613374152085e-02 2.506476039360329075e-02 3.563155737599511319e+00 3.566366681233898550e+00
-4.000000000000000000e+00 2.490596738584108585e-02 2.480370885280371029e-02 3.558955196622111128e+00 3.561287211262289087e+00
-2.000000000000000000e+00 2.437978036888853797e-02 2.436792894929709630e-02 3.557051517852706901e+00 3.557133756733953156e+00
-1.899999999999999911e+00 2.430739061651004951e-02 2.427720152730599920e-02 3.555814721195925454e+00 3.558980021103060221e+00
-1.800000000000000044e+00 2.442037948898850147e-02 2.438114168070065410e-02 3.562774568729558222e+00 3.564052203356721016e+00
-1.699999999999999956e+00 2.459222507381325640e-02 2.438602638740823558e-02 3.558558653773062019e+00 3.560065390619474801e+00
-1.600000000000000089e+00 2.426438918168734998e-02 2.427944368773308007e-02 3.554091055894045503e+00 3.556212946710376688e+00
-1.500000000000000000e+00 2.449116769819945430e-02 2.450582181840845961e-02 3.557243061614443924e+00 3.555933316637613917e+00
-1.399999999999999911e+00 2.474260997989030306e-02 2.458525836092173567e-02 3.552498395995797420e+00 3.551144447486439315e+00
-1.300000000000000044e+00 2.488306531812672570e-02 2.463778897764194731e-02 3.558858703717111105e+00 3.552749759727732215e+00
-1.199999999999999956e+00 2.453681167920610667e-02 2.448740407161866667e-02 3.548418373045175933e+00 3.546151702360073710e+00
-1.100000000000000089e+00 2.464203306722139927e-02 2.446065830027288612e-02 3.550317727631639997e+00 3.547376805580533254e+00
-1.000000000000000000e+00 2.465420479533497744e-02 2.470921780421974495e-02 3.552828075448954515e+00 3.555472551609571763e+00
-9.000000000000000222e-01 2.520377434297537203e-02 2.529922631741892206e-02 3.561370251167855550e+00 3.566515784693047308e+00
-8.000000000000000444e-01 2.552031935537168311e-02 2.545337484990217378e-02 3.560529839897518922e+00 3.558374395518468347e+00
-6.999999999999999556e-01 2.516397599453764483e-02 2.499557372760594434e-02 3.562820373366126780e+00 3.559050729420114134e+00
-5.999999999999999778e-01 2.480843340519182927e-02 2.489147341983670089e-02 3.561696887279599988e+00 3.563535944633929642e+00
-5.000000000000000000e-01 2.519824901886092913e-02 2.502344057916652473e-02 3.560706971070700444e+00 3.559352620930944955e+00
-4.000000000000000222e-01 2.526543375586712964e-02 2.521386406503142372e-02 3.555517714606963420e+00 3.553512256582304740e+00
-2.999999999999999889e-01 2.494744735463776120e-02 2.487513767914729251e-02 3.545806727662188518e+00 3.543088021664147824e+00
-2.000000000000000111e-01 2.509759202911805362e-02 2.510039472971163990e-02 3.553730226483378107e+00 3.554147430010563546e+00
-1.000000000000000056e-01 2.480306823544834241e-02 2.481027517983112884e-02 3.552986548610259199e+00 3.555741611043806927e+00
-0.000000000000000000e+00 2.504938557884419520e-02 2.471826652328491802e-02 3.553696834602368515e+00 3.549844232223051677e+00
1.000000000000000056e-01 2.514011300091300444e-02 2.482773200068332659e-02 3.561595749228509522e+00 3.562855847492823358e+00
2.000000000000000111e-01 2.516317522289357803e-02 2.486296595101434442e-02 3.564356898894013526e+00 3.564390851698749252e+00
2.999999999999999889e-01 2.480603109038276993e-02 2.475638325126797504e-02 3.554513223854673054e+00 3.556593474728129145e+00
4.000000000000000222e-01 2.464996070598227465e-02 2.450213826903280614e-02 3.555278923202479735e+00 3.544733371369158448e+00
5.000000000000000000e-01 2.483958342025542609e-02 2.501399147427651667e-02 3.547900992944456267e+00 3.550241574658013821e+00
5.999999999999999778e-01 2.481171656870869921e-02 2.503841500795073172e-02 3.551765367272284646e+00 3.548235075962079765e+00
6.999999999999999556e-01 2.461200413218208455e-02 2.482244690810414198e-02 3.553742318656415655e+00 3.553107546045241261e+00
8.000000000000000444e-01 2.432068342500888145e-02 2.465820865345960677e-02 3.554228628878626672e+00 3.551521452216219732e+00
9.000000000000000222e-01 2.466573590641317482e-02 2.496698618154149368e-02 3.561994615839103151e+00 3.563045630719848145e+00
1.000000000000000000e+00 2.462465632347529340e-02 2.487329590457939416e-02 3.553680418874173075e+00 3.558543438751614829e+00
1.100000000000000089e+00 2.445273066144822149e-02 2.474525252610464479e-02 3.555380702210605648e+00 3.556872304256540662e+00
1.199999999999999956e+00 2.435743884133790074e-02 2.467710686319299004e-02 3.554436269441044960e+00 3.558126796028474814e+00
1.300000000000000044e+00 2.407780939942804829e-02 2.457957288254835129e-02 3.551591759667330539e+00 3.552270174908267908e+00
1.399999999999999911e+00 2.429025410426417786e-02 2.493311354291626036e-02 3.555237604410244057e+00 3.554862681333317287e+00
1.500000000000000000e+00 2.408637765545809314e-02 2.471402243378793481e-02 3.548798499853424993e+00 3.549451931912937841e+00
1.600000000000000089e+00 2.425053583305021923e-02 2.497163065678918367e-02 3.548558508840069958e+00 3.551235094665170511e+00
1.699999999999999956e+00 2.413914850379094562e-02 2.497875752393083695e-02 3.549272237988567280e+00 3.551314932460349016e+00
1.800000000000000044e+00 2.405050308798806560e-02 2.474236974832580080e-02 3.562568369163784165e+00 3.557333869950499494e+00
1.899999999999999911e+00 2.429650012280556992e-02 2.489972136734348515e-02 3.560809149185121480e+00 3.559064903224254284e+00
2.000000000000000000e+00 2.410879926034287246e-02 2.483485886790344835e-02 3.570339320247273296e+00 3.570457995866237244e+00
2.100000000000000089e+00 2.363266046817866228e-02 2.444632448869231423e-02 3.557150813596672290e+00 3.557285663775747508e+00
2.200000000000000178e+00 2.364675404826991137e-02 2.461464667855305100e-02 3.553630531702107742e+00 3.557818898957464615e+00
2.299999999999999822e+00 2.362481290651787316e-02 2.429585950544865466e-02 3.555991292185372465e+00 3.554286845621382085e+00
2.399999999999999911e+00 2.363826586940538654e-02 2.452439971953439962e-02 3.549192961902234877e+00 3.551814694987624588e+00
2.500000000000000000e+00 2.345577002223724755e-02 2.443295160304044186e-02 3.555028601813078559e+00 3.557233693591727253e+00
2.600000000000000089e+00 2.346601989862661525e-02 2.430010359491272670e-02 3.550228923934002800e+00 3.549461782221052797e+00
2.700000000000000178e+00 2.332300209126952212e-02 2.410159231574175373e-02 3.550601843545198921e+00 3.543062157509822008e+00
2.799999999999999822e+00 2.317910343518190391e-02 2.401174574260817041e-02 3.559110146472644232e+00 3.552425205554077259e+00
2.899999999999999911e+00 2.310198913027700432e-02 2.400822234753288709e-02 3.552491669124860696e+00 3.551415429792327050e+00
3.000000000000000000e+00 2.326438561031898486e-02 2.429489857955758128e-02 3.558411712250698855e+00 3.560693917849252710e+00
3.100000000000000089e+00 2.336183951374092016e-02 2.435031197416619511e-02 3.561234600696902675e+00 3.559801215379017059e+00
3.200000000000000178e+00 2.362689491269005793e-02 2.466357382315204766e-02 3.558418438315729126e+00 3.559567228741527423e+00
3.299999999999999822e+00 2.342486023849063570e-02 2.425349868798539268e-02 3.544890883855649211e+00 3.546892096984396670e+00
3.399999999999999911e+00 2.320440781767983685e-02 2.423516101841540968e-02 3.540579435923296714e+00 3.546931814037934672e+00
3.500000000000000000e+00 2.355370438857608620e-02 2.446666408722700248e-02 3.549872258463178998e+00 3.550715393633265382e+00
3.600000000000000089e+00 2.325645797147152596e-02 2.427055512294081993e-02 3.547459045888765594e+00 3.547277751154034320e+00
3.700000000000000178e+00 2.314418979349057437e-02 2.423323916649504708e-02 3.551907905227293494e+00 3.549003178469843256e+00
3.799999999999999822e+00 2.347450807761560301e-02 2.454962402482029418e-02 3.557839718856506739e+00 3.558944786534498306e+00
3.899999999999999911e+00 2.349124420397147653e-02 2.476687335923555278e-02 3.553807182026980538e+00 3.557583391030141318e+00
4.000000000000000000e+00 2.351847043835882459e-02 2.470345224875129808e-02 3.557691336013413252e+00 3.561137146104903284e+00
4.500000000000000000e+00 2.329089115017513381e-02 2.464587677078847530e-02 3.546470731412297628e+00 3.551702908132824188e+00
5.000000000000000000e+00 2.363418193427033534e-02 2.471666498002602838e-02 3.557739381604756002e+00 3.554026113689594091e+00
5.500000000000000000e+00 2.284782422502161167e-02 2.403448765595816647e-02 3.545056404310151343e+00 3.543995217700136813e+00
6.000000000000000000e+00 2.266332644903732221e-02 2.402319677643444465e-02 3.553453959227341752e+00 3.553668406557791926e+00
6.500000000000000000e+00 2.273435488964803755e-02 2.421834481483402593e-02 3.548245886201373267e+00 3.555413293629382743e+00
7.000000000000000000e+00 2.295849085992671124e-02 2.438578615588910328e-02 3.557573381353063446e+00 3.558487945035814004e+00
7.500000000000000000e+00 2.292886231090393925e-02 2.450045664870742143e-02 3.567357317540239325e+00 3.565007927248495356e+00
8.000000000000000000e+00 2.297066258833586894e-02 2.444888695792139799e-02 3.570045196711209456e+00 3.571432536605284369e+00
8.500000000000000000e+00 2.274788792977299953e-02 2.428024445941437751e-02 3.570579952722313877e+00 3.564298761814761018e+00
9.000000000000000000e+00 2.293086423984344591e-02 2.437809874853826345e-02 3.547636657755329992e+00 3.550389558126849643e+00
9.500000000000000000e+00 2.290019468765224289e-02 2.463858974930686202e-02 3.548355911617446345e+00 3.549709140441963395e+00
1.000000000000000000e+01 2.298515655414531608e-02 2.439395402613491262e-02 3.548398754129215238e+00 3.548478830891709457e+00
1.050000000000000000e+01 2.262769211276761602e-02 2.419023773176427403e-02 3.545846527584680441e+00 3.548640426375432533e+00
1.100000000000000000e+01 2.285230854605776324e-02 2.456187583022814702e-02 3.546594449285912276e+00 3.547353182478198530e+00
1.150000000000000000e+01 2.288770265071205998e-02 2.452576103123208992e-02 3.547405553482395835e+00 3.544706063597036660e+00
1.200000000000000000e+01 2.294303596818067503e-02 2.458870167883459024e-02 3.554907364143206294e+00 3.557362456979030085e+00
1.250000000000000000e+01 2.281723475002771576e-02 2.449901525981609124e-02 3.550037458385239209e+00 3.547565148252831868e+00
1.300000000000000000e+01 2.277231146347678814e-02 2.471049903880141382e-02 3.551801882661790088e+00 3.560071475907292449e+00
1.350000000000000000e+01 2.301334371449775817e-02 2.455755166356931099e-02 3.560034800538993238e+00 3.559438064545426439e+00
1.400000000000000000e+01 2.296850050491338474e-02 2.477824431590485224e-02 3.562961790605994938e+00 3.558010445091466689e+00
1.450000000000000000e+01 2.285703309847496312e-02 2.459246530526554286e-02 3.547695834766916079e+00 3.545445899985524285e+00
1.500000000000000000e+01 2.283076779009589677e-02 2.441381316177971064e-02 3.560016383495060666e+00 3.556775971619591026e+00
1.550000000000000000e+01 2.268142388706919504e-02 2.434630811615476342e-02 3.557807368528605352e+00 3.557701185729336579e+00
1.600000000000000000e+01 2.290876294375725902e-02 2.458870167880220642e-02 3.565948677136608236e+00 3.567520116161136734e+00
1.650000000000000000e+01 2.274212237427131883e-02 2.439283294593060786e-02 3.562867058766642003e+00 3.555702133590346925e+00
1.700000000000000000e+01 2.279961777498073008e-02 2.444832641776029797e-02 3.565575916910450172e+00 3.565668966542497209e+00
1.750000000000000000e+01 2.284013681782847555e-02 2.461849038219884184e-02 3.568829381745278972e+00 3.570369511030031529e+00
1.800000000000000000e+01 2.260038580136623787e-02 2.437497573942482010e-02 3.567862686744541101e+00 3.574983329239049379e+00
1.850000000000000000e+01 2.272890964283896462e-02 2.443367229747802835e-02 3.564619472131234090e+00 3.564311414526101895e+00
1.900000000000000000e+01 2.283797473455141669e-02 2.446145907192442959e-02 3.564427045774483993e+00 3.560288886321015145e+00
1.950000000000000000e+01 2.296385602966838704e-02 2.496722641309121957e-02 3.565238470253271785e+00 3.565919368267994383e+00
2.000000000000000000e+01 2.312833451587905514e-02 2.495081059525142489e-02 3.557944781009576118e+00 3.555762031004475077e+00
2.050000000000000000e+01 2.310863553468178039e-02 2.477095729446659664e-02 3.565255926784489215e+00 3.564998717742302148e+00
2.100000000000000000e+01 2.302631621427932498e-02 2.484166542651950610e-02 3.555231438162068880e+00 3.558942704951159719e+00
2.150000000000000000e+01 2.238345677547098553e-02 2.425021552437122210e-02 3.556557680153993761e+00 3.559429736984238701e+00
2.200000000000000000e+01 2.315572090462993463e-02 2.487745991688787919e-02 3.567892475231981830e+00 3.565710927726403856e+00
2.250000000000000000e+01 2.307380197005735531e-02 2.478793365228046386e-02 3.560797378353429909e+00 3.559914684814792007e+00
2.300000000000000000e+01 2.320224573439834750e-02 2.495673630513411609e-02 3.574022561161752432e+00 3.573008781394692246e+00
2.350000000000000000e+01 2.276486428761702666e-02 2.473820573608481038e-02 3.559132568269119279e+00 3.560463695179103549e+00
2.400000000000000000e+01 2.333845698310963931e-02 2.525526395671921082e-02 3.560784325834529085e+00 3.569396328958330589e+00
2.450000000000000000e+01 2.342854378795976647e-02 2.518912022266071513e-02 3.561297702127513620e+00 3.563470602209969140e+00
2.500000000000000000e+01 2.256787447444556782e-02 2.457973303686524641e-02 3.557159542563447907e+00 3.554892791259973706e+00
2.550000000000000000e+01 2.268694921102078904e-02 2.478008609065496942e-02 3.547661562473952479e+00 3.555266351637136335e+00
2.600000000000000000e+01 2.308749516444181041e-02 2.473716473293596091e-02 3.554489441089481172e+00 3.552845933636320286e+00
2.650000000000000000e+01 2.275085078461954943e-02 2.464091198696911900e-02 3.560278956902985126e+00 3.558963925994689692e+00
2.700000000000000000e+01 2.315860368231332719e-02 2.497915790979406137e-02 3.553828242157704320e+00 3.554985760460905198e+00
2.750000000000000000e+01 2.320640974671812212e-02 2.504065716842436562e-02 3.553060379076681929e+00 3.552736786908935684e+00
2.800000000000000000e+01 2.310823514874259244e-02 2.486296595089579342e-02 3.545469763674643282e+00 3.543024199816468212e+00
2.850000000000000000e+01 2.328808844961015659e-02 2.502344057915694905e-02 3.543916502803162061e+00 3.550981409718111603e+00
2.900000000000000000e+01 2.308405184642512917e-02 2.488114346625530313e-02 3.544744903202192710e+00 3.551726449891837500e+00
2.950000000000000000e+01 2.331123074888805796e-02 2.484975321962666281e-02 3.555719028272605442e+00 3.549886112076175770e+00
3.000000000000000000e+01 2.326983085724490530e-02 2.492702767876589509e-02 3.549681193280095570e+00 3.546046721334362495e+00
3.050000000000000000e+01 2.321225537935801830e-02 2.506916463733515482e-02 3.557335311755723595e+00 3.558215363043591761e+00
3.100000000000000000e+01 2.312537166095493882e-02 2.495921869700513593e-02 3.547637619382737029e+00 3.548869608841496159e+00
3.150000000000000000e+01 2.298739871454922104e-02 2.478088686221840281e-02 3.548206649548795166e+00 3.551275855082465682e+00
3.200000000000000000e+01 2.348203533061956477e-02 2.524309222833803421e-02 3.556004265903800921e+00 3.556595396870688042e+00
3.250000000000000000e+01 2.323331567234240141e-02 2.491509618190611633e-02 3.553588009875904064e+00 3.551367544381537122e+00
3.300000000000000000e+01 2.363746509776201710e-02 2.541974244279342904e-02 3.559429096663510705e+00 3.564359941884712057e+00
3.350000000000000000e+01 2.382452534308810224e-02 2.559487119117818260e-02 3.554352748854500366e+00 3.558734343568982439e+00
3.400000000000000000e+01 2.382700773503005839e-02 2.554802605270703117e-02 3.563785306272095887e+00 3.562594395234571554e+00
3.450000000000000000e+01 2.333741598012181034e-02 2.479409959347298256e-02 3.554638705447853209e+00 3.549398920896706944e+00
3.500000000000000000e+01 2.324788971542339142e-02 2.499293118126387145e-02 3.556136713006629257e+00 3.551426720807238979e+00
3.550000000000000000e+01 2.300669731018495714e-02 2.481099587427332276e-02 3.555537413719380258e+00 3.555108839984750357e+00
3.600000000000000000e+01 2.362601406396203779e-02 2.518679798496256672e-02 3.558465204093224088e+00 3.552878844817358939e+00
3.650000000000000000e+01 2.332788679805008689e-02 2.512009371095349358e-02 3.551567577157450639e+00 3.550823097249435456e+00
3.700000000000000000e+01 2.345120562417392363e-02 2.521034066998287249e-02 3.553987436611947270e+00 3.555015469470583778e+00
3.750000000000000000e+01 2.342437977563544341e-02 2.534799330757994337e-02 3.556132870344462571e+00 3.557349246193553860e+00
3.800000000000000000e+01 2.368230830730792824e-02 2.546570673252535749e-02 3.565541083921374810e+00 3.566430342487079130e+00
3.850000000000000000e+01 2.343190702866154371e-02 2.528961705821051661e-02 3.557824984086282782e+00 3.559707844777754371e+00
3.900000000000000000e+01 2.332908795551663986e-02 2.513602906583237845e-02 3.562809082767051994e+00 3.562975082951016503e+00
3.950000000000000000e+01 2.354145258324151849e-02 2.533053648673662395e-02 3.562887158920633901e+00 3.560227948838357470e+00
4.000000000000000000e+01 2.349925192001386248e-02 2.535904395567260827e-02 3.548678705113869736e+00 3.553877890117841609e+00
4.050000000000000000e+01 2.340852449799369489e-02 2.521594607119140991e-02 3.556587468737601565e+00 3.555238324449459419e+00
4.100000000000000000e+01 2.325165334186132804e-02 2.523468412654220408e-02 3.549591507500736043e+00 3.558267092254089992e+00
4.150000000000000000e+01 2.321385692249570282e-02 2.498676523992969523e-02 3.551723728476937847e+00 3.551473566717972208e+00
4.200000000000000000e+01 2.367718336910727694e-02 2.538939319926190874e-02 3.569156577642300210e+00 3.560697042064890905e+00
4.250000000000000000e+01 2.347594946656423112e-02 2.528345111686575511e-02 3.559996684256930166e+00 3.556397044971359112e+00
4.300000000000000000e+01 2.306731572012766032e-02 2.496058000869688653e-02 3.554032518831650833e+00 3.550972922885217820e+00
4.350000000000000000e+01 2.333517381960161993e-02 2.525166048441603722e-02 3.557455187909740690e+00 3.555757307421716806e+00
4.400000000000000000e+01 2.300877931630117973e-02 2.489155349697566924e-02 3.552884610790084885e+00 3.556747224189531931e+00
4.450000000000000000e+01 2.274476492047989434e-02 2.473099879171502397e-02 3.563165186004656704e+00 3.559254045780157139e+00
4.500000000000000000e+01 2.268566797656746889e-02 2.478865434673428389e-02 3.555535652004245151e+00 3.560856234534543585e+00
4.550000000000000000e+01 2.337361085639325098e-02 2.528257026805368068e-02 3.567189876858291253e+00 3.566324001111872199e+00
4.600000000000000000e+01 2.313361960840978199e-02 2.536520989695935022e-02 3.548344141592278955e+00 3.553863155328736756e+00
4.650000000000000000e+01 2.318406821911165108e-02 2.525182063873545463e-02 3.552391813369569551e+00 3.552449950781283672e+00
4.700000000000000000e+01 2.304016956289816134e-02 2.517006185857618983e-02 3.547781517920852945e+00 3.548872813564558637e+00
4.750000000000000000e+01 2.329657662861753589e-02 2.531724367824647950e-02 3.551465237980723888e+00 3.550812207434308920e+00
4.800000000000000000e+01 2.282484208022940789e-02 2.505843429796942093e-02 3.541685705982958954e+00 3.544311362779864805e+00
4.850000000000000000e+01 2.309125879085460395e-02 2.516573769195587160e-02 3.545403300145634873e+00 3.545909387613646491e+00
4.900000000000000000e+01 2.325886028629167018e-02 2.539539898618244085e-02 3.551409904490019365e+00 3.552639573220671032e+00
4.950000000000000000e+01 2.273259319215581095e-02 2.492662729298515331e-02 3.547326358174950567e+00 3.553250322833766184e+00
5.000000000000000000e+01 2.312793413019425398e-02 2.512970297017434740e-02 3.560705128502627659e+00 3.558652104264580007e+00
5.050000000000000000e+01 2.332932818697106003e-02 2.522891857105718713e-02 3.556589630902450061e+00 3.551199381250709664e+00
5.100000000000000000e+01 2.327015116584306431e-02 2.537770193380984446e-02 3.552668721367835847e+00 3.555114526747567449e+00
5.150000000000000000e+01 2.307107934662479959e-02 2.534446991255112636e-02 3.553960529939015789e+00 3.556739856246818654e+00
5.200000000000000000e+01 2.259029607922916419e-02 2.480635139900726205e-02 3.552065818974216249e+00 3.555840507473641221e+00
5.250000000000000000e+01 2.281307073780461034e-02 2.478425010287376579e-02 3.548133137080934585e+00 3.544309842681574452e+00
5.300000000000000000e+01 2.291637027391315792e-02 2.511064460607675269e-02 3.552810057263354970e+00 3.555197405576319358e+00
5.350000000000000000e+01 2.285591201828929622e-02 2.497419312584641532e-02 3.553291723674842917e+00 3.554706771275149446e+00
5.400000000000000000e+01 2.320616951518273546e-02 2.537193637847467986e-02 3.556856048710910656e+00 3.557863021227829492e+00
5.450000000000000000e+01 2.290403839125903715e-02 2.514499770768958281e-02 3.544980250838767777e+00 3.550123060658922469e+00
5.500000000000000000e+01 2.241692902822981642e-02 2.453384882425387048e-02 3.546439421182208118e+00 3.544844439024819049e+00
5.550000000000000000e+01 2.309165917670184115e-02 2.523796729017559540e-02 3.561294818288185837e+00 3.560076841190124686e+00
5.600000000000000000e+01 2.324628817224663399e-02 2.555571346005927613e-02 3.556589150258221643e+00 3.556967275582630705e+00
5.650000000000000000e+01 2.301342379150885659e-02 2.512690026954862710e-02 3.556775331368892346e+00 3.556134630737825653e+00
5.700000000000000000e+01 2.279537368550082002e-02 2.471402243379259775e-02 3.557003790961951850e+00 3.555581456284325981e+00
5.750000000000000000e+01 2.258533129523601635e-02 2.469416329809743030e-02 3.551549720710389213e+00 3.545401217537735850e+00
5.800000000000000000e+01 2.290075522778629163e-02 2.492286366641150233e-02 3.558829155863973970e+00 3.552664557758266728e+00
5.850000000000000000e+01 2.303200169269804462e-02 2.507020564043202504e-02 3.560691355879995079e+00 3.557335072085236582e+00
5.900000000000000000e+01 2.291396795912739592e-02 2.520585634907763356e-02 3.551587596502765454e+00 3.556746983017350150e+00
5.950000000000000000e+01 2.313818400654036461e-02 2.530154855496823466e-02 3.561691441787434798e+00 3.559236909537408788e+00
6.000000000000000000e+01 2.257804427376837453e-02 2.480587093600240128e-02 3.549755586118457540e+00 3.545041109012045943e+00
6.050000000000000000e+01 2.346754136477103431e-02 2.561192762618227925e-02 3.564137646880504384e+00 3.565740556383975690e+00
6.100000000000000000e+01 2.305802676952509872e-02 2.543191417102596066e-02 3.550016719092559114e+00 3.556754671069837670e+00
6.150000000000000000e+01 2.321089406762203572e-02 2.560303906145350653e-02 3.551592401234416663e+00 3.551820701465809638e+00
6.200000000000000000e+01 2.350173431195335533e-02 2.578169120486618546e-02 3.551690656379764555e+00 3.557359254921669045e+00
6.250000000000000000e+01 2.288097616921486166e-02 2.533582157929814213e-02 3.549356160040153085e+00 3.548364082100623040e+00
6.300000000000000000e+01 2.331923846486582547e-02 2.574045146758697014e-02 3.556235367555412363e+00 3.557177318700814883e+00
6.350000000000000000e+01 2.336704452924640019e-02 2.564171632965530842e-02 3.568362369801554301e+00 3.566835614376937080e+00
6.400000000000000000e+01 2.356979989784276780e-02 2.561112685450993992e-02 3.562088385741733809e+00 3.552077350136892964e+00
6.450000000000000000e+01 2.269023237470031359e-02 2.507973482243569530e-02 3.554376612038487870e+00 3.551974610885852535e+00
6.500000000000000000e+01 2.263489905720334622e-02 2.520361418855869562e-02 3.544915948452745713e+00 3.549697770009485609e+00
6.550000000000000000e+01 2.297066258829832258e-02 2.519824901883239293e-02 3.556017398002446317e+00 3.548363680853211743e+00
6.600000000000000000e+01 2.239250549446868133e-02 2.480507016440898146e-02 3.537322048552397735e+00 3.545034782166668119e+00
6.650000000000000000e+01 2.236455856566922987e-02 2.474829545815167287e-02 3.538128268074991034e+00 3.539991347323113491e+00
6.700000000000000000e+01 2.269767955047258950e-02 2.508365860328890320e-02 3.538834629696727241e+00 3.540895741020870791e+00
6.750000000000000000e+01 2.285182808317451353e-02 2.501078838779844174e-02 3.548646673033823973e+00 3.544973283298179734e+00
6.800000000000000000e+01 2.241692902816464286e-02 2.476599251037617591e-02 3.539923202921040790e+00 3.540755126757526128e+00
6.850000000000000000e+01 2.224059912235195127e-02 2.470537410052383795e-02 3.550537942022101934e+00 3.551633560154743297e+00
6.900000000000000000e+01 2.263305728251542581e-02 2.497955829543059905e-02 3.545713839926899258e+00 3.544679239436453688e+00
6.950000000000000000e+01 2.262264725173968732e-02 2.485383715467045715e-02 3.541975345910019612e+00 3.540710683985839768e+00
7.000000000000000000e+01 2.264602978239712086e-02 2.486544834287725964e-02 3.538594878053177073e+00 3.540391254315391478e+00
7.050000000000000000e+01 2.265908235937203266e-02 2.510055488396615436e-02 3.541173290453111910e+00 3.544207582948096125e+00
7.100000000000000000e+01 2.241108339560170595e-02 2.481011502555127354e-02 3.543923387896384725e+00 3.546889854889662352e+00
7.150000000000000000e+01 2.237761114272095869e-02 2.483718110536415821e-02 3.542065032979522687e+00 3.539260081905675204e+00
7.200000000000000000e+01 2.278808666395304439e-02 2.523100057714499495e-02 3.542697723930495535e+00 3.545762125894753147e+00
7.250000000000000000e+01 2.310319028766374960e-02 2.541165464958957190e-02 3.543649443629851348e+00 3.543266193629465821e+00
7.300000000000000000e+01 2.297058251107231622e-02 2.539219589980211758e-02 3.551252312096507158e+00 3.547771667946976848e+00
7.350000000000000000e+01 2.300013098308903436e-02 2.533341926446779427e-02 3.545381677439749968e+00 3.542953170378330796e+00
7.400000000000000000e+01 2.283124825303359251e-02 2.511296684361782536e-02 3.548410365327256510e+00 3.538350723087608785e+00
7.450000000000000000e+01 2.243598739228823413e-02 2.481315795747246478e-02 3.534759011375409710e+00 3.536859120954611413e+00
7.500000000000000000e+01 2.220952918433164586e-02 2.487457713913789753e-02 3.539495108499834508e+00 3.548816037469122442e+00
7.550000000000000000e+01 2.226398165299048673e-02 2.452816334588483332e-02 3.541406235279358494e+00 3.536428463999179428e+00
7.600000000000000000e+01 2.195352250432844321e-02 2.452159701877846057e-02 3.533853337376433590e+00 3.534839088673582985e+00
7.650000000000000000e+01 2.226590350485666003e-02 2.479842376011636568e-02 3.542727992602163756e+00 3.545689735850487523e+00
7.700000000000000000e+01 2.225621416850168816e-02 2.472915701686763737e-02 3.541537322021660827e+00 3.537776487431985917e+00
7.750000000000000000e+01 2.202391032784919295e-02 2.444856664912989710e-02 3.543489048593293944e+00 3.547696796009682796e+00
7.800000000000000000e+01 2.221345296520915377e-02 2.465204271202166980e-02 3.540632768284522669e+00 3.537285373505103081e+00
7.850000000000000000e+01 2.238505831863656093e-02 2.483149562712698433e-02 3.541445072399570737e+00 3.538710509006498306e+00
7.900000000000000000e+01 2.237400767059345014e-02 2.506019599546542576e-02 3.540784354604370687e+00 3.542388944742525858e+00
7.950000000000000000e+01 2.284317974984684599e-02 2.536512981973830516e-02 3.547576038613756477e+00 3.542108915547456771e+00
8.000000000000000000e+01 2.271073212751727882e-02 2.521738746001742776e-02 3.538383474225604175e+00 3.542574484544003255e+00
8.050000000000000000e+01 2.296073302043245487e-02 2.531876514419783425e-02 3.539322701551453232e+00 3.539093201266286126e+00
8.100000000000000000e+01 2.233020546406898343e-02 2.490772908311372075e-02 3.535246683226154207e+00 3.531550951663461113e+00
8.150000000000000000e+01 2.263754160347087804e-02 2.517662818575583730e-02 3.539003273824942841e+00 3.546238185561468637e+00
8.200000000000000000e+01 2.276846775980552462e-02 2.515156403467366450e-02 3.547813467657563891e+00 3.538961553278304528e+00
8.250000000000000000e+01 2.244511618830488664e-02 2.484094473188682220e-02 3.533938939130769619e+00 3.531982567150467656e+00
8.300000000000000000e+01 2.189346463445260640e-02 2.476174842095838977e-02 3.525837428634463588e+00 3.536032240888463907e+00
8.350000000000000000e+01 2.294063365334158416e-02 2.550174145436003015e-02 3.556147043400244900e+00 3.554176497976590188e+00
8.400000000000000000e+01 2.237056435277840968e-02 2.492222304913362108e-02 3.544861174330954601e+00 3.543711343148387538e+00
8.450000000000000000e+01 2.246697725304505969e-02 2.500342128917135490e-02 3.544556161313449749e+00 3.547112711407840013e+00
8.500000000000000000e+01 2.186960164088350145e-02 2.451823377810182295e-02 3.535152031377926996e+00 3.535731551162858199e+00
8.550000000000000000e+01 2.256475146525384334e-02 2.508870346421207195e-02 3.539261521663720433e+00 3.540704837391866366e+00
8.600000000000000000e+01 2.249356287010176661e-02 2.517830980611777958e-02 3.536454249270887917e+00 3.540656149784668028e+00
8.650000000000000000e+01 2.216965075875566502e-02 2.473316087490346968e-02 3.534480661274841840e+00 3.531607004404058170e+00
8.700000000000000000e+01 2.195680566798353939e-02 2.464251353006223152e-02 3.532942375536588742e+00 3.535571076035061377e+00
8.750000000000000000e+01 2.181723117840079704e-02 2.456868238864263337e-02 3.530107555715847223e+00 3.533028779446893974e+00
8.800000000000000000e+01 2.253664438218123608e-02 2.510031465244278934e-02 3.543073206390972452e+00 3.539584474270629499e+00
8.850000000000000000e+01 2.268366604749578325e-02 2.531339997458426430e-02 3.538530175982242287e+00 3.540395739365428618e+00
8.900000000000000000e+01 2.280658448780241779e-02 2.531243904862252869e-02 3.537022558664322247e+00 3.530790615443405667e+00
8.950000000000000000e+01 2.255786482947225169e-02 2.536392866236794955e-02 3.536622731539569742e+00 3.540894541715977173e+00
9.000000000000000000e+01 2.261223722091063731e-02 2.521002036127282381e-02 3.537641637996610022e+00 3.539660468496342194e+00
9.050000000000000000e+01 2.242181373489188570e-02 2.502728428273511690e-02 3.544567451641495559e+00 3.544512598093125355e+00
9.100000000000000000e+01 2.238673993890962638e-02 2.525982835471844365e-02 3.533606136895771854e+00 3.535291685394569061e+00
9.150000000000000000e+01 2.259534094031109483e-02 2.511657031581042074e-02 3.544433321081131627e+00 3.540036432424628288e+00
9.200000000000000000e+01 2.255890583260372964e-02 2.511592969855966709e-02 3.545396892304438552e+00 3.538768646217292702e+00
9.250000000000000000e+01 2.290756178637769896e-02 2.557397105233746165e-02 3.551313571094525834e+00 3.548566756568874769e+00
9.300000000000000000e+01 2.266196513723543401e-02 2.538803188745469494e-02 3.551747511035456384e+00 3.553424251467596662e+00
9.350000000000000000e+01 2.265379726700286409e-02 2.529826539139906627e-02 3.553575597243654016e+00 3.551519450674426981e+00
9.400000000000000000e+01 2.274460476617809132e-02 2.537433869314371579e-02 3.559030710204227788e+00 3.557297435511320494e+00
9.450000000000000000e+01 2.282500223468761705e-02 2.537049498949046217e-02 3.558423242733605552e+00 3.555776524316334175e+00
9.500000000000000000e+01 2.270832981274992224e-02 2.525222102450013634e-02 3.555926270181804405e+00 3.552082474241720078e+00
9.550000000000000000e+01 2.297947107584844689e-02 2.574549632864097867e-02 3.555435235463624721e+00 3.556199494046729193e+00
9.600000000000000000e+01 2.226230003271071831e-02 2.528401165699046410e-02 3.553436503317834561e+00 3.550264477361852133e+00
9.650000000000000000e+01 2.245096182116455494e-02 2.534206759784492224e-02 3.552061494113822882e+00 3.550003665204055636e+00
9.700000000000000000e+01 2.274980978148455693e-02 2.538915296764929566e-02 3.546253321325864682e+00 3.541247122552848126e+00
9.750000000000000000e+01 2.264106499851638310e-02 2.552160058994969519e-02 3.550085985480800232e+00 3.552426006407523928e+00
9.800000000000000000e+01 2.222674577369107216e-02 2.514243523858396973e-02 3.548715781074306630e+00 3.552699871208210070e+00
9.850000000000000000e+01 2.227671392148916976e-02 2.513819114904152982e-02 3.553925856495161462e+00 3.558460238890525762e+00
9.900000000000000000e+01 2.240707953759711255e-02 2.538266671780962588e-02 3.554249609666604748e+00 3.559390258512753480e+00
9.950000000000000000e+01 2.267998249819925746e-02 2.565036466286708949e-02 3.555943486310599866e+00 3.558085797417758656e+00
1.000000000000000000e+02 2.238722040195696705e-02 2.550142114571738589e-02 3.550754231179196641e+00 3.553166722796386789e+00
