# delays[ps] pumped_signal, blocked_signal, pumped_reference, blocked_reference
-2.000000000000000000e+01 4.643582632279645850e+00 4.646226073184668515e+00 7.147769264569311609e+00 7.151603969925308668e+00
-1.800000000000000000e+01 4.645238076030102192e+00 4.645168890768547776e+00 7.153672312303125835e+00 7.153238214449863186e+00
-1.600000000000000000e+01 4.643985342488236689e+00 4.644398864022289963e+00 7.150633343392420294e+00 7.150593947715390364e+00
-1.400000000000000000e+01 4.641782407595077764e+00 4.640129125349896633e+00 7.146313361393957564e+00 7.143232349570449280e+00
-1.200000000000000000e+01 4.638090112838454182e+00 4.641994853913616659e+00 7.141053592674531991e+00 7.146084338864744367e+00
-1.000000000000000000e+01 4.642168941975676866e+00 4.636470382380868394e+00 7.145335124375707281e+00 7.136220064790884443e+00
-8.000000000000000000e+00 4.649399949553688849e+00 4.647322256639766280e+00 7.155151438952128906e+00 7.152100859303480718e+00
-6.000000000000000000e+00 4.640381449995460983e+00 4.638893849626502863e+00 7.145175609257946370e+00 7.143807156075818732e+00
-4.000000000000000000e+00 4.642630109421935991e+00 4.644672007852665097e+00 7.146394561649143995e+00 7.150441395965356328e+00
-2.000000000000000000e+00 4.646442843670687495e+00 4.648728899059928033e+00 7.150728875907483406e+00 7.154761537582891684e+00
-1.899999999999999911e+00 4.639611025015685009e+00 4.643308607192631499e+00 7.142514454007179658e+00 7.148665341756620606e+00
-1.800000000000000044e+00 4.642154447991613253e+00 4.639748596897999455e+00 7.146108520682235898e+00 7.143209848714484167e+00
-1.699999999999999956e+00 4.638307040434599848e+00 4.635415204259032862e+00 7.139427273495520865e+00 7.135208773055957465e+00
-1.600000000000000089e+00 4.645936833325112758e+00 4.643134678861156495e+00 7.150484717340789942e+00 7.145561028603246712e+00
-1.500000000000000000e+00 4.650396034866333572e+00 4.650696327356699022e+00 7.156866155097577398e+00 7.156821236406533338e+00
-1.399999999999999911e+00 4.650640512625369816e+00 4.647799678237744203e+00 7.157444563601918830e+00 7.153600321563282627e+00
-1.300000000000000044e+00 4.639237141468507630e+00 4.642414380764170012e+00 7.140087117475331979e+00 7.145186101946262802e+00
-1.199999999999999956e+00 4.647617182293533489e+00 4.653858510166211992e+00 7.152323556534691207e+00 7.162716512800177071e+00
-1.100000000000000089e+00 4.648211998282633317e+00 4.646150641589449570e+00 7.153935690565113248e+00 7.151820666617196842e+00
-1.000000000000000000e+00 4.640108065252805503e+00 4.639447745990437078e+00 7.143320517050493201e+00 7.142062809743644713e+00
-9.000000000000000222e-01 4.640427895304028105e+00 4.642264394549007633e+00 7.142888414818795439e+00 7.146436361005023663e+00
-8.000000000000000444e-01 4.644047730155119069e+00 4.645351066788605543e+00 7.148830327672796692e+00 7.150908495106072849e+00
-6.999999999999999556e-01 4.643814296983433287e+00 4.640926379046166339e+00 7.149624438630199030e+00 7.145235991614836912e+00
-5.999999999999999778e-01 4.633959067307458213e+00 4.633035212246906731e+00 7.133039031068741487e+00 7.133553374486298893e+00
-5.000000000000000000e-01 4.649357749041820753e+00 4.640222415939801337e+00 7.142481377757692762e+00 7.143571321423017650e+00
-4.000000000000000222e-01 4.664563609242142306e+00 4.643529301863717151e+00 7.147601917135982141e+00 7.147839977986833127e+00
-2.999999999999999889e-01 4.666148180136700852e+00 4.638273968773241052e+00 7.143710737622471996e+00 7.141247694199508445e+00
-2.000000000000000111e-01 4.677374019725275112e+00 4.648204871026157647e+00 7.154263611975442139e+00 7.156366225129719538e+00
-1.000000000000000056e-01 4.672154241347467263e+00 4.638072172726559472e+00 7.143095898672466859e+00 7.141096504491981634e+00
-0.000000000000000000e+00 4.675966255674580907e+00 4.639085714596992815e+00 7.144996556172712232e+00 7.142989473606846218e+00
1.000000000000000056e-01 4.680288524216361878e+00 4.637177786257264955e+00 7.147674772281387590e+00 7.139642364384804374e+00
2.000000000000000111e-01 4.682077378120933275e+00 4.640525910707541613e+00 7.145404714524837608e+00 7.141465986235152386e+00
2.999999999999999889e-01 4.675586369335105630e+00 4.640382811335030055e+00 7.140930829058186546e+00 7.145987282923566219e+00
4.000000000000000222e-01 4.681418659650073977e+00 4.643250229943402196e+00 7.146363170990207792e+00 7.149054840229347896e+00
5.000000000000000000e-01 4.678389804235144389e+00 4.641777682762907808e+00 7.142743473609136196e+00 7.148386586783288088e+00
5.999999999999999778e-01 4.683971775900073631e+00 4.644764336443142128e+00 7.149812468534151755e+00 7.152230901868060542e+00
6.999999999999999556e-01 4.675313143026069262e+00 4.634370827130656956e+00 7.136368044706782321e+00 7.135843775250768850e+00
8.000000000000000444e-01 4.677643240639388189e+00 4.635681697795703826e+00 7.140642139397490595e+00 7.138621451229828274e+00
9.000000000000000222e-01 4.677319087261984087e+00 4.636057100242833684e+00 7.138152668940121792e+00 7.138611196259273761e+00
1.000000000000000000e+00 4.678534504856115994e+00 4.637986008916048064e+00 7.141011862389457399e+00 7.143064106454383833e+00
1.100000000000000089e+00 4.692150179762853313e+00 4.646787898685476037e+00 7.158743909112534887e+00 7.154251280686852787e+00
1.199999999999999956e+00 4.690629186768147108e+00 4.649483229956313579e+00 7.155651931005183819e+00 7.158676883729031104e+00
1.300000000000000044e+00 4.679530190764516817e+00 4.633064360860647213e+00 7.137845570825865238e+00 7.134361685816105414e+00
1.399999999999999911e+00 4.681644398679023489e+00 4.635935222544096845e+00 7.141717191300053891e+00 7.139212184901873037e+00
1.500000000000000000e+00 4.687139244524892945e+00 4.643046513065561598e+00 7.150017865101397696e+00 7.149891900373457787e+00
1.600000000000000089e+00 4.686287379953422594e+00 4.640820677230164115e+00 7.146198055169024066e+00 7.144393089866553304e+00
1.699999999999999956e+00 4.679460682224771517e+00 4.632749335861297446e+00 7.137726090236225396e+00 7.134134344631376301e+00
1.800000000000000044e+00 4.688394059678234527e+00 4.642558362197832800e+00 7.150311909140267375e+00 7.148134991201770205e+00
1.899999999999999911e+00 4.686409496891283943e+00 4.642396442995019079e+00 7.146634396882549645e+00 7.147229938275754257e+00
2.000000000000000000e+00 4.688387013342388165e+00 4.640020542277847326e+00 7.148433435175951978e+00 7.144964610037090047e+00
2.100000000000000089e+00 4.678102485582096293e+00 4.635231580002564300e+00 7.134394833672597969e+00 7.139360247763571365e+00
2.200000000000000178e+00 4.688653111281866792e+00 4.637657371169494169e+00 7.148384987700684867e+00 7.141885276940580063e+00
2.299999999999999822e+00 4.689583612481967201e+00 4.640711211133407232e+00 7.149556210038078952e+00 7.145526838037873141e+00
2.399999999999999911e+00 4.692283509727643853e+00 4.642778172763775579e+00 7.153733655115977363e+00 7.148769202258701938e+00
2.500000000000000000e+00 4.688183456633474577e+00 4.644035071262373471e+00 7.145761385150493972e+00 7.150570804739793118e+00
2.600000000000000089e+00 4.682361413985167253e+00 4.635105938620814214e+00 7.138447437219609171e+00 7.137124623842860949e+00
2.700000000000000178e+00 4.683715526120732164e+00 4.636147267507563896e+00 7.141013384016726917e+00 7.138517584894094270e+00
2.799999999999999822e+00 4.681080171720928718e+00 4.632928228066273135e+00 7.137082261187675414e+00 7.133859592045426190e+00
2.899999999999999911e+00 4.683886892459585560e+00 4.636567275484681616e+00 7.140273781944101117e+00 7.139004063520187238e+00
3.000000000000000000e+00 4.679406791491875772e+00 4.631256129056990467e+00 7.134624264486574496e+00 7.131262658712547164e+00
3.100000000000000089e+00 4.677034812168654909e+00 4.637051744202119075e+00 7.130392526601073477e+00 7.140211720976620491e+00
3.200000000000000178e+00 4.675382971789930231e+00 4.631710088167335648e+00 7.127845639337187400e+00 7.132134388035565209e+00
3.299999999999999822e+00 4.675471377120688388e+00 4.629642564839561381e+00 7.128612707935892523e+00 7.128871439819252309e+00
3.399999999999999911e+00 4.685295858045221529e+00 4.637367730172422320e+00 7.142097724850168028e+00 7.139797955805336827e+00
3.500000000000000000e+00 4.678420397910853623e+00 4.630810741142420639e+00 7.130666404453505081e+00 7.128981963600741878e+00
3.600000000000000089e+00 4.679866756316345189e+00 4.631009648901259546e+00 7.135431850096791706e+00 7.131457324525279695e+00
3.700000000000000178e+00 4.672477835404783342e+00 4.626744877842417836e+00 7.126316862361739446e+00 7.125934092398032327e+00
3.799999999999999822e+00 4.675932945482990100e+00 4.634942499946774319e+00 7.129073962408625675e+00 7.137318892536434589e+00
3.899999999999999911e+00 4.678264803710955988e+00 4.631192385990233973e+00 7.132778616746074718e+00 7.132058071605264615e+00
4.000000000000000000e+00 4.680410883202981154e+00 4.632315074268493760e+00 7.134472751237115773e+00 7.133632331411145167e+00
5.000000000000000000e+00 4.675666926036592841e+00 4.631641461193556353e+00 7.130791314686884874e+00 7.133572992266460133e+00
6.000000000000000000e+00 4.678436491462429458e+00 4.630291514257614871e+00 7.132928528060550555e+00 7.130764251361335404e+00
7.000000000000000000e+00 4.681009863711822483e+00 4.634014400363488662e+00 7.140541722329510677e+00 7.137047346756165922e+00
8.000000000000000000e+00 4.679385491154515186e+00 4.638456065397075001e+00 7.137470486854247120e+00 7.142117344143413149e+00
9.000000000000000000e+00 4.673809848233764441e+00 4.629030453250964072e+00 7.126769631368977898e+00 7.127634556599997673e+00
1.000000000000000000e+01 4.677820132240565698e+00 4.630570024979506094e+00 7.134414293636582194e+00 7.129348631466992714e+00
1.100000000000000000e+01 4.684225780608056056e+00 4.641398996415860623e+00 7.145991849467789869e+00 7.146340428813330092e+00
1.200000000000000000e+01 4.686357445625146667e+00 4.640394262704014672e+00 7.151850291935032189e+00 7.146109322826047716e+00
1.300000000000000000e+01 4.678837758567707894e+00 4.637987055415357496e+00 7.141401762847641166e+00 7.142517993034172896e+00
1.400000000000000000e+01 4.674399778378955261e+00 4.632635063774092288e+00 7.135540917853531617e+00 7.134201045239533023e+00
1.500000000000000000e+01 4.678342318342012085e+00 4.634247268567882827e+00 7.141941730314507630e+00 7.137446306001640650e+00
1.600000000000000000e+01 4.680608194505611941e+00 4.644247837160292214e+00 7.143772319979201590e+00 7.150185146626772514e+00
1.700000000000000000e+01 4.688082077379521984e+00 4.646056789580729429e+00 7.154578318741766196e+00 7.152401631042198282e+00
1.800000000000000000e+01 4.678515446569128322e+00 4.635125081816987347e+00 7.144198657483752157e+00 7.137490038178382790e+00
1.900000000000000000e+01 4.672330493407415908e+00 4.635144135512572205e+00 7.136321762577124694e+00 7.138175570545341131e+00
2.000000000000000000e+01 4.663983604625775214e+00 4.632345664347053749e+00 7.126961656796050093e+00 7.134109118842278718e+00
2.100000000000000000e+01 4.665542953501021550e+00 4.633270078600629560e+00 7.132268595320097937e+00 7.137776137440907220e+00
2.200000000000000000e+01 4.671058459981091815e+00 4.635483264260857439e+00 7.141050541786555073e+00 7.139664466028704304e+00
2.300000000000000000e+01 4.676108073531331399e+00 4.638194611823299951e+00 7.146105080795337017e+00 7.143228509620429101e+00
2.400000000000000000e+01 4.678396051631749764e+00 4.638308242416598226e+00 7.149167116207552297e+00 7.142723537811924039e+00
2.500000000000000000e+01 4.667078922390288653e+00 4.632841024250323514e+00 7.135755043274983223e+00 7.136009135410520621e+00
2.600000000000000000e+01 4.673758434725797883e+00 4.633806039458537640e+00 7.145798215506556694e+00 7.136338097329510077e+00
2.700000000000000000e+01 4.666569708998538957e+00 4.633164941118225855e+00 7.135480615671381699e+00 7.135284518132617215e+00
2.800000000000000000e+01 4.667682388152528894e+00 4.632232438656726181e+00 7.137358373558752689e+00 7.133882352357215240e+00
2.900000000000000000e+01 4.660706107242897467e+00 4.630195820239533688e+00 7.126585845442529710e+00 7.130497265931117212e+00
3.000000000000000000e+01 4.669457146840911399e+00 4.638285659444158604e+00 7.141588102907607372e+00 7.143769115957101512e+00
3.100000000000000000e+01 4.665245385779211773e+00 4.632121846041049373e+00 7.135913759650982513e+00 7.135289627817123836e+00
3.200000000000000000e+01 4.671980232843755410e+00 4.641761187644776854e+00 7.147938872362226803e+00 7.149108014701647917e+00
3.220000000000000284e+01 4.660278092202974953e+00 4.629046226261058550e+00 7.129577728560011707e+00 7.130143480385910060e+00
3.239999999999999858e+01 4.661433130752613785e+00 4.631571553478474712e+00 7.132328093607696928e+00 7.133422845436167670e+00
3.260000000000000142e+01 4.658697039928133776e+00 4.631198792485331062e+00 7.126871803849666343e+00 7.132265555334834417e+00
3.279999999999999716e+01 4.661610183505899840e+00 4.633266796018647327e+00 7.131948366474827772e+00 7.135912878264314863e+00
3.300000000000000000e+01 4.657531270271831225e+00 4.625793875394195176e+00 7.126766981624470532e+00 7.125328217137377962e+00
3.320000000000000284e+01 4.656778540959521706e+00 4.629443170606773350e+00 7.127739853058248976e+00 7.132010904356041792e+00
3.339999999999999858e+01 4.653347937010042124e+00 4.625673598981586032e+00 7.122368205731817170e+00 7.126215004410578757e+00
3.360000000000000142e+01 4.661385005790216418e+00 4.630135602122797067e+00 7.133619681509198784e+00 7.131708370669167962e+00
3.379999999999999716e+01 4.666789442739527338e+00 4.634540830932770028e+00 7.142569866826521618e+00 7.139091666129700364e+00
3.400000000000000000e+01 4.661784912771030243e+00 4.630757805661660065e+00 7.134855287206466556e+00 7.132667229642160045e+00
3.420000000000000284e+01 4.659504942743623701e+00 4.625821982524181308e+00 7.131751852483577458e+00 7.125706906870118651e+00
3.439999999999999858e+01 4.651171508964674572e+00 4.628786854859018085e+00 7.119641544694621516e+00 7.131172085517351711e+00
3.460000000000000142e+01 4.659762952531218971e+00 4.626578797073849003e+00 7.133608706322776882e+00 7.128436138603632344e+00
3.479999999999999716e+01 4.656309286331097752e+00 4.624271041421098793e+00 7.128628161623695725e+00 7.124235635586557258e+00
3.500000000000000000e+01 4.651699858744977156e+00 4.624012788983286271e+00 7.122768993640149482e+00 7.123635681363825078e+00
3.520000000000000284e+01 4.653428654385201035e+00 4.621923086414335025e+00 7.123914994461288508e+00 7.119893313094192600e+00
3.539999999999999858e+01 4.655526367437635038e+00 4.624679835513854087e+00 7.126996326109606983e+00 7.124600464781971176e+00
3.560000000000000142e+01 4.650980201955698945e+00 4.621492747659989853e+00 7.120859930085776668e+00 7.119117107930811983e+00
3.579999999999999716e+01 4.652969730599063602e+00 4.623202244039328335e+00 7.122618290392075835e+00 7.121568943330427004e+00
3.600000000000000000e+01 4.651861456005277340e+00 4.624573572468196225e+00 7.122080883290600184e+00 7.124275747175984996e+00
3.620000000000000284e+01 4.645763546756079165e+00 4.619506021532879814e+00 7.113362283503682271e+00 7.117114667689933505e+00
3.639999999999999858e+01 4.643841533245904429e+00 4.620732089593509784e+00 7.109690728155476869e+00 7.117662082520727296e+00
3.660000000000000142e+01 4.648603578320234853e+00 4.616452183151213973e+00 7.117441788130216551e+00 7.112725581551790910e+00
3.679999999999999716e+01 4.662016896776051134e+00 4.630587799832579954e+00 7.137717201218596763e+00 7.133033343766042478e+00
3.700000000000000000e+01 4.649763022819986880e+00 4.625983978910693573e+00 7.119010524243535976e+00 7.127127413287636770e+00
3.720000000000000284e+01 4.660130590330607170e+00 4.631304814653339541e+00 7.134620980955232561e+00 7.134267109612705049e+00
3.739999999999999858e+01 4.656549679756039062e+00 4.627424816097456706e+00 7.129951136184914162e+00 7.128097644721905546e+00
3.760000000000000142e+01 4.661424322764542438e+00 4.631195348816710577e+00 7.137248904658287429e+00 7.133630167700538927e+00
3.779999999999999716e+01 4.649605429417619007e+00 4.626931216665141733e+00 7.118870064537202502e+00 7.127478956172331515e+00
3.800000000000000000e+01 4.651198092919388571e+00 4.625365299396917429e+00 7.122110511541289490e+00 7.125708746682412276e+00
3.820000000000000284e+01 4.652841365061115120e+00 4.629446053948599982e+00 7.123551118256550296e+00 7.131320231299089762e+00
3.839999999999999858e+01 4.640908602258910776e+00 4.614186948156763890e+00 7.108102184508267030e+00 7.110208081330506857e+00
3.860000000000000142e+01 4.652504077967689611e+00 4.624985171874307355e+00 7.123580506095664511e+00 7.124065703792788362e+00
3.879999999999999716e+01 4.645679145206512040e+00 4.618168646454678061e+00 7.115624415091962973e+00 7.116110889983525922e+00
3.900000000000000000e+01 4.648356700128089436e+00 4.619060069959805226e+00 7.117177293013291717e+00 7.115299375427953876e+00
3.920000000000000284e+01 4.646812963773867544e+00 4.622166601152681409e+00 7.114599332563424028e+00 7.120781135585882993e+00
3.939999999999999858e+01 4.647742103578665684e+00 4.619469587496833896e+00 7.117619081639605660e+00 7.116083664349929450e+00
3.960000000000000142e+01 4.654329768615284024e+00 4.628563919404819593e+00 7.127785820602164257e+00 7.130776661022260932e+00
3.979999999999999716e+01 4.649846383561123453e+00 4.620497783074829279e+00 7.121426244889000223e+00 7.119461522912255091e+00
4.000000000000000000e+01 4.652320620305006926e+00 4.624040657641626417e+00 7.125674393069919788e+00 7.125881082152248247e+00
4.020000000000000284e+01 4.649315628370796816e+00 4.619865730311628838e+00 7.119517416507594731e+00 7.117969824217089680e+00
4.039999999999999858e+01 4.650955457440086427e+00 4.619026998348131130e+00 7.122729195026158422e+00 7.116301956828363195e+00
4.060000000000000142e+01 4.655647124005622750e+00 4.625207226808334404e+00 7.128317856281908504e+00 7.125237248228890152e+00
4.079999999999999716e+01 4.650792099681838820e+00 4.618351223986040033e+00 7.120493491741350489e+00 7.114558815040816775e+00
4.100000000000000000e+01 4.637632787626479569e+00 4.610488324184292885e+00 7.104616377298596852e+00 7.105804898379208367e+00
4.120000000000000284e+01 4.646085298885213710e+00 4.617547405687729700e+00 7.115090934304678427e+00 7.113655294441376675e+00
4.139999999999999858e+01 4.644120519404882685e+00 4.615337824472694805e+00 7.111716773091104393e+00 7.109510523280520466e+00
4.160000000000000142e+01 4.642479486419051504e+00 4.614256375977317859e+00 7.110388344797493154e+00 7.110069467711969793e+00
4.179999999999999716e+01 4.644235746078417826e+00 4.613541522550129059e+00 7.112595934461053204e+00 7.109071850354047761e+00
4.200000000000000000e+01 4.645962139887960696e+00 4.618969663511625079e+00 7.115244365007421301e+00 7.115641394097776740e+00
4.220000000000000284e+01 4.647291107284609701e+00 4.618815753150591341e+00 7.116614182051788084e+00 7.115684391725864977e+00
4.239999999999999858e+01 4.640096935465005679e+00 4.613813147743501375e+00 7.106143549675100424e+00 7.108548225455487923e+00
4.260000000000000142e+01 4.650271595581648043e+00 4.619175543008017470e+00 7.122057020751723755e+00 7.117726151125967959e+00
4.279999999999999716e+01 4.643207871422111666e+00 4.617527708134075759e+00 7.111380511406736993e+00 7.114859836918310698e+00
4.300000000000000000e+01 4.644250560676762341e+00 4.614869770369890212e+00 7.113989216610971056e+00 7.110947205631715562e+00
4.400000000000000000e+01 4.647161541151382913e+00 4.621822025981244586e+00 7.117561345714580767e+00 7.120402521330977841e+00
4.500000000000000000e+01 4.639156264764443982e+00 4.612841083439454870e+00 7.104362211840298258e+00 7.106253735064155919e+00
4.600000000000000000e+01 4.643338316394365783e+00 4.615591269180490563e+00 7.111136908511551447e+00 7.110150425713543498e+00
4.700000000000000000e+01 4.645155437638858409e+00 4.616799239713351710e+00 7.113941730739115954e+00 7.112420804648619921e+00
4.800000000000000000e+01 4.639183089964404871e+00 4.608277789680954584e+00 7.104096509472918264e+00 7.100057549491919140e+00
4.900000000000000000e+01 4.634454108182330501e+00 4.607339274320583655e+00 7.097940096568582824e+00 7.098718939260978189e+00
5.000000000000000000e+01 4.638757239601702054e+00 4.611706865306844705e+00 7.104113573854223596e+00 7.105298805173837273e+00
5.100000000000000000e+01 4.639186054755040978e+00 4.613907718073504860e+00 7.104813536760046233e+00 7.108104186817652881e+00
5.200000000000000000e+01 4.639753963341136433e+00 4.608041234575714462e+00 7.106275599458036218e+00 7.100462963980180398e+00
5.300000000000000000e+01 4.645903522705708610e+00 4.621163149817300919e+00 7.115024068570965809e+00 7.118905466886662481e+00
5.400000000000000000e+01 4.640473299624974679e+00 4.611151607593772184e+00 7.107220680303494298e+00 7.103067826164220833e+00
5.500000000000000000e+01 4.645736080160700610e+00 4.618272908700610913e+00 7.116867709233836159e+00 7.116112095278489313e+00
5.600000000000000000e+01 4.634303656237531932e+00 4.613704961208939359e+00 7.099149968915959619e+00 7.108624854393950088e+00
5.700000000000000000e+01 4.638773012858473876e+00 4.610407845693511142e+00 7.105775911481053697e+00 7.103789887422948368e+00
5.800000000000000000e+01 4.633718034871306735e+00 4.608696911394553730e+00 7.100085072361433269e+00 7.102534913855171439e+00
5.900000000000000000e+01 4.622475141895502126e+00 4.599152781031373038e+00 7.082000847599039695e+00 7.087478192384081055e+00
6.000000000000000000e+01 4.637147758195700575e+00 4.610150877436253403e+00 7.103327760208319575e+00 7.102854656079498064e+00
6.100000000000000000e+01 4.630765733890682689e+00 4.610258020907844312e+00 7.095016279091509226e+00 7.104241209964965442e+00
6.200000000000000000e+01 4.636085768577046018e+00 4.606988774529792607e+00 7.102954513733055641e+00 7.098706206458240686e+00
6.300000000000000000e+01 4.639806093967028922e+00 4.613080595843009668e+00 7.109050311476176276e+00 7.108630138368843276e+00
6.400000000000000000e+01 4.639843730282206202e+00 4.611352522473779025e+00 7.108172332608412525e+00 7.106486527601368230e+00
6.500000000000000000e+01 4.633588404357561252e+00 4.608553088650509721e+00 7.098926715191063330e+00 7.102469317729593001e+00
6.600000000000000000e+01 4.640165482192700530e+00 4.609322795922128790e+00 7.110240434054594161e+00 7.103236872826999893e+00
6.700000000000000000e+01 4.635570229706725165e+00 4.610822252513055552e+00 7.103596263174238423e+00 7.105020548898119515e+00
6.800000000000000000e+01 4.634567820042893693e+00 4.613659396747192609e+00 7.101867139838406118e+00 7.109465835001087974e+00
6.900000000000000000e+01 4.641725073079495445e+00 4.613224015705773340e+00 7.111778335153054798e+00 7.108180502090398534e+00
7.000000000000000000e+01 4.639586282094794178e+00 4.615550268647633736e+00 7.108172577429973771e+00 7.111275762703626491e+00
7.020000000000000284e+01 4.635355383792697737e+00 4.613153707472740450e+00 7.103758750626624874e+00 7.108280839842255006e+00
7.040000000000000568e+01 4.642731327733268465e+00 4.609341533777312705e+00 7.114037261351604968e+00 7.102116496859947503e+00
7.059999999999999432e+01 4.634055882472494226e+00 4.610544699711108585e+00 7.101882749628223301e+00 7.104461188411725914e+00
7.079999999999999716e+01 4.633969478108110884e+00 4.606351276679779616e+00 7.101541693943741684e+00 7.099349554741817059e+00
7.100000000000000000e+01 4.625716122252717888e+00 4.601910333439116485e+00 7.088420559870887594e+00 7.091769346927583761e+00
7.120000000000000284e+01 4.632724912984725663e+00 4.606529849171139723e+00 7.098227498980841155e+00 7.098471334475601857e+00
7.140000000000000568e+01 4.626794524956776122e+00 4.602427554747053229e+00 7.091573232125157666e+00 7.092689046188187518e+00
7.159999999999999432e+01 4.634026333125964570e+00 4.607548756138759138e+00 7.101382578565190506e+00 7.099417938230645042e+00
7.179999999999999716e+01 4.639702391681765015e+00 4.606643238578433497e+00 7.109567050061634141e+00 7.097808685168362608e+00
7.200000000000000000e+01 4.640331963643276048e+00 4.612931731572847305e+00 7.110892912210107220e+00 7.107042266578477374e+00
7.220000000000000284e+01 4.629666189301232748e+00 4.603391289872135417e+00 7.094841231262006609e+00 7.093719417922464743e+00
7.240000000000000568e+01 4.623448966993922937e+00 4.601642312969421944e+00 7.087672154663849255e+00 7.092238042190833092e+00
7.259999999999999432e+01 4.621395294171454005e+00 4.601032521900405570e+00 7.084824642057988342e+00 7.092082930092312942e+00
7.279999999999999716e+01 4.631398666777370110e+00 4.606650048807694908e+00 7.099805356830605874e+00 7.100783926111064126e+00
7.300000000000000000e+01 4.634713561924212577e+00 4.609268103632330416e+00 7.104367665277507626e+00 7.103409363948003374e+00
7.320000000000000284e+01 4.633757274684772831e+00 4.613823075018632203e+00 7.102216681709531798e+00 7.110382650113258762e+00
7.340000000000000568e+01 4.631471297823758881e+00 4.609032353542618310e+00 7.099300145794825490e+00 7.103290441810496070e+00
7.359999999999999432e+01 4.621600374593377580e+00 4.600823039851959173e+00 7.084528118246122830e+00 7.090528054180170514e+00
7.379999999999999716e+01 4.623790016465862074e+00 4.593342193998195988e+00 7.086696076762685870e+00 7.079921459721541410e+00
7.400000000000000000e+01 4.628780056958911260e+00 4.609899192951277591e+00 7.094603181414528947e+00 7.104927959969770335e+00
7.420000000000000284e+01 4.628432433321639117e+00 4.599083835703789980e+00 7.093740714268191638e+00 7.088617150736948425e+00
7.440000000000000568e+01 4.636087930642498911e+00 4.608194582150563434e+00 7.103550375982500498e+00 7.099573370944970208e+00
7.459999999999999432e+01 4.631012053542391982e+00 4.603604455156711239e+00 7.096607357272085359e+00 7.093044994104506173e+00
7.479999999999999716e+01 4.632311472178050948e+00 4.601381188257771981e+00 7.100095804065012395e+00 7.091273770720224690e+00
7.500000000000000000e+01 4.625944823451665577e+00 4.600749609668408624e+00 7.090118217067426620e+00 7.089591302112594917e+00
7.520000000000000284e+01 4.630936218002690730e+00 4.605261740053390618e+00 7.098773866926697984e+00 7.098305171123734603e+00
7.540000000000000568e+01 4.626551569612600723e+00 4.600088734019598391e+00 7.092457536601143531e+00 7.089642649647418082e+00
7.559999999999999432e+01 4.628422663422808725e+00 4.600912009462517993e+00 7.095289185880685245e+00 7.090112220121414843e+00
7.579999999999999716e+01 4.635062056402108333e+00 4.610120606852952996e+00 7.106181026300571801e+00 7.105644578016986124e+00
7.600000000000000000e+01 4.633836389229528230e+00 4.608509366869254720e+00 7.101925909949242666e+00 7.101492285117582348e+00
7.620000000000000284e+01 4.629724003278169242e+00 4.600268746640365336e+00 7.095980737353438705e+00 7.088106582394577693e+00
7.640000000000000568e+01 4.629368540373246965e+00 4.604464087313252740e+00 7.095364701130542073e+00 7.094866531587571856e+00
7.659999999999999432e+01 4.618680343063664928e+00 4.595174928281297255e+00 7.080469585639002972e+00 7.082419014585470407e+00
7.679999999999999716e+01 4.635132685135095798e+00 4.609520026973039641e+00 7.104285094718938431e+00 7.103592420062981638e+00
7.700000000000000000e+01 4.634339596484927881e+00 4.611722559676959321e+00 7.104405531745415558e+00 7.108144462910787276e+00
7.720000000000000284e+01 4.628045898238889677e+00 4.599131241098313616e+00 7.095168107198698948e+00 7.088542916188098175e+00
7.740000000000000568e+01 4.626663277748645164e+00 4.597338543735999927e+00 7.093876923200489237e+00 7.085935006735329722e+00
7.759999999999999432e+01 4.630268292213666648e+00 4.604042400445202965e+00 7.096360153517093039e+00 7.094755309067844351e+00
7.779999999999999716e+01 4.631865121157050957e+00 4.611303034884131513e+00 7.099387597257130089e+00 7.104964641500184364e+00
7.800000000000000000e+01 4.629822579828191564e+00 4.607321255823221051e+00 7.095320415747852216e+00 7.099400161274534327e+00
7.820000000000000284e+01 4.625457391239264027e+00 4.602340591137624948e+00 7.087623139131026484e+00 7.091445833941203425e+00
7.840000000000000568e+01 4.629122701613213486e+00 4.602071288817414896e+00 7.095210227916031620e+00 7.091472895416965905e+00
7.859999999999999432e+01 4.637201730351471873e+00 4.611220797048527054e+00 7.107223646901485559e+00 7.105573243233933134e+00
7.879999999999999716e+01 4.635636133803616943e+00 4.608677289222918638e+00 7.106190959797346274e+00 7.103805023873985824e+00
7.900000000000000000e+01 4.634075180729947618e+00 4.607083824899039115e+00 7.106463224203549700e+00 7.102258951847143287e+00
7.920000000000000284e+01 4.630449106002060944e+00 4.601028280962546013e+00 7.099763634306417437e+00 7.092185601703641318e+00
7.940000000000000568e+01 4.628426026915000158e+00 4.606606723307304918e+00 7.097274807020006904e+00 7.100607820886378541e+00
7.959999999999999432e+01 4.622042962039392577e+00 4.600577120888578619e+00 7.087334135201990293e+00 7.091486508139219325e+00
7.979999999999999716e+01 4.626331758158153562e+00 4.599885650564081274e+00 7.092418864306995197e+00 7.089236948761041823e+00
8.000000000000000000e+01 4.619958464452810887e+00 4.600748808102909315e+00 7.083684577281604611e+00 7.090754275741424806e+00
8.100000000000000000e+01 4.627009613844955460e+00 4.597774726297180869e+00 7.093495672323935075e+00 7.086519337735905921e+00
8.200000000000000000e+01 4.629061842615314504e+00 4.600999130387373626e+00 7.096534802492296734e+00 7.091727946295017126e+00
8.300000000000000000e+01 4.627057580180658825e+00 4.608537795449224816e+00 7.093283144348491831e+00 7.102274653402559146e+00
8.400000000000000000e+01 4.631257730252845484e+00 4.608908953875894277e+00 7.099202688288961838e+00 7.102573901279369828e+00
8.500000000000000000e+01 4.621868071918572518e+00 4.599583758197429262e+00 7.086887135850990838e+00 7.090262271488446899e+00
8.600000000000000000e+01 4.621786632902373348e+00 4.596872895573018702e+00 7.086110376629889629e+00 7.085437411837569144e+00
8.700000000000000000e+01 4.626845455088188785e+00 4.602687726011766678e+00 7.095881524688107511e+00 7.095979138320150703e+00
8.800000000000000000e+01 4.623011820698456731e+00 4.602702299707900124e+00 7.088771939381372178e+00 7.094013856178694510e+00
8.900000000000000000e+01 4.629754355156856072e+00 4.604283193063771762e+00 7.098984961875357769e+00 7.096093814205128858e+00
9.000000000000000000e+01 4.632136021414314797e+00 4.609916571056804635e+00 7.101294332541801424e+00 7.103671617015169915e+00
9.100000000000000000e+01 4.631731949598428599e+00 4.606765277139082571e+00 7.100411789281948494e+00 7.099245530581561603e+00
9.200000000000000000e+01 4.619962867850882837e+00 4.598794994676766557e+00 7.086086521019705486e+00 7.090500186544643313e+00
9.300000000000000000e+01 4.625536586359168645e+00 4.604510211624211813e+00 7.093009837125198835e+00 7.097651091031133674e+00
9.400000000000000000e+01 4.636851470309609979e+00 4.613506208557354604e+00 7.108913135507475722e+00 7.110146341287196137e+00
9.500000000000000000e+01 4.637346269789155428e+00 4.613156990582681694e+00 7.108129890197844247e+00 7.108997219807748458e+00
9.600000000000000000e+01 4.640134411994027097e+00 4.611732410065332743e+00 7.112457480370322216e+00 7.106921510948941645e+00
9.700000000000000000e+01 4.640088286819774588e+00 4.608176084248377435e+00 7.113315757506478931e+00 7.100832361334587617e+00
9.800000000000000000e+01 4.625606414130599475e+00 4.603315053360089060e+00 7.091075467454006187e+00 7.094679626757611324e+00
9.900000000000000000e+01 4.630648660096901459e+00 4.607864662388930554e+00 7.098802377355341697e+00 7.100712163632292295e+00
1.000000000000000000e+02 4.626719572652901569e+00 4.600438907858226401e+00 7.093551006014110705e+00 7.089817440733928500e+00
1.000000000000000000e+02 4.622984993716166890e+00 4.599794282611870955e+00 7.087374250119657049e+00 7.088998638299267796e+00
9.900000000000000000e+01 4.631399707860321513e+00 4.609802779539906581e+00 7.099781013636444094e+00 7.104981052082023574e+00
9.800000000000000000e+01 4.636982479086475095e+00 4.608112582197748885e+00 7.108587623823735768e+00 7.102162459134327754e+00
9.700000000000000000e+01 4.637376458787421107e+00 4.611548151270502771e+00 7.111169499536043936e+00 7.107973898435482774e+00
9.600000000000000000e+01 4.636602990543824632e+00 4.614381296450964953e+00 7.108796705378454206e+00 7.112690186964671923e+00
9.500000000000000000e+01 4.637664738339802639e+00 4.610737606155446144e+00 7.111058111182131825e+00 7.107538594251461284e+00
9.400000000000000000e+01 4.633104319109318858e+00 4.605376572480949449e+00 7.103347296510114539e+00 7.098156790074279243e+00
9.300000000000000000e+01 4.629754113009700411e+00 4.608280905931528615e+00 7.098159668675881662e+00 7.102314850472608576e+00
9.200000000000000000e+01 4.641264627243365304e+00 4.618951244631824160e+00 7.115516950201856261e+00 7.118621983118251784e+00
9.100000000000000000e+01 4.637777568902787806e+00 4.617138287963798327e+00 7.108145429433971429e+00 7.114815463477389024e+00
9.000000000000000000e+01 4.638238174679497838e+00 4.611630151795876209e+00 7.109598367006622510e+00 7.107763616766050951e+00
8.900000000000000000e+01 4.634803085296864467e+00 4.605053859871913069e+00 7.104422827531358564e+00 7.097714918854904020e+00
8.800000000000000000e+01 4.622612155097199249e+00 4.596823403871985292e+00 7.088104973831836020e+00 7.086539034558519745e+00
8.700000000000000000e+01 4.628067199691741962e+00 4.606563401661161627e+00 7.096444477502158676e+00 7.100943670158845755e+00
8.600000000000000000e+01 4.624918549292915237e+00 4.600385255009427077e+00 7.088473411115167266e+00 7.090228078721140470e+00
8.500000000000000000e+01 4.632591102111366155e+00 4.602184037797063532e+00 7.101967949857687756e+00 7.093186088560532454e+00
8.400000000000000000e+01 4.631899474413441631e+00 4.607381954194180729e+00 7.101509590988277054e+00 7.101563153387132843e+00
8.300000000000000000e+01 4.630585799239907097e+00 4.605482833604919612e+00 7.099156723875966968e+00 7.098238863481253880e+00
8.200000000000000000e+01 4.632487726345968504e+00 4.600675939661130975e+00 7.100636504645384761e+00 7.090062888228047200e+00
8.100000000000000000e+01 4.625707717680783482e+00 4.598619064297943204e+00 7.090457442996812354e+00 7.086912841545755626e+00
8.000000000000000000e+01 4.626549167619174341e+00 4.603308808073996339e+00 7.093192095638733541e+00 7.094562635232819936e+00
7.979999999999999716e+01 4.631366555762586934e+00 4.606598475465714770e+00 7.099119647493966845e+00 7.098350175243431259e+00
7.959999999999999432e+01 4.633169422612441579e+00 4.599994320387042812e+00 7.101976038047165041e+00 7.088661603256191768e+00
7.940000000000000568e+01 4.625001988760280902e+00 4.597830622917252086e+00 7.089556784758564767e+00 7.085343797740477179e+00
7.920000000000000284e+01 4.626191061327242338e+00 4.601603557050647275e+00 7.091745724929822359e+00 7.090780304073492246e+00
7.900000000000000000e+01 4.628018993258431024e+00 4.607264321134614704e+00 7.094527004551655303e+00 7.100106052972201098e+00
7.879999999999999716e+01 4.635165516597467672e+00 4.609196272277546136e+00 7.102594320971459041e+00 7.102743507057541095e+00
7.859999999999999432e+01 4.627713174858095968e+00 4.598822941622475291e+00 7.093884769849495342e+00 7.087038483552987600e+00
7.840000000000000568e+01 4.629918912836390454e+00 4.605526075931797081e+00 7.098473415869476888e+00 7.098465326518828000e+00
7.820000000000000284e+01 4.628499137330763347e+00 4.599757607558225381e+00 7.093363463564109850e+00 7.088100402278281642e+00
7.800000000000000000e+01 4.628226955191194314e+00 4.606147879328247541e+00 7.095142327482748534e+00 7.098555577929047899e+00
7.779999999999999716e+01 4.632655565407025833e+00 4.607674317782874063e+00 7.101707458175394727e+00 7.101310988232421018e+00
7.759999999999999432e+01 4.618630540629203196e+00 4.598964038389163456e+00 7.081223222764037928e+00 7.088618507653701606e+00
7.740000000000000568e+01 4.625644933137944115e+00 4.603399135718713175e+00 7.092916312130148171e+00 7.095640889139504637e+00
7.720000000000000284e+01 4.627411928270965369e+00 4.604103017245432028e+00 7.094164102022705087e+00 7.096094450392762987e+00
7.700000000000000000e+01 4.621076509092212348e+00 4.600268181601767203e+00 7.084871742005087292e+00 7.091174443634026936e+00
7.679999999999999716e+01 4.622820034399713229e+00 4.598359853486185145e+00 7.086221605847645932e+00 7.086632809263436528e+00
7.659999999999999432e+01 4.626973017383301467e+00 4.603273093098848356e+00 7.093728216160119615e+00 7.094863407823171819e+00
7.640000000000000568e+01 4.633953864611878082e+00 4.610848594602017236e+00 7.103457652704417313e+00 7.105088042985602037e+00
7.620000000000000284e+01 4.630935017691283129e+00 4.603684378513586140e+00 7.098204033185489870e+00 7.094182127266777549e+00
7.600000000000000000e+01 4.628296863538045258e+00 4.607136997417408786e+00 7.095456797058388609e+00 7.100008196186951004e+00
7.579999999999999716e+01 4.635988553396541256e+00 4.604853905836265859e+00 7.107689137185296602e+00 7.097306999012594986e+00
7.559999999999999432e+01 4.629029411311345044e+00 4.605729152835852602e+00 7.096248683455835149e+00 7.097290979542544065e+00
7.540000000000000568e+01 4.623867048877569275e+00 4.600818715343461207e+00 7.089993130826115042e+00 7.091210399725295765e+00
7.520000000000000284e+01 4.625129074636982196e+00 4.599932816250737133e+00 7.092724930395520211e+00 7.090193163395415610e+00
7.500000000000000000e+01 4.628134623068786979e+00 4.600249764345019088e+00 7.096948883397347529e+00 7.090618142132070645e+00
7.479999999999999716e+01 4.621408588358487002e+00 4.595016533075158449e+00 7.087202810578760115e+00 7.083333502042596486e+00
7.459999999999999432e+01 4.630869834095399540e+00 4.602258430946034373e+00 7.099112359349206258e+00 7.092747263535611246e+00
7.440000000000000568e+01 4.632121448810563535e+00 4.602582588536398234e+00 7.103179620203060374e+00 7.093989530718959990e+00
7.420000000000000284e+01 4.623792018130468584e+00 4.602066563894743112e+00 7.090032376262498381e+00 7.093126590116833441e+00
7.400000000000000000e+01 4.631757975984350573e+00 4.609188504422204957e+00 7.102164305821939472e+00 7.104797833235347859e+00
7.379999999999999716e+01 4.633885797139173590e+00 4.607624269589086552e+00 7.105217366706281901e+00 7.102028410206815856e+00
7.359999999999999432e+01 4.627079120342288299e+00 4.595549931875347660e+00 7.093694823976430364e+00 7.083043545963188414e+00
7.340000000000000568e+01 4.622507813982424274e+00 4.598081582605433759e+00 7.088900391213341479e+00 7.086954479224152337e+00
7.320000000000000284e+01 4.627591937756866614e+00 4.598578465384330904e+00 7.097506630403298544e+00 7.089036118077479465e+00
7.300000000000000000e+01 4.622232344713364860e+00 4.600853068557147374e+00 7.087880986309044395e+00 7.091732109301997156e+00
7.279999999999999716e+01 4.630453671417806838e+00 4.607813492744388562e+00 7.101007653376628426e+00 7.103118274575391133e+00
7.259999999999999432e+01 4.626583842665207946e+00 4.603223845975917605e+00 7.095513088758554687e+00 7.095935977666507632e+00
7.240000000000000568e+01 4.615985651974593651e+00 4.591312465772372953e+00 7.079465324800398029e+00 7.077280874418993228e+00
7.220000000000000284e+01 4.613655634585337673e+00 4.589280416854765399e+00 7.074842729372936567e+00 7.074432571334195785e+00
7.200000000000000000e+01 4.621806251051243208e+00 4.596522632226068161e+00 7.087943444911951829e+00 7.085508346557509718e+00
7.179999999999999716e+01 4.620228563584004355e+00 4.598856493217414965e+00 7.086033182860987267e+00 7.089853390859041760e+00
7.159999999999999432e+01 4.627046689409046287e+00 4.600201399107655575e+00 7.096171966302389222e+00 7.091637303758071553e+00
7.140000000000000568e+01 4.626272419992583984e+00 4.599460520690636045e+00 7.094125809491253598e+00 7.089950933934082933e+00
7.120000000000000284e+01 4.615126027834800304e+00 4.596676703216629356e+00 7.076711465465599815e+00 7.085230961879646294e+00
7.100000000000000000e+01 4.623241082266843271e+00 4.596956733886536028e+00 7.090676678558223145e+00 7.085616696075409671e+00
7.079999999999999716e+01 4.615192723382381956e+00 4.589696338807429221e+00 7.077999811886883208e+00 7.076571057031796563e+00
7.059999999999999432e+01 4.606480123207087551e+00 4.584587548385936628e+00 7.064784106961083943e+00 7.068694879975583767e+00
7.040000000000000568e+01 4.609754895983720679e+00 4.584253625676710797e+00 7.070036517417729982e+00 7.067348927772529876e+00
7.020000000000000284e+01 4.617732787267061489e+00 4.594477210183845806e+00 7.081409071991687121e+00 7.082307298442108490e+00
7.000000000000000000e+01 4.613397144317092469e+00 4.592638308494268351e+00 7.074966851398061252e+00 7.079653665827046360e+00
6.900000000000000000e+01 4.623334773230651784e+00 4.598744465230439893e+00 7.088684332444025848e+00 7.089335847097979482e+00
6.800000000000000000e+01 4.625394210294003550e+00 4.600635898847859728e+00 7.094369252609740606e+00 7.092725562653767746e+00
6.700000000000000000e+01 4.619945328578794808e+00 4.596515025630861118e+00 7.085549428322040377e+00 7.086152098465781535e+00
6.600000000000000000e+01 4.624950418817781461e+00 4.599443783076399228e+00 7.092675672359794348e+00 7.089888468059140081e+00
6.500000000000000000e+01 4.622252444154733020e+00 4.595127040548650399e+00 7.088822706704460686e+00 7.083252304431614021e+00
6.400000000000000000e+01 4.624282410938411303e+00 4.594451425691094215e+00 7.091827561736161023e+00 7.082850470891642658e+00
6.300000000000000000e+01 4.620340110804083800e+00 4.595529991285860483e+00 7.084479421637760232e+00 7.083933851215530098e+00
6.200000000000000000e+01 4.618105226030450261e+00 4.587848949473444016e+00 7.082530400289522632e+00 7.072765981442207917e+00
6.100000000000000000e+01 4.621920283380712924e+00 4.599824551597976097e+00 7.086707683935602908e+00 7.089894872669215253e+00
6.000000000000000000e+01 4.622195829583493953e+00 4.592233838807675106e+00 7.087262863391984524e+00 7.078169183394596331e+00
5.900000000000000000e+01 4.615714751125555182e+00 4.594008676995883000e+00 7.078055713307865204e+00 7.082578926647275175e+00
5.800000000000000000e+01 4.611489055504955026e+00 4.590411591162215643e+00 7.073233718192303954e+00 7.077517819525839471e+00
5.700000000000000000e+01 4.612059527366293210e+00 4.592879582625411850e+00 7.074049712492210595e+00 7.080028833494059093e+00
5.600000000000000000e+01 4.615467550116949980e+00 4.591516982387360279e+00 7.077845662839336249e+00 7.078118647312247269e+00
5.500000000000000000e+01 4.616241500040788814e+00 4.589760960654555966e+00 7.078565165878097254e+00 7.075550937543018115e+00
5.400000000000000000e+01 4.614936234751198185e+00 4.591020581521668475e+00 7.075443393802562930e+00 7.076796956367537916e+00
5.300000000000000000e+01 4.616258876028419778e+00 4.589731092889085318e+00 7.078014464682184759e+00 7.075730317189246499e+00
5.200000000000000000e+01 4.610709659874173916e+00 4.582685468101845849e+00 7.070438665768075559e+00 7.065941159620251710e+00
5.100000000000000000e+01 4.607283540798864152e+00 4.584158332642685352e+00 7.066523083025153085e+00 7.068490921426826112e+00
5.000000000000000000e+01 4.611047507560070535e+00 4.589759440554196601e+00 7.071770208187759366e+00 7.076028208710252621e+00
4.900000000000000000e+01 4.623917018428847392e+00 4.599069902983765168e+00 7.091627612151299331e+00 7.090545437992880728e+00
4.800000000000000000e+01 4.624103117888800796e+00 4.598187125073867954e+00 7.091071225432115099e+00 7.089296368270777471e+00
4.700000000000000000e+01 4.628890475426671536e+00 4.601811516600696983e+00 7.096123757183633529e+00 7.094266503549664371e+00
4.600000000000000000e+01 4.626803573637292999e+00 4.597544742457894351e+00 7.091879851561024850e+00 7.086743393290378279e+00
4.500000000000000000e+01 4.620608210799248106e+00 4.593312081383279732e+00 7.083189762426887803e+00 7.080269788212455673e+00
4.400000000000000000e+01 4.619284287795240473e+00 4.596418931299670163e+00 7.083409976961720922e+00 7.085977203310774186e+00
4.300000000000000000e+01 4.618169688088141989e+00 4.594984501959621603e+00 7.081899222199792732e+00 7.083530494501181884e+00
4.279999999999999716e+01 4.614497330054119217e+00 4.589689691479946987e+00 7.078224913737460433e+00 7.078667181979833245e+00
4.260000000000000142e+01 4.614363680054300865e+00 4.588596232520557372e+00 7.078143231892926934e+00 7.076373022536059487e+00
4.239999999999999858e+01 4.613164357976345720e+00 4.588192961751042631e+00 7.074696584720796544e+00 7.074794119641196311e+00
4.220000000000000284e+01 4.610491768544299873e+00 4.588772964361833573e+00 7.068726031918417085e+00 7.073961468276494635e+00
4.200000000000000000e+01 4.611170748952096332e+00 4.592343064703310773e+00 7.069446825070544449e+00 7.079896151077234023e+00
4.179999999999999716e+01 4.615651647767205823e+00 4.592960301056365324e+00 7.077078110097090757e+00 7.080456932750323062e+00
4.160000000000000142e+01 4.622898750349025754e+00 4.592044695575070001e+00 7.088994874421664427e+00 7.079493597530157167e+00
4.139999999999999858e+01 4.614179341384074817e+00 4.591685706691865043e+00 7.074806611599834483e+00 7.077468414920868867e+00
4.120000000000000284e+01 4.610136945038513900e+00 4.587340054991766003e+00 7.069741985893135627e+00 7.072309370505534432e+00
4.100000000000000000e+01 4.616416074006930437e+00 4.595007324333267640e+00 7.077168298490731146e+00 7.083009426429160094e+00
4.079999999999999716e+01 4.611493142552793856e+00 4.586616875521645653e+00 7.069526667790440477e+00 7.070343854524280935e+00
4.060000000000000142e+01 4.619501538147462227e+00 4.588911259922495489e+00 7.081442614236525657e+00 7.073799315410532529e+00
4.039999999999999858e+01 4.617548126128721897e+00 4.589294752001796596e+00 7.079129156905792364e+00 7.075103231500967205e+00
4.020000000000000284e+01 4.611945898752908946e+00 4.588461062459062489e+00 7.070461091518509988e+00 7.073729082348292785e+00
4.000000000000000000e+01 4.608103855747800459e+00 4.581562379511542105e+00 7.063930870501437198e+00 7.062270371171101679e+00
3.979999999999999716e+01 4.616344319501887838e+00 4.592189714423541069e+00 7.077223133885347295e+00 7.078746942121568964e+00
3.960000000000000142e+01 4.616311488366379834e+00 4.591164721175340802e+00 7.078263512698557136e+00 7.078067718057863722e+00
3.939999999999999858e+01 4.618195554267522596e+00 4.596675821516727822e+00 7.080330573562156005e+00 7.085792867941944628e+00
3.920000000000000284e+01 4.612764931253077627e+00 4.590393496811013385e+00 7.072806499163672989e+00 7.076688781206874168e+00
3.900000000000000000e+01 4.623168693352237568e+00 4.597039536077081046e+00 7.089523075964509147e+00 7.087296504929597951e+00
3.879999999999999716e+01 4.621583395604459632e+00 4.600120999341944739e+00 7.086600053999974058e+00 7.091830446038438041e+00
3.860000000000000142e+01 4.621018688752798198e+00 4.592915457237929822e+00 7.085173541326737379e+00 7.079408146569654114e+00
3.839999999999999858e+01 4.622211203454380524e+00 4.595879448827263403e+00 7.086262362219454936e+00 7.085277400411982285e+00
3.820000000000000284e+01 4.619585940081267772e+00 4.590618751602918657e+00 7.083468754588604810e+00 7.077332677750138856e+00
3.800000000000000000e+01 4.612920121678712349e+00 4.587026311669567313e+00 7.074759927814278981e+00 7.071549349900579706e+00
3.779999999999999716e+01 4.621581394137145082e+00 4.598784743862934121e+00 7.086533510871674046e+00 7.089936672796084416e+00
3.760000000000000142e+01 4.624676072454841247e+00 4.596886505438720683e+00 7.090211262629915190e+00 7.087036882651951863e+00
3.739999999999999858e+01 4.623901482829744225e+00 4.598411423090814409e+00 7.089147346532159943e+00 7.089293808243202655e+00
3.720000000000000284e+01 4.616545955192523643e+00 4.594240421089147652e+00 7.079309173139639810e+00 7.083720520562860834e+00
3.700000000000000000e+01 4.617985188533250351e+00 4.594611822838338355e+00 7.079152615622417599e+00 7.082516310797658754e+00
3.679999999999999716e+01 4.620526131463770447e+00 4.593424990811025843e+00 7.084109381744199574e+00 7.080368124199790003e+00
3.660000000000000142e+01 4.621062812031914824e+00 4.596989005295093911e+00 7.084557101278579516e+00 7.086283828942701923e+00
3.639999999999999858e+01 4.623490524010622771e+00 4.600436431381572433e+00 7.088855459283942118e+00 7.092679059026974819e+00
3.620000000000000284e+01 4.624921514327401617e+00 4.600867402224839253e+00 7.092806693650091532e+00 7.093277378623594309e+00
3.600000000000000000e+01 4.627385498176798784e+00 4.600837693964342279e+00 7.092601839535356945e+00 7.091772549980036366e+00
3.579999999999999716e+01 4.624282570601217834e+00 4.597688562145540558e+00 7.089905842433553040e+00 7.088886608334683537e+00
3.560000000000000142e+01 4.623924544116787771e+00 4.602387594793869496e+00 7.088903023922476621e+00 7.094959420420458684e+00
3.539999999999999858e+01 4.627100022711558402e+00 4.607553160215113408e+00 7.094935804527082723e+00 7.102024084342362542e+00
3.520000000000000284e+01 4.620430438883253998e+00 4.597269916210987795e+00 7.083389718875944041e+00 7.087373849110450763e+00
3.500000000000000000e+01 4.628009382254882453e+00 4.599275702860651016e+00 7.094477750821996942e+00 7.091726433739370172e+00
3.479999999999999716e+01 4.615968358374782810e+00 4.593910580961583889e+00 7.076193019526382244e+00 7.082510936720389338e+00
3.460000000000000142e+01 4.617345851112752975e+00 4.594900583431276608e+00 7.077774236534295937e+00 7.084086728234166408e+00
3.439999999999999858e+01 4.627073596334933647e+00 4.597574455831112239e+00 7.093186412301507815e+00 7.087262156831920734e+00
3.420000000000000284e+01 4.626883251879406522e+00 4.600468615384500914e+00 7.092068279532317554e+00 7.091893144610995847e+00
3.400000000000000000e+01 4.623396673234258181e+00 4.599415435282896425e+00 7.086927896338210076e+00 7.091441424271662797e+00
3.379999999999999716e+01 4.623626816913088966e+00 4.595821392911271452e+00 7.088985269196022010e+00 7.085881351692761676e+00
3.360000000000000142e+01 4.619188676811252670e+00 4.593748184462008943e+00 7.082550903732439451e+00 7.083722763838757430e+00
3.339999999999999858e+01 4.621057205661504241e+00 4.592823207094740567e+00 7.084263130461582847e+00 7.081777739403014138e+00
3.320000000000000284e+01 4.611269004341043143e+00 4.586636895290195248e+00 7.068358162251265675e+00 7.072103975735977599e+00
3.300000000000000000e+01 4.613317225769755225e+00 4.582809586717943695e+00 7.071277483119363438e+00 7.065735432424478546e+00
3.279999999999999716e+01 4.614517829678341343e+00 4.589209546766316983e+00 7.074237176444132302e+00 7.076326256728011188e+00
3.260000000000000142e+01 4.621255638678794853e+00 4.596924862009936774e+00 7.086774066395309823e+00 7.088254230000769596e+00
3.239999999999999858e+01 4.623326444071995667e+00 4.595958565444185240e+00 7.086892578050413505e+00 7.085304146394580727e+00
3.220000000000000284e+01 4.616749111036387632e+00 4.590639411997661234e+00 7.078720514519842411e+00 7.077616716826862664e+00
3.200000000000000000e+01 4.617897263115610329e+00 4.587071393923613627e+00 7.080985045658727550e+00 7.073975475655574385e+00
3.100000000000000000e+01 4.609553177605165253e+00 4.584676354253979902e+00 7.066089290502568510e+00 7.071362606088818836e+00
3.000000000000000000e+01 4.620618780270686621e+00 4.593366293431174974e+00 7.080824168335198898e+00 7.083379384721518512e+00
2.900000000000000000e+01 4.622111107747618242e+00 4.590090802933369574e+00 7.084528112611503836e+00 7.077317313317784908e+00
2.800000000000000000e+01 4.617566944097176496e+00 4.590620433436537695e+00 7.073807316084210761e+00 7.077549130190345927e+00
2.700000000000000000e+01 4.618887263666820786e+00 4.584512355953036078e+00 7.077019414955702636e+00 7.068613682189193170e+00
2.600000000000000000e+01 4.614862004301373943e+00 4.587017742550475674e+00 7.070478788284025207e+00 7.073425340241268344e+00
2.500000000000000000e+01 4.625638925548441804e+00 4.592245368592430488e+00 7.084882616358872731e+00 7.079952681022625427e+00
2.400000000000000000e+01 4.627306701079293205e+00 4.593164739140157771e+00 7.087171410863691179e+00 7.081848772979416395e+00
2.300000000000000000e+01 4.623008776776533324e+00 4.592501937849067239e+00 7.079739990941089189e+00 7.080188994683778603e+00
2.200000000000000000e+01 4.623484758087776925e+00 4.588902128981681372e+00 7.080485519866673627e+00 7.075883504305849669e+00
2.100000000000000000e+01 4.618339612582103904e+00 4.590111460248182951e+00 7.072087474782624561e+00 7.076305114377524852e+00
2.000000000000000000e+01 4.619897842087829609e+00 4.582730872222626317e+00 7.075908086587030965e+00 7.066264195322456310e+00
1.900000000000000000e+01 4.614161004161290158e+00 4.583937800949519747e+00 7.064710509337666977e+00 7.067705040565036789e+00
1.800000000000000000e+01 4.620319932267926255e+00 4.591874929653113391e+00 7.072684781110987196e+00 7.078491012726050080e+00
1.700000000000000000e+01 4.620305437667549420e+00 4.585213196552850867e+00 7.072296719910780460e+00 7.069138040588403449e+00
1.600000000000000000e+01 4.610216309439250537e+00 4.579100712892289593e+00 7.057314270831942515e+00 7.060932258582353960e+00
1.500000000000000000e+01 4.608112744058100674e+00 4.574164170687035735e+00 7.052276683330957141e+00 7.053456877873323094e+00
1.400000000000000000e+01 4.608074547945238741e+00 4.569545454541644958e+00 7.053471373765231256e+00 7.046609303531726098e+00
1.300000000000000000e+01 4.615088463312362776e+00 4.577767420680095789e+00 7.064514399511190312e+00 7.058794408203738158e+00
1.200000000000000000e+01 4.615203054968613827e+00 4.576900982177962263e+00 7.060779312564916310e+00 7.055704753259408157e+00
1.100000000000000000e+01 4.614456811101579348e+00 4.578273431636762147e+00 7.057442449439076171e+00 7.058768785863685835e+00
1.000000000000000000e+01 4.616652539499746410e+00 4.579601679236995793e+00 7.060197303547072423e+00 7.060087436495982693e+00
9.000000000000000000e+00 4.614569319148587923e+00 4.578809951636152675e+00 7.058838049753891397e+00 7.060087034462545930e+00
8.000000000000000000e+00 4.623605915025329693e+00 4.581453953110674604e+00 7.072103488284354533e+00 7.064578221184146578e+00
7.000000000000000000e+00 4.629611655594700004e+00 4.591216050337218135e+00 7.080903129354997105e+00 7.079235256664464515e+00
6.000000000000000000e+00 4.629965758553277411e+00 4.591468055147272409e+00 7.079708681665082715e+00 7.079044672876421807e+00
5.000000000000000000e+00 4.616060365774903751e+00 4.581245430894572479e+00 7.058136490838164079e+00 7.062945345156588672e+00
4.000000000000000000e+00 4.625981817605420154e+00 4.585147530714320574e+00 7.072910117635517580e+00 7.069072768533802176e+00
3.899999999999999911e+00 4.622419406507551898e+00 4.577674931828499716e+00 7.068061222975145164e+00 7.057673796169320113e+00
3.799999999999999822e+00 4.630054403956295417e+00 4.585139043244757850e+00 7.079839447874036296e+00 7.069163419948230498e+00
3.700000000000000178e+00 4.631094854478889467e+00 4.594129033329893197e+00 7.079006161528875296e+00 7.082591658263148737e+00
3.600000000000000089e+00 4.628634790341620509e+00 4.592252815203926808e+00 7.074918807330730530e+00 7.079693465713678968e+00
3.500000000000000000e+00 4.627634379123318986e+00 4.586320910109268567e+00 7.075056535169040650e+00 7.071186362810496284e+00
3.399999999999999911e+00 4.618874137241673061e+00 4.583983283357463634e+00 7.062958499916367039e+00 7.068217375218699416e+00
3.299999999999999822e+00 4.627138059887925259e+00 4.584987776790731218e+00 7.073233960658003028e+00 7.069501910962133095e+00
3.200000000000000178e+00 4.623860962748563175e+00 4.583601152932421208e+00 7.069353363647065791e+00 7.067999882120835409e+00
3.100000000000000089e+00 4.617273068109359002e+00 4.577502446882173892e+00 7.061050324079268137e+00 7.059168224380220735e+00
3.000000000000000000e+00 4.622693911342698136e+00 4.580498867851161116e+00 7.067995875055569144e+00 7.062553123007702105e+00
2.899999999999999911e+00 4.623745971611160854e+00 4.583810318969773867e+00 7.068783127236408781e+00 7.068181832137051757e+00
2.799999999999999822e+00 4.621362864156038697e+00 4.577952480370550248e+00 7.066961273748073147e+00 7.059314758148535596e+00
2.700000000000000178e+00 4.631098777168302760e+00 4.589206904101301276e+00 7.079285710858638225e+00 7.074647175655061737e+00
2.600000000000000089e+00 4.616096079156986498e+00 4.580819417082915734e+00 7.058251238493137514e+00 7.062870307968490913e+00
2.500000000000000000e+00 4.627253450287596159e+00 4.583434273163053518e+00 7.075253528893010291e+00 7.067535115139861546e+00
2.399999999999999911e+00 4.621813299062217162e+00 4.585890411071757988e+00 7.070112426739932232e+00 7.071660899134658784e+00
2.299999999999999822e+00 4.624740134303775285e+00 4.581461002560689444e+00 7.073325002696964958e+00 7.065198837373309004e+00
2.200000000000000178e+00 4.612539194262732067e+00 4.576129193716276689e+00 7.055091357398930008e+00 7.058033826259118015e+00
2.100000000000000089e+00 4.604283995134997198e+00 4.568961608974681177e+00 7.043822427617105753e+00 7.047154316452144407e+00
2.000000000000000000e+00 4.615962829179960814e+00 4.579729240885466623e+00 7.060859703858076486e+00 7.062458465982720313e+00
1.899999999999999911e+00 4.607045068709030744e+00 4.569482436568875094e+00 7.046873721852971784e+00 7.047126540278889628e+00
1.800000000000000044e+00 4.614187750461854698e+00 4.580563008495271760e+00 7.057701903205368055e+00 7.062879836670026279e+00
1.699999999999999956e+00 4.613769585968924503e+00 4.578234513050249532e+00 7.055909434674533465e+00 7.059335976766253573e+00
1.600000000000000089e+00 4.618796375140708399e+00 4.578984605488573223e+00 7.065698512534823728e+00 7.060406243598205123e+00
1.500000000000000000e+00 4.618307342084725597e+00 4.585203424732759103e+00 7.066739532443986782e+00 7.071494013746862706e+00
1.399999999999999911e+00 4.610704214317082439e+00 4.573187624005225160e+00 7.054409083988043783e+00 7.052763879031335392e+00
1.300000000000000044e+00 4.618874610827946370e+00 4.577852865207908017e+00 7.065811021933821934e+00 7.058145620609174387e+00
1.199999999999999956e+00 4.608763776111635124e+00 4.574382220404684674e+00 7.052656018580625741e+00 7.052314636067543496e+00
1.100000000000000089e+00 4.613357425720838734e+00 4.574855960131861465e+00 7.059186232787851623e+00 7.054051215436859756e+00
1.000000000000000000e+00 4.605806588930166257e+00 4.567746191624550534e+00 7.048150570392521352e+00 7.043672195564828264e+00
9.000000000000000222e-01 4.593644886167041363e+00 4.555389261361504794e+00 7.029023569312268016e+00 7.025450320722928410e+00
8.000000000000000444e-01 4.609814553017931971e+00 4.572541798079281072e+00 7.054394432202142795e+00 7.051109862259975714e+00
6.999999999999999556e-01 4.608142933776674610e+00 4.574066475479110494e+00 7.052100112630709461e+00 7.053102849694366405e+00
5.999999999999999778e-01 4.611145842741934509e+00 4.576164187156293472e+00 7.059440801818628763e+00 7.057391517185473973e+00
5.000000000000000000e-01 4.595401628953099227e+00 4.562608895177254098e+00 7.037373649001604115e+00 7.038870547903463226e+00
4.000000000000000222e-01 4.608931856961848261e+00 4.568718974723736892e+00 7.056726307834307654e+00 7.047284526650193115e+00
2.999999999999999889e-01 4.604654912847951032e+00 4.572934979406648281e+00 7.051764020142327283e+00 7.052394558641470468e+00
2.000000000000000111e-01 4.607482533444827055e+00 4.573884539286316553e+00 7.055160781396989655e+00 7.054136259906493400e+00
1.000000000000000056e-01 4.606088141421611049e+00 4.570987091928802926e+00 7.055674159783299260e+00 7.049042563094406688e+00
0.000000000000000000e+00 4.607527617044131496e+00 4.577334441720615210e+00 7.059163091310112215e+00 7.058853027625301202e+00
-1.000000000000000056e-01 4.603846209586273552e+00 4.567789358173464542e+00 7.057078093111953443e+00 7.044387071401160938e+00
-2.000000000000000111e-01 4.601691081051243692e+00 4.571140765583090015e+00 7.057681801801744648e+00 7.048672218750756890e+00
-2.999999999999999889e-01 4.595625764999302199e+00 4.576778142500648627e+00 7.051907603837552330e+00 7.056985361918128419e+00
-4.000000000000000222e-01 4.595142335311738435e+00 4.573410639828885849e+00 7.059900448133173079e+00 7.053527904434187867e+00
-5.000000000000000000e-01 4.589852009032801661e+00 4.573380934631224193e+00 7.061133331514977129e+00 7.052918682564909503e+00
-5.999999999999999778e-01 4.577375200780362086e+00 4.577855667730087674e+00 7.056008727352255150e+00 7.059686085410361578e+00
-6.999999999999999556e-01 4.583149035792612125e+00 4.582119317039156314e+00 7.069126105920195080e+00 7.067450544661492806e+00
-8.000000000000000444e-01 4.583454050555287651e+00 4.581423683150007697e+00 7.066639513581011833e+00 7.064089020961646703e+00
-9.000000000000000222e-01 4.583875898709637298e+00 4.582477664700425279e+00 7.066744413877862563e+00 7.065132761870930977e+00
-1.000000000000000000e+00 4.572784994753924082e+00 4.576757325747562888e+00 7.050481572238108008e+00 7.056928118717564757e+00
-1.100000000000000089e+00 4.574671381971194606e+00 4.572132923347953515e+00 7.054276157768250677e+00 7.050548358675294836e+00
-1.199999999999999956e+00 4.567046954814535376e+00 4.567953834930209567e+00 7.042762268979148921e+00 7.044538169163100605e+00
-1.300000000000000044e+00 4.570703458504729255e+00 4.567786392726554290e+00 7.047188836965761816e+00 7.043036221770854866e+00
-1.399999999999999911e+00 4.570689443748742420e+00 4.567239381333183523e+00 7.048488262200552690e+00 7.043716641672481238e+00
-1.500000000000000000e+00 4.572028661643609659e+00 4.568548810862324672e+00 7.051613156551859163e+00 7.046185056216673459e+00
-1.600000000000000089e+00 4.569806829135146131e+00 4.566288620661304698e+00 7.045723162737451695e+00 7.040146435266445124e+00
-1.699999999999999956e+00 4.569697765262293210e+00 4.565215181722331650e+00 7.046377568778167344e+00 7.039445674603441283e+00
-1.800000000000000044e+00 4.575560243433035801e+00 4.577160352980896185e+00 7.055522175782047434e+00 7.058518700458080275e+00
-1.899999999999999911e+00 4.580448821475020083e+00 4.579867775864524759e+00 7.062688703458903206e+00 7.061960862713226206e+00
-2.000000000000000000e+00 4.571793799685740289e+00 4.571503352626625549e+00 7.050934914862182268e+00 7.051115310015903859e+00
-4.000000000000000000e+00 4.569226108531111663e+00 4.569397952600232848e+00 7.047440928457582743e+00 7.048088912662013428e+00
-6.000000000000000000e+00 4.579721475669433772e+00 4.577205998696600275e+00 7.061281804793518191e+00 7.057946627160730735e+00
-8.000000000000000000e+00 4.573197074156472475e+00 4.571029541215448688e+00 7.052889284787553947e+00 7.049866117694966405e+00
-1.000000000000000000e+01 4.563733266019335488e+00 4.574766596132782581e+00 7.038929410737345904e+00 7.056168093183919687e+00
-1.200000000000000000e+01 4.565129255627494942e+00 4.566891203215816653e+00 7.041630358639059395e+00 7.044151062979106648e+00
-1.400000000000000000e+01 4.555406877735474147e+00 4.552584144795000398e+00 7.027098407885024933e+00 7.022281309229021495e+00
-1.600000000000000000e+01 4.559234506267501708e+00 4.554461643382184732e+00 7.032283874287324821e+00 7.024518533012384935e+00
-1.800000000000000000e+01 4.553239900913526483e+00 4.557735373882505492e+00 7.022463570288049794e+00 7.028686440062895890e+00
-2.000000000000000000e+01 4.559986674474053814e+00 4.555677548066692673e+00 7.032479503482228722e+00 7.025422720849364921e+00
-2.000000000000000000e+01 4.566935087109401437e+00 4.563403347939757104e+00 7.043021404699120858e+00 7.036982634593794472e+00
-1.800000000000000000e+01 4.563360103348024666e+00 4.563686659476228868e+00 7.039194705588241341e+00 7.039328595415311085e+00
-1.600000000000000000e+01 4.560625776486038063e+00 4.561773366396886686e+00 7.035239410198188992e+00 7.036038823804329212e+00
-1.400000000000000000e+01 4.562371225194392643e+00 4.560509981443556349e+00 7.037667853601667467e+00 7.033791665082927302e+00
-1.200000000000000000e+01 4.561648845049783851e+00 4.565484560476979148e+00 7.035226107453308231e+00 7.040580775296370497e+00
-1.000000000000000000e+01 4.563357780682095743e+00 4.563501039118452951e+00 7.037348420388829240e+00 7.037789329944149408e+00
-8.000000000000000000e+00 4.565228234098460014e+00 4.566848041901112154e+00 7.039503009365206232e+00 7.042553984737892847e+00
-6.000000000000000000e+00 4.568152025043212383e+00 4.569319716525304109e+00 7.044904840434836224e+00 7.046790363021629311e+00
-4.000000000000000000e+00 4.566123900556569026e+00 4.563576634046832226e+00 7.042196596455147173e+00 7.038594442682909680e+00
-2.000000000000000000e+00 4.565871818023106599e+00 4.561814366494564510e+00 7.041845619820351843e+00 7.034978349129355379e+00
-1.899999999999999911e+00 4.560906927221162199e+00 4.561494454919086117e+00 7.033467192522932621e+00 7.034972978015886724e+00
-1.800000000000000044e+00 4.561972999486189728e+00 4.564653516503423880e+00 7.035220423053318406e+00 7.040124253783313968e+00
-1.699999999999999956e+00 4.567241783733964944e+00 4.566981611304254507e+00 7.044253806430160303e+00 7.043811533104278766e+00
-1.600000000000000089e+00 4.557148885211818268e+00 4.554153103568878258e+00 7.029115017240541441e+00 7.024399213208529780e+00
-1.500000000000000000e+00 4.567280620510294931e+00 4.566324254329367172e+00 7.042798701849378062e+00 7.041706035952780773e+00
-1.399999999999999911e+00 4.561716030632422481e+00 4.556348992707438761e+00 7.033898091805020236e+00 7.026096797831160146e+00
-1.300000000000000044e+00 4.560406760892877998e+00 4.558830273095125563e+00 7.033555031950034397e+00 7.031319006087449530e+00
-1.199999999999999956e+00 4.572835042810925898e+00 4.564902238169901594e+00 7.052664583434008705e+00 7.040399565447988728e+00
-1.100000000000000089e+00 4.563069181740162072e+00 4.563470209877714012e+00 7.036022807896651798e+00 7.037364757771019441e+00
-1.000000000000000000e+00 4.563788599199991580e+00 4.561951139034608360e+00 7.037832897746190142e+00 7.035321164404026106e+00
-9.000000000000000222e-01 4.566687567151773486e+00 4.569098702909505150e+00 7.042030916370451976e+00 7.046513053872129895e+00
-8.000000000000000444e-01 4.564000485151496811e+00 4.565881825624848567e+00 7.037698208545895007e+00 7.040935442843166747e+00
-6.999999999999999556e-01 4.562904461759615948e+00 4.565895198672620836e+00 7.035761190849989077e+00 7.041248148932549356e+00
-5.999999999999999778e-01 4.563787717114430542e+00 4.567109175071470517e+00 7.034805135381589913e+00 7.043587875353531480e+00
-5.000000000000000000e-01 4.587350306144260870e+00 4.571565412727661482e+00 7.056363955678689237e+00 7.049965866797563763e+00
-4.000000000000000222e-01 4.589700503515958374e+00 4.569682950715141523e+00 7.051053167918562181e+00 7.046848027751104304e+00
-2.999999999999999889e-01 4.590044691087607376e+00 4.575131589840180979e+00 7.044313675031641075e+00 7.055610988934343908e+00
-2.000000000000000111e-01 4.589699222625356789e+00 4.562493183508388839e+00 7.041031298376321246e+00 7.036904709036156724e+00
-1.000000000000000056e-01 4.594343883908850401e+00 4.571656140690676828e+00 7.042697569298744575e+00 7.050674399435957973e+00
-0.000000000000000000e+00 4.599823914564561633e+00 4.569803225810926683e+00 7.048614472924863428e+00 7.047165933133011428e+00
1.000000000000000056e-01 4.594261963366101931e+00 4.564228144390948039e+00 7.039303929821804751e+00 7.038790070582080283e+00
2.000000000000000111e-01 4.594922602940650691e+00 4.560684312253071582e+00 7.040280481956992631e+00 7.034831488207149874e+00
2.999999999999999889e-01 4.597751905159304542e+00 4.566470315767281463e+00 7.042045969810838635e+00 7.042904886890111626e+00
4.000000000000000222e-01 4.604475378722479917e+00 4.572649262996756114e+00 7.050522166291107951e+00 7.051175369239109259e+00
5.000000000000000000e-01 4.607871389843659848e+00 4.575312643030129856e+00 7.056130607538500854e+00 7.055170150370462245e+00
5.999999999999999778e-01 4.612532865972838181e+00 4.575983453075104457e+00 7.061225822891495696e+00 7.056500490369980838e+00
6.999999999999999556e-01 4.596569240035750070e+00 4.563885891515480075e+00 7.039929985461947481e+00 7.040161485541064579e+00
8.000000000000000444e-01 4.606097750877896857e+00 4.572266250665430576e+00 7.052011061383165469e+00 7.052566803958695729e+00
9.000000000000000222e-01 4.605203925638639006e+00 4.573462450398606549e+00 7.050209143972677062e+00 7.052563363352587267e+00
1.000000000000000000e+00 4.594895378321186996e+00 4.562899258122863344e+00 7.037680748280874532e+00 7.038068970429250726e+00
1.100000000000000089e+00 4.609017379846497064e+00 4.574993372750218334e+00 7.058058249234500536e+00 7.056240152217863937e+00
1.199999999999999956e+00 4.596525836968086587e+00 4.565262985664253925e+00 7.038229921042628234e+00 7.041062605710829203e+00
1.300000000000000044e+00 4.604477461513613257e+00 4.568143696919536367e+00 7.045935528209887444e+00 7.043946303840128209e+00
1.399999999999999911e+00 4.611037658629273395e+00 4.576653222130720344e+00 7.056287083090313494e+00 7.058663884410928624e+00
1.500000000000000000e+00 4.602238412689001024e+00 4.567974413179213933e+00 7.043190128427113450e+00 7.045290337910702583e+00
1.600000000000000089e+00 4.600225663071379145e+00 4.565305667872511464e+00 7.040268957168872355e+00 7.039878331856647797e+00
1.699999999999999956e+00 4.601061593031269048e+00 4.571589354440446229e+00 7.042886634410008284e+00 7.050499422795050819e+00
1.800000000000000044e+00 4.604750765508282662e+00 4.570400202716715654e+00 7.046793643536335416e+00 7.049517585147199839e+00
1.899999999999999911e+00 4.604335642932432471e+00 4.566057836108675438e+00 7.043765563778299210e+00 7.042282438841039216e+00
2.000000000000000000e+00 4.604828841854711641e+00 4.571562289585830996e+00 7.047347306960906721e+00 7.052390955723160104e+00
2.100000000000000089e+00 4.613672129670481681e+00 4.573814391119435996e+00 7.058423404305104398e+00 7.054966190315770547e+00
2.200000000000000178e+00 4.612754520711438211e+00 4.574360760148100447e+00 7.057645524861190012e+00 7.054941524449266588e+00
2.299999999999999822e+00 4.612412190706463910e+00 4.570070284849412801e+00 7.058016453449225125e+00 7.049474189286240033e+00
2.399999999999999911e+00 4.609685067110781631e+00 4.571667670344869094e+00 7.052439720891838348e+00 7.050290098270107997e+00
2.500000000000000000e+00 4.616690735054777228e+00 4.576011640976570760e+00 7.063155308816283728e+00 7.056777803550545514e+00
2.600000000000000089e+00 4.612955755550339987e+00 4.570887555224421028e+00 7.056057572963604585e+00 7.048188287541451658e+00
2.700000000000000178e+00 4.607092396934306500e+00 4.570472992936904788e+00 7.048877928887030464e+00 7.048856057644610651e+00
2.799999999999999822e+00 4.618121643448768410e+00 4.578613280783707218e+00 7.061083691164077969e+00 7.060043470633726947e+00
2.899999999999999911e+00 4.615407972907163980e+00 4.580137557827431927e+00 7.059683760165260225e+00 7.063139776549396842e+00
3.000000000000000000e+00 4.611573376878590480e+00 4.577108301194472872e+00 7.055344078643431160e+00 7.058561537675903885e+00
3.100000000000000089e+00 4.613296805745521922e+00 4.575784058497953666e+00 7.058024213252234169e+00 7.057739135418167109e+00
3.200000000000000178e+00 4.607189368788199957e+00 4.565839624759604476e+00 7.049583890775753758e+00 7.043610296296145989e+00
3.299999999999999822e+00 4.608440021996312197e+00 4.573263296497803054e+00 7.051141337192042613e+00 7.053158181156622852e+00
3.399999999999999911e+00 4.613287758731974719e+00 4.578470022646478732e+00 7.056744969559243685e+00 7.061456854172367237e+00
3.500000000000000000e+00 4.614330928538485921e+00 4.577447272484788776e+00 7.058950320894733288e+00 7.059705065476986618e+00
3.600000000000000089e+00 4.605394670366187881e+00 4.569202081840930241e+00 7.046049479877964039e+00 7.046914962129385174e+00
3.700000000000000178e+00 4.603190295900554396e+00 4.564522828769567830e+00 7.040540343172109417e+00 7.039268854120053653e+00
3.799999999999999822e+00 4.601585778554279749e+00 4.565307029990594678e+00 7.037731669675284074e+00 7.040334140292583420e+00
3.899999999999999911e+00 4.600463651101774687e+00 4.560723307375954327e+00 7.036138512352856367e+00 7.033204288869758791e+00
4.000000000000000000e+00 4.606089904055362894e+00 4.568174366049028379e+00 7.046289154291840440e+00 7.045366328810531265e+00
5.000000000000000000e+00 4.610785653417536878e+00 4.570383227675791638e+00 7.053115580916984761e+00 7.047961109687784109e+00
6.000000000000000000e+00 4.600654957886653129e+00 4.567264365201703313e+00 7.041335034310402641e+00 7.044274224954538255e+00
7.000000000000000000e+00 4.600746806951233836e+00 4.567181164090932555e+00 7.041753283327817137e+00 7.043993709139748205e+00
8.000000000000000000e+00 4.598889406994125295e+00 4.561879228668694886e+00 7.037398868700645238e+00 7.035261663648137542e+00
9.000000000000000000e+00 4.600442671837181585e+00 4.564519867882409265e+00 7.038978330567699615e+00 7.038984743868110350e+00
1.000000000000000000e+01 4.608483503005576409e+00 4.565031001278618383e+00 7.051602103627921281e+00 7.039748363298942380e+00
1.100000000000000000e+01 4.602021884054321887e+00 4.574014424408165524e+00 7.041756492179649385e+00 7.053932858452849786e+00
1.200000000000000000e+01 4.608988312578396140e+00 4.571747028304608662e+00 7.056213009743829367e+00 7.050389239381882334e+00
1.300000000000000000e+01 4.607989104325063145e+00 4.574380940088857095e+00 7.055239258360470167e+00 7.054667258117693684e+00
1.400000000000000000e+01 4.607981816640629447e+00 4.576020848746833458e+00 7.055340474884561175e+00 7.057517321901399576e+00
1.500000000000000000e+01 4.608114105265729066e+00 4.580110331070025076e+00 7.055719486667198836e+00 7.063816916874724683e+00
1.600000000000000000e+01 4.609647671579574890e+00 4.579770000817275921e+00 7.059330936314162308e+00 7.063176369124526843e+00
1.700000000000000000e+01 4.605467139789763742e+00 4.575154729907060513e+00 7.054992133759599326e+00 7.056172329084840378e+00
1.800000000000000000e+01 4.612280943683907175e+00 4.577594052969392813e+00 7.063624973686613018e+00 7.059467306688914867e+00
1.900000000000000000e+01 4.610445164593224732e+00 4.575683963756610240e+00 7.063176614739286485e+00 7.057630717824096678e+00
2.000000000000000000e+01 4.614370486323685405e+00 4.579966114757069384e+00 7.069264075697438088e+00 7.063461221953690305e+00
2.100000000000000000e+01 4.616662787363229548e+00 4.585064490608836252e+00 7.072882730840776233e+00 7.070718778079979394e+00
2.200000000000000000e+01 4.612047916057001373e+00 4.582967017266555310e+00 7.066252013590557546e+00 7.068164678569859305e+00
2.300000000000000000e+01 4.608419040119595245e+00 4.582551576175234231e+00 7.062638404284381721e+00 7.067258198325387930e+00
2.400000000000000000e+01 4.610352353367092704e+00 4.584908739685659818e+00 7.065722697559353449e+00 7.070151263535290553e+00
2.500000000000000000e+01 4.606262631605767766e+00 4.574760749447865038e+00 7.058577880820891437e+00 7.055177922122174650e+00
2.600000000000000000e+01 4.607147729435419947e+00 4.580459630191454856e+00 7.062443257997581547e+00 7.063450961784931259e+00
2.700000000000000000e+01 4.606504785619539355e+00 4.578797458495976080e+00 7.059574932680912518e+00 7.061757302560072169e+00
2.800000000000000000e+01 4.608877404106380915e+00 4.580005191980395907e+00 7.065052922814587966e+00 7.064276576215683612e+00
2.900000000000000000e+01 4.598716199088212164e+00 4.575213746752913480e+00 7.050170465454933755e+00 7.055114974608553524e+00
3.000000000000000000e+01 4.601377177552662623e+00 4.577353981015589213e+00 7.054444561623913756e+00 7.058335963773027188e+00
3.100000000000000000e+01 4.601475112754813246e+00 4.577052327464611103e+00 7.055180321476904659e+00 7.057756433058782974e+00
3.200000000000000000e+01 4.602698376047830386e+00 4.574901123829180349e+00 7.058144650526732455e+00 7.055080220628950016e+00
3.220000000000000284e+01 4.602172426279081741e+00 4.581557492206901117e+00 7.057622219379893203e+00 7.064862895017038014e+00
3.239999999999999858e+01 4.607011675875681611e+00 4.577967854400821324e+00 7.066311271142432737e+00 7.059791460699726962e+00
3.260000000000000142e+01 4.607913350066655589e+00 4.584622702325876098e+00 7.068170449195104510e+00 7.071188996557797424e+00
3.279999999999999716e+01 4.601518034782381861e+00 4.580073174863048990e+00 7.059562524430652353e+00 7.063965301069023539e+00
3.300000000000000000e+01 4.601794300357891387e+00 4.579016951445164629e+00 7.057892004779066752e+00 7.062684849934931286e+00
3.320000000000000284e+01 4.599990393059968596e+00 4.577171562675545147e+00 7.056765146077230710e+00 7.058830921406237024e+00
3.339999999999999858e+01 4.599165272799349502e+00 4.571851851241094167e+00 7.056572795429633338e+00 7.051410001516727810e+00
3.360000000000000142e+01 4.598082225042103843e+00 4.573738958010705069e+00 7.053292396426539490e+00 7.053172517505233330e+00
3.379999999999999716e+01 4.604301690160680138e+00 4.575458063721875135e+00 7.062615820918598075e+00 7.055688576116484256e+00
3.400000000000000000e+01 4.595305375646201895e+00 4.578279517367283447e+00 7.050180961145807501e+00 7.061177138442550572e+00
3.420000000000000284e+01 4.608960924110297341e+00 4.580600406477819853e+00 7.071363565319190414e+00 7.065333520858408711e+00
3.439999999999999858e+01 4.599614908953721049e+00 4.577973539754167653e+00 7.058052642964661061e+00 7.060946588928757706e+00
3.460000000000000142e+01 4.597048664227081360e+00 4.572899265374677391e+00 7.052861097359716780e+00 7.052946860569939247e+00
3.479999999999999716e+01 4.589573980228146333e+00 4.569193114075826401e+00 7.041178958784787056e+00 7.047484322104079268e+00
3.500000000000000000e+01 4.604725220062158009e+00 4.579021436018299696e+00 7.066258738546035367e+00 7.063392582201094783e+00
3.520000000000000284e+01 4.593480246531368216e+00 4.569968744832689111e+00 7.049508942005521028e+00 7.050569733649310500e+00
3.539999999999999858e+01 4.600131969243376417e+00 4.576334832319754575e+00 7.060324540173064101e+00 7.059813803230998275e+00
3.560000000000000142e+01 4.603920840399183589e+00 4.579534412141408772e+00 7.065556531429217912e+00 7.063702241354778977e+00
3.579999999999999716e+01 4.610169296503762837e+00 4.584349477080076340e+00 7.074809337698689582e+00 7.071063672372670972e+00
3.600000000000000000e+01 4.608716447958375539e+00 4.584882793695305381e+00 7.074102884644206668e+00 7.072926051633838362e+00
3.620000000000000284e+01 4.612471766430955356e+00 4.587107349178805471e+00 7.078416137753948512e+00 7.074653419542498156e+00
3.639999999999999858e+01 4.604653550771611314e+00 4.578036801574841164e+00 7.067644092727163319e+00 7.061590499882885119e+00
3.660000000000000142e+01 4.598491666849015225e+00 4.578259496849757859e+00 7.056173309848261965e+00 7.060869153209834437e+00
3.679999999999999716e+01 4.602118135207741823e+00 4.578288405723995425e+00 7.061957821125115942e+00 7.061760747571248942e+00
3.700000000000000000e+01 4.606894682202092639e+00 4.584993701919952258e+00 7.071069038540900742e+00 7.072570346938621633e+00
3.720000000000000284e+01 4.594199581548729761e+00 4.574276357817090854e+00 7.050609289955511727e+00 7.056871728561516122e+00
3.739999999999999858e+01 4.600395504544510850e+00 4.576100765364404133e+00 7.060989990058740950e+00 7.059645077900906784e+00
3.760000000000000142e+01 4.607325739352799765e+00 4.581092240360920442e+00 7.070197144622852647e+00 7.066157436108968071e+00
3.779999999999999716e+01 4.608674165979397053e+00 4.589797075241880187e+00 7.073745251306241322e+00 7.079530344545466036e+00
3.800000000000000000e+01 4.595616073923587841e+00 4.573002803820894968e+00 7.054861684104986708e+00 7.054636504465485736e+00
3.820000000000000284e+01 4.599609383569942977e+00 4.579243410647141133e+00 7.059499576424241418e+00 7.064029122518777903e+00
3.839999999999999858e+01 4.601075764197283036e+00 4.581745834794482164e+00 7.061897998810920285e+00 7.067604373895412628e+00
3.860000000000000142e+01 4.601209093580300724e+00 4.577706480675422185e+00 7.060668718538407163e+00 7.059587179384969602e+00
3.879999999999999716e+01 4.599035708905985231e+00 4.578883701608179813e+00 7.057909307103812147e+00 7.062038695896068141e+00
3.900000000000000000e+01 4.601461897660363398e+00 4.578741163682495952e+00 7.062625186986588588e+00 7.063229940387117267e+00
3.920000000000000284e+01 4.595077552416082511e+00 4.575007305836901850e+00 7.053885050953788927e+00 7.056547010586061930e+00
3.939999999999999858e+01 4.594789913313826801e+00 4.567004194191178534e+00 7.055961318076184874e+00 7.046877172267340228e+00
3.960000000000000142e+01 4.591324235697578970e+00 4.564470378062763345e+00 7.048833555671730977e+00 7.041774983060838267e+00
3.979999999999999716e+01 4.586070667973618953e+00 4.563023536438381100e+00 7.038752996595198042e+00 7.039699596045713825e+00
4.000000000000000000e+01 4.590957960853329745e+00 4.571397889003297799e+00 7.045385387073972439e+00 7.051283389188686357e+00
4.020000000000000284e+01 4.594615585539210123e+00 4.568626884677911448e+00 7.050704826533574554e+00 7.046766417723173248e+00
4.039999999999999858e+01 4.593746584496269492e+00 4.567041668188828396e+00 7.051574720028108700e+00 7.044355820133232804e+00
4.060000000000000142e+01 4.590706925488126977e+00 4.571490299141549585e+00 7.045451079888642276e+00 7.051581362330267666e+00
4.079999999999999716e+01 4.595598857353358824e+00 4.566393360907372134e+00 7.054011333719333976e+00 7.043893932068486130e+00
4.100000000000000000e+01 4.582068950720227463e+00 4.560086130471878718e+00 7.033376624779779540e+00 7.035134175825723979e+00
4.120000000000000284e+01 4.592265389418722421e+00 4.568738835292059264e+00 7.049164605353568369e+00 7.047566967627890477e+00
4.139999999999999858e+01 4.598737899436259546e+00 4.575459587061373234e+00 7.057193164102709915e+00 7.056582896715413611e+00
4.160000000000000142e+01 4.595838852122049900e+00 4.568340767485072007e+00 7.054105113417391770e+00 7.045441603374867690e+00
4.179999999999999716e+01 4.590498238622251037e+00 4.568557777437094458e+00 7.045996315545174582e+00 7.046460677925668215e+00
4.200000000000000000e+01 4.594668276427811726e+00 4.570079733289439616e+00 7.052936045896589512e+00 7.049437190507367390e+00
4.220000000000000284e+01 4.598161340897276794e+00 4.572067979341574606e+00 7.058600459550727457e+00 7.052596836208874009e+00
4.239999999999999858e+01 4.597161012529923596e+00 4.576905706076839664e+00 7.057941899399227559e+00 7.060990955510218825e+00
4.260000000000000142e+01 4.584037976035948425e+00 4.560781042560176246e+00 7.037194665451544928e+00 7.035561789133209842e+00
4.279999999999999716e+01 4.589183522554407091e+00 4.568756451345683978e+00 7.045987338856848581e+00 7.048617350198481013e+00
4.300000000000000000e+01 4.593424911413967138e+00 4.565911292951306599e+00 7.052248893594144974e+00 7.043667227495294725e+00
4.400000000000000000e+01 4.588660456828052681e+00 4.564889103752555854e+00 7.043537349077863219e+00 7.042834498507137830e+00
4.500000000000000000e+01 4.591325036579708474e+00 4.567329788238801314e+00 7.046840088267058988e+00 7.045848882127420332e+00
4.600000000000000000e+01 4.586031027390326642e+00 4.566078656114885170e+00 7.040024310884906100e+00 7.044049364542219749e+00
4.700000000000000000e+01 4.594969208398055116e+00 4.572720052080131659e+00 7.054369367573069205e+00 7.054142109414366146e+00
4.800000000000000000e+01 4.590783474809028597e+00 4.572046837334045932e+00 7.047444529661770929e+00 7.053711920088591825e+00
4.900000000000000000e+01 4.588147479665994233e+00 4.570499258012956645e+00 7.043351246980306790e+00 7.050930963433739151e+00
5.000000000000000000e+01 4.587908126220958671e+00 4.567888408245919685e+00 7.042129968252781147e+00 7.046342079465976127e+00
5.100000000000000000e+01 4.588959144240710941e+00 4.561939848519166674e+00 7.043959434227828886e+00 7.037558471874075572e+00
5.200000000000000000e+01 4.583488324335001529e+00 4.558394492316621971e+00 7.036446978222391735e+00 7.032064860116737925e+00
5.300000000000000000e+01 4.591300213117047058e+00 4.567059606009659767e+00 7.048294391171073592e+00 7.046140685632074074e+00
5.400000000000000000e+01 4.586654913250336030e+00 4.562573822691380343e+00 7.043257714825552185e+00 7.038939180841104815e+00
5.500000000000000000e+01 4.586512614760753337e+00 4.568394660858391632e+00 7.041803571776307002e+00 7.048167951334942671e+00
5.600000000000000000e+01 4.589863220845054492e+00 4.566040539522085773e+00 7.047230151908009610e+00 7.044491878020247455e+00
5.700000000000000000e+01 4.580541549026244219e+00 4.559519821380492388e+00 7.032826881070011638e+00 7.033436355665299011e+00
5.800000000000000000e+01 4.587973548857991801e+00 4.561052506557444097e+00 7.043910905300468706e+00 7.036088227211569901e+00
5.900000000000000000e+01 4.573550137408312288e+00 4.557280051339230198e+00 7.022518499180112173e+00 7.030745966993832141e+00
6.000000000000000000e+01 4.577973541359704690e+00 4.558928208464303466e+00 7.028179062368733021e+00 7.032387011434118484e+00
6.100000000000000000e+01 4.579004299353518270e+00 4.563529546276631876e+00 7.030177412013536298e+00 7.040445283114418196e+00
6.200000000000000000e+01 4.577893223235399489e+00 4.559184856928718332e+00 7.029511402670189923e+00 7.032072383417967920e+00
6.300000000000000000e+01 4.588436638134067991e+00 4.557991221163101514e+00 7.044914127646332069e+00 7.030978757576260563e+00
6.400000000000000000e+01 4.576175879071628039e+00 4.556297423782289080e+00 7.027079185615003887e+00 7.030635956318103119e+00
6.500000000000000000e+01 4.583215819446106565e+00 4.561307393109173880e+00 7.036619463597896917e+00 7.036922240308371101e+00
6.600000000000000000e+01 4.588551231034431410e+00 4.563924174770479958e+00 7.046831687898302832e+00 7.041735126049014859e+00
6.700000000000000000e+01 4.585331710785320425e+00 4.569596544445585273e+00 7.041344804519023448e+00 7.049756219730276108e+00
6.800000000000000000e+01 4.585344202090433363e+00 4.565498173405900140e+00 7.040983488408914859e+00 7.044029824253536631e+00
6.900000000000000000e+01 4.584669324447310679e+00 4.567558572259267535e+00 7.038729585964209612e+00 7.046277550023214431e+00
7.000000000000000000e+01 4.585897939297390202e+00 4.559679656740941667e+00 7.041039786215104179e+00 7.033978246728482375e+00
7.020000000000000284e+01 4.588219787813339501e+00 4.567001149149035655e+00 7.043888004283695103e+00 7.044717053787841188e+00
7.040000000000000568e+01 4.587045930950212735e+00 4.565399518050677230e+00 7.042467898747009514e+00 7.041936740165569475e+00
7.059999999999999432e+01 4.589089751233037973e+00 4.565844110689795343e+00 7.044866642221720987e+00 7.043061045514989793e+00
7.079999999999999716e+01 4.589892849097545913e+00 4.567287827628465635e+00 7.046231895020024005e+00 7.044708408195712757e+00
7.100000000000000000e+01 4.590608502146369396e+00 4.568144657580817558e+00 7.047056779434504037e+00 7.046018006876174411e+00
7.120000000000000284e+01 4.591147024306149405e+00 4.574197481443669666e+00 7.049496284158900394e+00 7.056796295054951429e+00
7.140000000000000568e+01 4.591829205341318776e+00 4.564532122430456695e+00 7.051707244430099664e+00 7.040779787773974618e+00
7.159999999999999432e+01 4.593413941198010164e+00 4.570809879781124963e+00 7.052967917371899098e+00 7.050474280474452904e+00
7.179999999999999716e+01 4.591561825857183976e+00 4.567808011648594402e+00 7.050615296056005121e+00 7.047391749826501517e+00
7.200000000000000000e+01 4.579136827514780350e+00 4.558398496288349477e+00 7.032092401751669719e+00 7.031931850665739780e+00
7.220000000000000284e+01 4.591475664107796284e+00 4.572079188813170880e+00 7.046919211619079526e+00 7.051692027295032084e+00
7.240000000000000568e+01 4.583274598042510029e+00 4.565669379852104193e+00 7.035925191197715201e+00 7.042355390474928534e+00
7.259999999999999432e+01 4.578513266605297893e+00 4.558921084636017085e+00 7.028990423239905638e+00 7.031610344225803111e+00
7.279999999999999716e+01 4.587145787112691053e+00 4.562252869701698188e+00 7.043066321215342818e+00 7.037639262970343701e+00
7.300000000000000000e+01 4.582835771731193830e+00 4.562208666787842759e+00 7.034952717226551577e+00 7.037211004254438684e+00
7.320000000000000284e+01 4.585211433734995623e+00 4.565611082895640216e+00 7.037526672435929775e+00 7.041393969464336600e+00
7.340000000000000568e+01 4.583208213466858361e+00 4.564987919482742740e+00 7.036605294673756283e+00 7.041107450845322191e+00
7.359999999999999432e+01 4.582354668395987929e+00 4.566911623317004398e+00 7.034344212939595664e+00 7.043714878394340850e+00
7.379999999999999716e+01 4.589453623232585322e+00 4.569334610666031971e+00 7.044927659814531395e+00 7.047987051166379580e+00
7.400000000000000000e+01 4.578570444356650171e+00 4.560519109804687332e+00 7.029577565541550221e+00 7.034559934254650315e+00
7.420000000000000284e+01 4.583201646454544864e+00 4.560658204808258454e+00 7.037267218739858166e+00 7.035337654945671204e+00
7.440000000000000568e+01 4.583564397737047713e+00 4.562591117742445412e+00 7.037504970644995694e+00 7.037634699844818265e+00
7.459999999999999432e+01 4.587969545504900992e+00 4.565345465383348511e+00 7.045061791666041628e+00 7.042373726081798679e+00
7.479999999999999716e+01 4.581963407275353894e+00 4.565611083029360806e+00 7.035765113795122261e+00 7.043850049691815052e+00
7.500000000000000000e+01 4.584689087365324767e+00 4.560682068566738856e+00 7.038821696571894826e+00 7.034567224668701435e+00
7.520000000000000284e+01 4.590854580288810993e+00 4.566334823950351840e+00 7.047751697324891040e+00 7.043533018831031889e+00
7.540000000000000568e+01 4.595231220801024641e+00 4.577214243388345594e+00 7.055645809301910987e+00 7.060382915532851911e+00
7.559999999999999432e+01 4.585839963544347420e+00 4.565329930672835879e+00 7.041695067778325878e+00 7.042486637654455706e+00
7.579999999999999716e+01 4.598896132075340759e+00 4.568005724356897446e+00 7.060986067486377138e+00 7.045715156061125306e+00
7.600000000000000000e+01 4.592636227392523196e+00 4.568678215820515476e+00 7.052072161359440372e+00 7.046881255134424649e+00
7.620000000000000284e+01 4.588965070981685379e+00 4.564865881371000356e+00 7.047088815256317140e+00 7.041231092296558636e+00
7.640000000000000568e+01 4.583405602659207823e+00 4.558019727940576971e+00 7.038820811667951816e+00 7.031331499063838919e+00
7.659999999999999432e+01 4.584940210007155237e+00 4.566210863266572773e+00 7.041303158418863006e+00 7.044380724772866920e+00
7.679999999999999716e+01 4.586713770158224790e+00 4.569361836355749773e+00 7.043969850182357106e+00 7.048670116116470652e+00
7.700000000000000000e+01 4.590403503372817440e+00 4.567039986990913292e+00 7.049793452923655224e+00 7.045440161312952476e+00
7.720000000000000284e+01 4.585038065063449686e+00 4.567131916144056447e+00 7.041952593757264900e+00 7.046711723868205546e+00
7.740000000000000568e+01 4.581982064498964391e+00 4.562999912501767952e+00 7.037502327793684564e+00 7.040157880080150754e+00
7.759999999999999432e+01 4.583996015900042131e+00 4.563759610421226576e+00 7.038268116233462379e+00 7.040078449563829111e+00
7.779999999999999716e+01 4.582307899924097150e+00 4.565646797869033158e+00 7.036265278190719563e+00 7.043348440327550364e+00
7.800000000000000000e+01 4.579209457904388714e+00 4.554558695724586492e+00 7.031192322639923553e+00 7.026184875107484018e+00
7.820000000000000284e+01 4.577485548676453853e+00 4.556403922227471703e+00 7.030922622965670499e+00 7.030341411084254588e+00
7.840000000000000568e+01 4.583184749740252251e+00 4.565185709951873783e+00 7.039908998751905678e+00 7.043277166357222896e+00
7.859999999999999432e+01 4.579588705825553774e+00 4.556978961803351602e+00 7.033798790424076408e+00 7.030287607338443046e+00
7.879999999999999716e+01 4.574886150196538104e+00 4.556315275773455298e+00 7.024946064770660747e+00 7.028589937591871006e+00
7.900000000000000000e+01 4.581233980073401213e+00 4.561618654157743258e+00 7.034130474944217504e+00 7.036723724665487012e+00
7.920000000000000284e+01 4.586487229377348207e+00 4.567013081114508211e+00 7.043879997459758791e+00 7.045190638273756356e+00
7.940000000000000568e+01 4.590400860787987369e+00 4.568760293542832862e+00 7.046139242639597455e+00 7.047170411042769089e+00
7.959999999999999432e+01 4.587795776816038007e+00 4.564139416561945772e+00 7.045740373503063481e+00 7.041038020032639899e+00
7.979999999999999716e+01 4.596495887236764055e+00 4.572420480206218052e+00 7.057498823586874082e+00 7.053129994804278269e+00
8.000000000000000000e+01 4.579878426875395370e+00 4.563476534744620672e+00 7.030664690015966833e+00 7.038224472863015002e+00
8.100000000000000000e+01 4.583213417078060736e+00 4.558973852602177246e+00 7.037154305937601606e+00 7.031268638499780010e+00
8.200000000000000000e+01 4.582890707589633017e+00 4.563821749029743025e+00 7.037151995370020785e+00 7.039406747060853675e+00
8.300000000000000000e+01 4.581868755499023393e+00 4.563515371708950497e+00 7.033175063279727190e+00 7.037714051702216977e+00
8.400000000000000000e+01 4.588908375353249802e+00 4.567493626065624923e+00 7.045876268112648333e+00 7.045878748199795538e+00
8.500000000000000000e+01 4.591754892191027615e+00 4.565458615017789157e+00 7.050521762082346378e+00 7.043177151098915623e+00
8.600000000000000000e+01 4.583346509131857260e+00 4.561791702428501516e+00 7.038751637727257204e+00 7.037556300421210054e+00
8.700000000000000000e+01 4.586010850263235739e+00 4.568090684920051103e+00 7.041925777197505454e+00 7.047731840050082575e+00
8.800000000000000000e+01 4.588204813575225138e+00 4.566248260608197107e+00 7.045218184788517135e+00 7.044118312555062822e+00
8.900000000000000000e+01 4.580807405997533444e+00 4.556611083432159148e+00 7.035562751634918399e+00 7.029631919657659544e+00
9.000000000000000000e+01 4.581018971718731514e+00 4.564538042558654141e+00 7.036352565882898702e+00 7.042370761240071886e+00
9.100000000000000000e+01 4.587489800471899137e+00 4.567853334026949597e+00 7.045973481756234946e+00 7.047265781220342973e+00
9.200000000000000000e+01 4.584084502119755378e+00 4.568768380687175501e+00 7.043149526741791178e+00 7.049679019121880330e+00
9.300000000000000000e+01 4.587494045061299985e+00 4.567485621276131447e+00 7.047101145112811160e+00 7.047829785566129601e+00
9.400000000000000000e+01 4.594691898582199840e+00 4.580779297586881071e+00 7.057034927720322592e+00 7.067639285585515019e+00
9.500000000000000000e+01 4.595773586908441288e+00 4.572588241466244874e+00 7.056895752609566586e+00 7.054327319973635824e+00
9.600000000000000000e+01 4.584334503585060006e+00 4.567340277220629297e+00 7.039685099492100306e+00 7.045392992529399656e+00
9.700000000000000000e+01 4.596569397423134085e+00 4.574076965991274335e+00 7.059077562229840730e+00 7.055639489690929800e+00
9.800000000000000000e+01 4.593565606813886149e+00 4.568561781330323868e+00 7.055161656076354149e+00 7.048427639948218193e+00
9.900000000000000000e+01 4.592269952247810316e+00 4.569916375424754484e+00 7.053950795849410760e+00 7.050983903294143929e+00
1.000000000000000000e+02 4.593637357917550901e+00 4.577781192844233793e+00 7.054546020172549170e+00 7.062187879907854793e+00
