# delays[ps] delta_averaged scan 0
-2.000000000000000000e+01 6.423266274709627508e-05 6.423266274709627508e-05
-1.800000000000000000e+01 4.514019254846101959e-05 4.514019254846101959e-05
-1.600000000000000000e+01 1.041333228235876731e-04 1.041333228235876731e-04
-1.400000000000000000e+01 7.698924335823165556e-05 7.698924335823165556e-05
-1.200000000000000000e+01 2.873298594818518456e-05 2.873298594818518456e-05
-1.000000000000000000e+01 1.693875733584754263e-04 1.693875733584754263e-04
-8.000000000000000000e+00 6.781625636468103266e-05 6.781625636468103266e-05
-6.000000000000000000e+00 7.455318550995027223e-05 7.455318550995027223e-05
-4.000000000000000000e+00 1.149283085921338831e-04 1.149283085921338831e-04
-2.000000000000000000e+00 1.412165791799987449e-04 1.412165791799987449e-04
-1.000000000000000000e+00 1.782874018560420771e-05 1.782874018560420771e-05
-9.000000000000000222e-01 3.690158848750313110e-05 3.690158848750313110e-05
-8.000000000000000444e-01 7.290103821433302326e-05 7.290103821433302326e-05
-6.999999999999999556e-01 8.199402228431351529e-05 8.199402228431351529e-05
-5.999999999999999778e-01 7.615021296125001503e-05 7.615021296125001503e-05
-5.000000000000000000e-01 1.221717190438116271e-04 1.221717190438116271e-04
-4.000000000000000222e-01 2.990806661164110156e-04 2.990806661164110156e-04
-2.999999999999999889e-01 1.967657774243901673e-04 1.967657774243901673e-04
-2.000000000000000111e-01 5.736095545431529675e-06 5.736095545431529675e-06
-1.000000000000000056e-01 -1.921473473123718302e-04 -1.921473473123718302e-04
0.000000000000000000e+00 -4.363740028757329159e-04 -4.363740028757329159e-04
1.000000000000000056e-01 -5.737262214887876941e-04 -5.737262214887876941e-04
2.000000000000000111e-01 -6.638701672160613083e-04 -6.638701672160613083e-04
2.999999999999999889e-01 -8.030778098584352188e-04 -8.030778098584352188e-04
4.000000000000000222e-01 -8.208745175586546535e-04 -8.208745175586546535e-04
5.000000000000000000e-01 -8.882552027727065157e-04 -8.882552027727065157e-04
5.999999999999999778e-01 -9.157832907291918977e-04 -9.157832907291918977e-04
6.999999999999999556e-01 -9.101937633184013299e-04 -9.101937633184013299e-04
8.000000000000000444e-01 -9.901080315973724653e-04 -9.901080315973724653e-04
9.000000000000000222e-01 -9.244164006020764209e-04 -9.244164006020764209e-04
1.000000000000000000e+00 -9.726346209000531588e-04 -9.726346209000531588e-04
1.100000000000000089e+00 -1.062842768706352952e-03 -1.062842768706352952e-03
1.199999999999999956e+00 -9.506786041789236277e-04 -9.506786041789236277e-04
1.300000000000000044e+00 -1.009060438128734022e-03 -1.009060438128734022e-03
1.399999999999999911e+00 -1.103003952274165091e-03 -1.103003952274165091e-03
1.500000000000000000e+00 -9.754860498082250538e-04 -9.754860498082250538e-04
1.600000000000000089e+00 -1.053888888761852312e-03 -1.053888888761852312e-03
1.699999999999999956e+00 -1.069062700654153583e-03 -1.069062700654153583e-03
1.800000000000000044e+00 -1.001791503176957272e-03 -1.001791503176957272e-03
1.899999999999999911e+00 -1.050086108799607983e-03 -1.050086108799607983e-03
2.000000000000000000e+00 -1.032107483627797305e-03 -1.032107483627797305e-03
3.000000000000000000e+00 -9.398119756149496450e-04 -9.398119756149496450e-04
4.000000000000000000e+00 -8.841915279110022308e-04 -8.841915279110022308e-04
5.000000000000000000e+00 -8.381736687546134266e-04 -8.381736687546134266e-04
6.000000000000000000e+00 -7.671135227993369559e-04 -7.671135227993369559e-04
7.000000000000000000e+00 -6.069872878149552668e-04 -6.069872878149552668e-04
8.000000000000000000e+00 -5.724886907732882994e-04 -5.724886907732882994e-04
9.000000000000000000e+00 -5.893815375390225580e-04 -5.893815375390225580e-04
1.000000000000000000e+01 -5.107588462883827334e-04 -5.107588462883827334e-04
1.100000000000000000e+01 -4.128289832326423976e-04 -4.128289832326423976e-04
1.200000000000000000e+01 -3.925150993217990680e-04 -3.925150993217990680e-04
1.300000000000000000e+01 -3.575729933057507598e-04 -3.575729933057507598e-04
1.400000000000000000e+01 -3.323152763898359506e-04 -3.323152763898359506e-04
1.500000000000000000e+01 -2.859629900599688608e-04 -2.859629900599688608e-04
1.600000000000000000e+01 -2.435000472089977614e-04 -2.435000472089977614e-04
1.700000000000000000e+01 -2.321839583527762698e-04 -2.321839583527762698e-04
1.800000000000000000e+01 -2.178959417362538254e-04 -2.178959417362538254e-04
1.900000000000000000e+01 -1.107240567974666651e-04 -1.107240567974666651e-04
2.000000000000000000e+01 -3.482758576107325605e-05 -3.482758576107325605e-05
2.100000000000000000e+01 1.858419924894782956e-05 1.858419924894782956e-05
2.200000000000000000e+01 -5.906207726280587957e-08 -5.906207726280587957e-08
2.300000000000000000e+01 1.248611553648263468e-04 1.248611553648263468e-04
2.400000000000000000e+01 1.908911075259632842e-04 1.908911075259632842e-04
2.500000000000000000e+01 1.801280299289137520e-04 1.801280299289137520e-04
2.600000000000000000e+01 1.950795588490481403e-04 1.950795588490481403e-04
2.700000000000000000e+01 1.632158134644626755e-04 1.632158134644626755e-04
2.800000000000000000e+01 2.337096327403970187e-04 2.337096327403970187e-04
2.900000000000000000e+01 2.302796519381883388e-04 2.302796519381883388e-04
3.000000000000000000e+01 2.008891913742701844e-04 2.008891913742701844e-04
3.100000000000000000e+01 2.492313847115098678e-04 2.492313847115098678e-04
3.200000000000000000e+01 2.490279281787736131e-04 2.490279281787736131e-04
3.300000000000000000e+01 2.092877380960346263e-04 2.092877380960346263e-04
3.400000000000000000e+01 2.252392989389930694e-04 2.252392989389930694e-04
3.500000000000000000e+01 2.382584234127241882e-04 2.382584234127241882e-04
3.600000000000000000e+01 1.112165567950915737e-04 1.112165567950915737e-04
3.700000000000000000e+01 1.070765891246716563e-04 1.070765891246716563e-04
3.800000000000000000e+01 2.797548697617679975e-05 2.797548697617679975e-05
3.900000000000000000e+01 5.394327623910699610e-05 5.394327623910699610e-05
4.000000000000000000e+01 -3.045662395627768534e-05 -3.045662395627768534e-05
4.100000000000000000e+01 -7.983326301480453565e-05 -7.983326301480453565e-05
4.200000000000000000e+01 -7.911779467708046903e-05 -7.911779467708046903e-05
4.300000000000000000e+01 -1.109992444829547268e-04 -1.109992444829547268e-04
4.400000000000000000e+01 -9.143933746328247335e-05 -9.143933746328247335e-05
4.500000000000000000e+01 -1.297800785566065535e-04 -1.297800785566065535e-04
4.600000000000000000e+01 -6.647529222823723072e-05 -6.647529222823723072e-05
4.700000000000000000e+01 -7.486220009814936976e-05 -7.486220009814936976e-05
4.800000000000000000e+01 -7.967109649878623297e-05 -7.967109649878623297e-05
4.900000000000000000e+01 -1.231884268693958018e-04 -1.231884268693958018e-04
5.000000000000000000e+01 -1.765536278020358638e-04 -1.765536278020358638e-04
5.100000000000000000e+01 -1.590980321665811260e-04 -1.590980321665811260e-04
5.200000000000000000e+01 -1.382423807940963510e-04 -1.382423807940963510e-04
5.300000000000000000e+01 -1.878742425309511978e-04 -1.878742425309511978e-04
5.400000000000000000e+01 -1.699141041169217490e-04 -1.699141041169217490e-04
5.500000000000000000e+01 -1.900546057826770798e-04 -1.900546057826770798e-04
5.600000000000000000e+01 -1.501784354771565843e-04 -1.501784354771565843e-04
5.700000000000000000e+01 -1.640736182291412332e-04 -1.640736182291412332e-04
5.800000000000000000e+01 -2.178993509432496350e-04 -2.178993509432496350e-04
5.900000000000000000e+01 -1.601449823895564255e-04 -1.601449823895564255e-04
6.000000000000000000e+01 -1.556047039515355958e-04 -1.556047039515355958e-04
6.100000000000000000e+01 -1.484819911512395092e-04 -1.484819911512395092e-04
6.200000000000000000e+01 -1.171490837273182501e-04 -1.171490837273182501e-04
6.300000000000000000e+01 -1.028884399198987083e-04 -1.028884399198987083e-04
6.400000000000000000e+01 -1.675258227806805211e-04 -1.675258227806805211e-04
6.500000000000000000e+01 -1.163911232601849677e-04 -1.163911232601849677e-04
6.600000000000000000e+01 -1.406674163521298834e-04 -1.406674163521298834e-04
6.700000000000000000e+01 -8.683960370704168704e-05 -8.683960370704168704e-05
6.800000000000000000e+01 -1.241566039427053302e-04 -1.241566039427053302e-04
6.900000000000000000e+01 -1.892891498644827585e-04 -1.892891498644827585e-04
7.000000000000000000e+01 -2.735952540047143010e-04 -2.735952540047143010e-04
7.100000000000000000e+01 -2.116993851106675382e-04 -2.116993851106675382e-04
7.200000000000000000e+01 -2.614157342877926555e-04 -2.614157342877926555e-04
7.300000000000000000e+01 -2.637610183235076394e-04 -2.637610183235076394e-04
7.400000000000000000e+01 -3.245376810914355425e-04 -3.245376810914355425e-04
7.500000000000000000e+01 -3.411071814878835311e-04 -3.411071814878835311e-04
7.600000000000000000e+01 -3.928284484308114323e-04 -3.928284484308114323e-04
7.700000000000000000e+01 -3.256628220964479371e-04 -3.256628220964479371e-04
7.800000000000000000e+01 -3.387778580497101811e-04 -3.387778580497101811e-04
7.900000000000000000e+01 -4.577160426341274498e-04 -4.577160426341274498e-04
8.000000000000000000e+01 -4.001294830763951738e-04 -4.001294830763951738e-04
8.100000000000000000e+01 -4.742609638905275100e-04 -4.742609638905275100e-04
8.200000000000000000e+01 -4.549269993846489580e-04 -4.549269993846489580e-04
8.300000000000000000e+01 -4.458196398705299560e-04 -4.458196398705299560e-04
8.400000000000000000e+01 -4.602143784612998650e-04 -4.602143784612998650e-04
8.500000000000000000e+01 -3.966138787224557805e-04 -3.966138787224557805e-04
8.600000000000000000e+01 -4.244778901293491170e-04 -4.244778901293491170e-04
8.700000000000000000e+01 -4.408518102163694438e-04 -4.408518102163694438e-04
8.800000000000000000e+01 -4.281775381938513186e-04 -4.281775381938513186e-04
8.900000000000000000e+01 -3.992581910414090291e-04 -3.992581910414090291e-04
9.000000000000000000e+01 -4.097783570495531374e-04 -4.097783570495531374e-04
9.100000000000000000e+01 -4.538643921216552993e-04 -4.538643921216552993e-04
9.200000000000000000e+01 -4.900227591682590781e-04 -4.900227591682590781e-04
9.300000000000000000e+01 -6.090112597516493488e-04 -6.090112597516493488e-04
9.400000000000000000e+01 -6.378812178272477490e-04 -6.378812178272477490e-04
9.500000000000000000e+01 -7.149991627141746159e-04 -7.149991627141746159e-04
9.600000000000000000e+01 -7.357764607899614688e-04 -7.357764607899614688e-04
9.700000000000000000e+01 -8.853651944542211081e-04 -8.853651944542211081e-04
9.800000000000000000e+01 -8.214555216971667099e-04 -8.214555216971667099e-04
9.900000000000000000e+01 -8.449036364216916438e-04 -8.449036364216916438e-04
1.000000000000000000e+02 -9.764846850672003527e-04 -9.764846850672003527e-04
1.010000000000000000e+02 -1.013713531746216574e-03 -1.013713531746216574e-03
1.020000000000000000e+02 -9.754674208045160597e-04 -9.754674208045160597e-04
1.030000000000000000e+02 -9.773476694725064494e-04 -9.773476694725064494e-04
1.040000000000000000e+02 -1.025904630887109056e-03 -1.025904630887109056e-03
1.050000000000000000e+02 -9.696760250801364717e-04 -9.696760250801364717e-04
1.060000000000000000e+02 -1.042317778402661842e-03 -1.042317778402661842e-03
1.070000000000000000e+02 -1.097375804483739651e-03 -1.097375804483739651e-03
1.080000000000000000e+02 -1.017506150739298917e-03 -1.017506150739298917e-03
1.090000000000000000e+02 -1.077669435478708715e-03 -1.077669435478708715e-03
1.100000000000000000e+02 -1.126798154154708131e-03 -1.126798154154708131e-03
1.110000000000000000e+02 -1.203905948511495164e-03 -1.203905948511495164e-03
1.120000000000000000e+02 -1.142589269654093820e-03 -1.142589269654093820e-03
1.130000000000000000e+02 -1.147517413012106528e-03 -1.147517413012106528e-03
1.140000000000000000e+02 -1.165531753425795092e-03 -1.165531753425795092e-03
1.150000000000000000e+02 -1.306322544695465333e-03 -1.306322544695465333e-03
1.160000000000000000e+02 -1.330787738388086510e-03 -1.330787738388086510e-03
1.170000000000000000e+02 -1.326920078332055782e-03 -1.326920078332055782e-03
1.180000000000000000e+02 -1.401776814635291059e-03 -1.401776814635291059e-03
1.190000000000000000e+02 -1.379793022944310983e-03 -1.379793022944310983e-03
1.200000000000000000e+02 -1.436622172948872917e-03 -1.436622172948872917e-03
1.210000000000000000e+02 -1.538966123635582143e-03 -1.538966123635582143e-03
1.220000000000000000e+02 -1.554687485734400527e-03 -1.554687485734400527e-03
1.230000000000000000e+02 -1.692024492739955480e-03 -1.692024492739955480e-03
1.240000000000000000e+02 -1.773800279736110217e-03 -1.773800279736110217e-03
1.250000000000000000e+02 -1.840091699551236679e-03 -1.840091699551236679e-03
1.260000000000000000e+02 -1.942620776633134042e-03 -1.942620776633134042e-03
1.270000000000000000e+02 -1.969065933157837772e-03 -1.969065933157837772e-03
1.280000000000000000e+02 -1.994326950934860194e-03 -1.994326950934860194e-03
1.290000000000000000e+02 -2.084033400827771040e-03 -2.084033400827771040e-03
1.300000000000000000e+02 -2.090907850075391077e-03 -2.090907850075391077e-03
1.310000000000000000e+02 -1.978163821928315136e-03 -1.978163821928315136e-03
1.320000000000000000e+02 -1.965875954101665470e-03 -1.965875954101665470e-03
1.330000000000000000e+02 -1.855102842275595373e-03 -1.855102842275595373e-03
1.340000000000000000e+02 -1.830095362914060247e-03 -1.830095362914060247e-03
1.350000000000000000e+02 -1.772737989054693755e-03 -1.772737989054693755e-03
1.360000000000000000e+02 -1.705277552868710066e-03 -1.705277552868710066e-03
1.370000000000000000e+02 -1.675622347906322984e-03 -1.675622347906322984e-03
1.380000000000000000e+02 -1.692604112104444114e-03 -1.692604112104444114e-03
1.390000000000000000e+02 -1.608238498405874413e-03 -1.608238498405874413e-03
1.400000000000000000e+02 -1.568992307455967326e-03 -1.568992307455967326e-03
1.410000000000000000e+02 -1.665820968349657335e-03 -1.665820968349657335e-03
1.420000000000000000e+02 -1.580689035349846236e-03 -1.580689035349846236e-03
1.430000000000000000e+02 -1.544965143895422194e-03 -1.544965143895422194e-03
1.440000000000000000e+02 -1.568993203266974730e-03 -1.568993203266974730e-03
1.450000000000000000e+02 -1.568032313603938844e-03 -1.568032313603938844e-03
1.460000000000000000e+02 -1.549466808434271994e-03 -1.549466808434271994e-03
1.470000000000000000e+02 -1.578792767772601441e-03 -1.578792767772601441e-03
1.480000000000000000e+02 -1.505676790180624771e-03 -1.505676790180624771e-03
1.490000000000000000e+02 -1.540090049208709625e-03 -1.540090049208709625e-03
1.500000000000000000e+02 -1.538116717436681206e-03 -1.538116717436681206e-03
1.510000000000000000e+02 -1.604490595173201821e-03 -1.604490595173201821e-03
1.520000000000000000e+02 -1.649748053795783076e-03 -1.649748053795783076e-03
1.530000000000000000e+02 -1.648428975246538650e-03 -1.648428975246538650e-03
1.540000000000000000e+02 -1.674442387674314253e-03 -1.674442387674314253e-03
1.550000000000000000e+02 -1.661840797110588188e-03 -1.661840797110588188e-03
1.560000000000000000e+02 -1.735901406296506402e-03 -1.735901406296506402e-03
1.570000000000000000e+02 -1.819891618226694794e-03 -1.819891618226694794e-03
1.580000000000000000e+02 -1.809967602585569116e-03 -1.809967602585569116e-03
1.590000000000000000e+02 -1.783907794029318799e-03 -1.783907794029318799e-03
1.600000000000000000e+02 -1.825242588001212314e-03 -1.825242588001212314e-03
1.610000000000000000e+02 -1.836649008292517374e-03 -1.836649008292517374e-03
1.620000000000000000e+02 -1.844823561954571194e-03 -1.844823561954571194e-03
1.630000000000000000e+02 -1.914797767622870633e-03 -1.914797767622870633e-03
1.640000000000000000e+02 -1.828791826642505933e-03 -1.828791826642505933e-03
1.650000000000000000e+02 -1.902181227938111278e-03 -1.902181227938111278e-03
1.660000000000000000e+02 -1.880637509602395112e-03 -1.880637509602395112e-03
1.670000000000000000e+02 -1.890864722303746675e-03 -1.890864722303746675e-03
1.680000000000000000e+02 -1.823130089627446153e-03 -1.823130089627446153e-03
1.690000000000000000e+02 -1.907863450165448631e-03 -1.907863450165448631e-03
1.700000000000000000e+02 -1.829105096651962182e-03 -1.829105096651962182e-03
1.710000000000000000e+02 -1.792802582255767063e-03 -1.792802582255767063e-03
1.720000000000000000e+02 -1.833080661454717557e-03 -1.833080661454717557e-03
1.730000000000000000e+02 -1.746227037878318256e-03 -1.746227037878318256e-03
1.740000000000000000e+02 -1.791582121785253003e-03 -1.791582121785253003e-03
1.750000000000000000e+02 -1.759784668133495926e-03 -1.759784668133495926e-03
1.760000000000000000e+02 -1.837886845091519497e-03 -1.837886845091519497e-03
1.770000000000000000e+02 -1.769683170760792635e-03 -1.769683170760792635e-03
1.780000000000000000e+02 -1.813916949573724392e-03 -1.813916949573724392e-03
1.790000000000000000e+02 -1.807183256761726430e-03 -1.807183256761726430e-03
1.800000000000000000e+02 -1.863512370357902010e-03 -1.863512370357902010e-03
1.810000000000000000e+02 -1.883223138310899684e-03 -1.883223138310899684e-03
1.820000000000000000e+02 -1.840357338947529479e-03 -1.840357338947529479e-03
1.830000000000000000e+02 -1.841851590889816278e-03 -1.841851590889816278e-03
1.840000000000000000e+02 -1.882747749337784033e-03 -1.882747749337784033e-03
1.850000000000000000e+02 -1.928989606818140969e-03 -1.928989606818140969e-03
1.860000000000000000e+02 -1.919967117066443633e-03 -1.919967117066443633e-03
1.870000000000000000e+02 -1.948791578057693140e-03 -1.948791578057693140e-03
1.880000000000000000e+02 -1.939099591048498239e-03 -1.939099591048498239e-03
1.890000000000000000e+02 -1.988612057547837000e-03 -1.988612057547837000e-03
1.900000000000000000e+02 -2.032745832442284240e-03 -2.032745832442284240e-03
1.910000000000000000e+02 -2.090871557814177450e-03 -2.090871557814177450e-03
1.920000000000000000e+02 -2.029259177317445720e-03 -2.029259177317445720e-03
1.930000000000000000e+02 -2.008760508672987038e-03 -2.008760508672987038e-03
1.940000000000000000e+02 -2.056346314951289569e-03 -2.056346314951289569e-03
1.950000000000000000e+02 -2.016789244463796597e-03 -2.016789244463796597e-03
1.960000000000000000e+02 -1.999731280610378935e-03 -1.999731280610378935e-03
1.970000000000000000e+02 -2.035112426971200528e-03 -2.035112426971200528e-03
1.980000000000000000e+02 -1.923379488197620802e-03 -1.923379488197620802e-03
1.990000000000000000e+02 -2.038362877944364937e-03 -2.038362877944364937e-03
2.000000000000000000e+02 -1.985152733227450988e-03 -1.985152733227450988e-03
2.010000000000000000e+02 -1.974047952362631940e-03 -1.974047952362631940e-03
2.020000000000000000e+02 -1.880983763889377235e-03 -1.880983763889377235e-03
2.030000000000000000e+02 -1.936012415261188476e-03 -1.936012415261188476e-03
2.040000000000000000e+02 -1.935724622694342265e-03 -1.935724622694342265e-03
2.050000000000000000e+02 -1.973234479541249517e-03 -1.973234479541249517e-03
2.060000000000000000e+02 -1.920770570410599426e-03 -1.920770570410599426e-03
2.070000000000000000e+02 -1.985317544342425199e-03 -1.985317544342425199e-03
2.080000000000000000e+02 -2.016622678014539944e-03 -2.016622678014539944e-03
2.090000000000000000e+02 -2.039066902601895104e-03 -2.039066902601895104e-03
2.100000000000000000e+02 -2.055090774440851593e-03 -2.055090774440851593e-03
2.110000000000000000e+02 -2.112002080975049993e-03 -2.112002080975049993e-03
2.120000000000000000e+02 -2.135197998168186697e-03 -2.135197998168186697e-03
2.130000000000000000e+02 -2.178487866081317125e-03 -2.178487866081317125e-03
2.140000000000000000e+02 -2.210411583474537582e-03 -2.210411583474537582e-03
2.150000000000000000e+02 -2.246641232636637561e-03 -2.246641232636637561e-03
2.160000000000000000e+02 -2.264131501101366954e-03 -2.264131501101366954e-03
2.170000000000000000e+02 -2.270777141318137179e-03 -2.270777141318137179e-03
2.180000000000000000e+02 -2.295599550369447229e-03 -2.295599550369447229e-03
2.190000000000000000e+02 -2.364356809842899521e-03 -2.364356809842899521e-03
2.200000000000000000e+02 -2.302055097962732444e-03 -2.302055097962732444e-03
2.210000000000000000e+02 -2.334541852901009240e-03 -2.334541852901009240e-03
2.220000000000000000e+02 -2.380133271572615946e-03 -2.380133271572615946e-03
2.230000000000000000e+02 -2.344488047450433814e-03 -2.344488047450433814e-03
2.240000000000000000e+02 -2.394786355005569089e-03 -2.394786355005569089e-03
2.250000000000000000e+02 -2.348903577085414453e-03 -2.348903577085414453e-03
2.260000000000000000e+02 -2.405942303255026882e-03 -2.405942303255026882e-03
2.270000000000000000e+02 -2.420638797295344025e-03 -2.420638797295344025e-03
2.280000000000000000e+02 -2.381534235109809047e-03 -2.381534235109809047e-03
2.290000000000000000e+02 -2.381219460791122230e-03 -2.381219460791122230e-03
2.300000000000000000e+02 -2.376295692948261328e-03 -2.376295692948261328e-03
2.310000000000000000e+02 -2.470828351507493251e-03 -2.470828351507493251e-03
2.320000000000000000e+02 -2.481611735275499660e-03 -2.481611735275499660e-03
2.330000000000000000e+02 -2.471108755894753546e-03 -2.471108755894753546e-03
2.340000000000000000e+02 -2.403256616923257153e-03 -2.403256616923257153e-03
2.350000000000000000e+02 -2.407181798090281353e-03 -2.407181798090281353e-03
2.360000000000000000e+02 -2.451066047129663462e-03 -2.451066047129663462e-03
2.370000000000000000e+02 -2.464295060345881531e-03 -2.464295060345881531e-03
2.380000000000000000e+02 -2.446885117188879900e-03 -2.446885117188879900e-03
2.390000000000000000e+02 -2.403583326966879288e-03 -2.403583326966879288e-03
2.400000000000000000e+02 -2.408177898609486795e-03 -2.408177898609486795e-03
2.410000000000000000e+02 -2.413463311264466265e-03 -2.413463311264466265e-03
2.420000000000000000e+02 -2.445523926053869666e-03 -2.445523926053869666e-03
2.430000000000000000e+02 -2.423195552207115487e-03 -2.423195552207115487e-03
2.440000000000000000e+02 -2.393507424730316469e-03 -2.393507424730316469e-03
2.450000000000000000e+02 -2.407836692726198456e-03 -2.407836692726198456e-03
2.460000000000000000e+02 -2.422821955558498129e-03 -2.422821955558498129e-03
2.470000000000000000e+02 -2.327967134612132435e-03 -2.327967134612132435e-03
2.480000000000000000e+02 -2.361742592334686950e-03 -2.361742592334686950e-03
2.490000000000000000e+02 -2.359892288187445848e-03 -2.359892288187445848e-03
2.500000000000000000e+02 -2.323082772101668809e-03 -2.323082772101668809e-03
2.510000000000000000e+02 -2.363595374513290624e-03 -2.363595374513290624e-03
2.520000000000000000e+02 -2.284945431804523159e-03 -2.284945431804523159e-03
2.530000000000000000e+02 -2.318221582140177726e-03 -2.318221582140177726e-03
2.540000000000000000e+02 -2.337456071874135892e-03 -2.337456071874135892e-03
2.550000000000000000e+02 -2.272057107672564944e-03 -2.272057107672564944e-03
2.560000000000000000e+02 -2.231917572402687244e-03 -2.231917572402687244e-03
2.570000000000000000e+02 -2.248147809909606647e-03 -2.248147809909606647e-03
2.580000000000000000e+02 -2.188644025171378876e-03 -2.188644025171378876e-03
2.590000000000000000e+02 -2.177966308848643638e-03 -2.177966308848643638e-03
2.600000000000000000e+02 -2.266285487322690275e-03 -2.266285487322690275e-03
2.610000000000000000e+02 -2.199460639463633391e-03 -2.199460639463633391e-03
2.620000000000000000e+02 -2.166484891400835295e-03 -2.166484891400835295e-03
2.630000000000000000e+02 -2.225171018174701074e-03 -2.225171018174701074e-03
2.640000000000000000e+02 -2.212600257646481737e-03 -2.212600257646481737e-03
2.650000000000000000e+02 -2.179477251654652389e-03 -2.179477251654652389e-03
2.660000000000000000e+02 -2.183041097860661996e-03 -2.183041097860661996e-03
2.670000000000000000e+02 -2.230626602770836592e-03 -2.230626602770836592e-03
2.680000000000000000e+02 -2.271592454964072288e-03 -2.271592454964072288e-03
2.690000000000000000e+02 -2.202562127750927381e-03 -2.202562127750927381e-03
2.700000000000000000e+02 -2.167271715403392036e-03 -2.167271715403392036e-03
2.710000000000000000e+02 -2.193161663833482437e-03 -2.193161663833482437e-03
2.720000000000000000e+02 -2.112164953121271720e-03 -2.112164953121271720e-03
2.730000000000000000e+02 -2.129430158221930214e-03 -2.129430158221930214e-03
2.740000000000000000e+02 -2.177118338000912871e-03 -2.177118338000912871e-03
2.750000000000000000e+02 -2.145365731933019608e-03 -2.145365731933019608e-03
2.760000000000000000e+02 -2.156630975768181625e-03 -2.156630975768181625e-03
2.770000000000000000e+02 -2.007386520036373665e-03 -2.007386520036373665e-03
2.780000000000000000e+02 -2.051918148988312804e-03 -2.051918148988312804e-03
2.790000000000000000e+02 -1.999000560863614141e-03 -1.999000560863614141e-03
2.800000000000000000e+02 -2.070590890857889818e-03 -2.070590890857889818e-03
2.810000000000000000e+02 -1.895850909588691832e-03 -1.895850909588691832e-03
2.820000000000000000e+02 -1.898028175115648282e-03 -1.898028175115648282e-03
2.830000000000000000e+02 -1.864306610390846410e-03 -1.864306610390846410e-03
2.840000000000000000e+02 -1.800313131615911529e-03 -1.800313131615911529e-03
2.850000000000000000e+02 -1.784771383151197502e-03 -1.784771383151197502e-03
2.860000000000000000e+02 -1.733403068489158469e-03 -1.733403068489158469e-03
2.870000000000000000e+02 -1.734347348171894759e-03 -1.734347348171894759e-03
2.880000000000000000e+02 -1.728245336727141177e-03 -1.728245336727141177e-03
2.890000000000000000e+02 -1.681547350429559318e-03 -1.681547350429559318e-03
2.900000000000000000e+02 -1.664701117838001060e-03 -1.664701117838001060e-03
2.910000000000000000e+02 -1.572889461312769726e-03 -1.572889461312769726e-03
2.920000000000000000e+02 -1.590072596437360972e-03 -1.590072596437360972e-03
2.930000000000000000e+02 -1.612502559292961369e-03 -1.612502559292961369e-03
2.940000000000000000e+02 -1.527656336569999367e-03 -1.527656336569999367e-03
2.950000000000000000e+02 -1.483000886810025964e-03 -1.483000886810025964e-03
2.960000000000000000e+02 -1.584816764100142276e-03 -1.584816764100142276e-03
2.970000000000000000e+02 -1.456202032719920280e-03 -1.456202032719920280e-03
2.980000000000000000e+02 -1.384277781470865830e-03 -1.384277781470865830e-03
2.990000000000000000e+02 -1.493331824090327097e-03 -1.493331824090327097e-03
3.000000000000000000e+02 -1.542868858719382901e-03 -1.542868858719382901e-03
3.010000000000000000e+02 -1.467076714560972125e-03 -1.467076714560972125e-03
3.020000000000000000e+02 -1.418402537382977341e-03 -1.418402537382977341e-03
3.030000000000000000e+02 -1.450893778431963394e-03 -1.450893778431963394e-03
3.040000000000000000e+02 -1.439144737933218277e-03 -1.439144737933218277e-03
3.050000000000000000e+02 -1.469809790634890546e-03 -1.469809790634890546e-03
3.060000000000000000e+02 -1.445468070288924954e-03 -1.445468070288924954e-03
3.070000000000000000e+02 -1.415705914946372530e-03 -1.415705914946372530e-03
3.080000000000000000e+02 -1.429289485602655129e-03 -1.429289485602655129e-03
3.090000000000000000e+02 -1.429981393653877598e-03 -1.429981393653877598e-03
3.100000000000000000e+02 -1.430564988862066721e-03 -1.430564988862066721e-03
3.110000000000000000e+02 -1.439376310806231686e-03 -1.439376310806231686e-03
3.120000000000000000e+02 -1.413750091670271276e-03 -1.413750091670271276e-03
3.130000000000000000e+02 -1.447915834187362338e-03 -1.447915834187362338e-03
3.140000000000000000e+02 -1.396145762976382272e-03 -1.396145762976382272e-03
3.150000000000000000e+02 -1.494036235827587078e-03 -1.494036235827587078e-03
3.160000000000000000e+02 -1.365239362338364687e-03 -1.365239362338364687e-03
3.170000000000000000e+02 -1.392455329154031847e-03 -1.392455329154031847e-03
3.180000000000000000e+02 -1.406090443745666545e-03 -1.406090443745666545e-03
3.190000000000000000e+02 -1.328328153735497570e-03 -1.328328153735497570e-03
3.200000000000000000e+02 -1.372643687390247801e-03 -1.372643687390247801e-03
3.210000000000000000e+02 -1.293005205924716797e-03 -1.293005205924716797e-03
3.220000000000000000e+02 -1.325342875553445253e-03 -1.325342875553445253e-03
3.230000000000000000e+02 -1.335681563589090131e-03 -1.335681563589090131e-03
3.240000000000000000e+02 -1.287569932563545393e-03 -1.287569932563545393e-03
3.250000000000000000e+02 -1.332318709104773685e-03 -1.332318709104773685e-03
3.260000000000000000e+02 -1.251690832417909306e-03 -1.251690832417909306e-03
3.270000000000000000e+02 -1.206847731983027401e-03 -1.206847731983027401e-03
3.280000000000000000e+02 -1.222217805304356671e-03 -1.222217805304356671e-03
3.290000000000000000e+02 -1.176555574488460845e-03 -1.176555574488460845e-03
3.300000000000000000e+02 -1.231248334282179953e-03 -1.231248334282179953e-03
3.310000000000000000e+02 -1.128231295121456942e-03 -1.128231295121456942e-03
3.320000000000000000e+02 -1.132401973746202922e-03 -1.132401973746202922e-03
3.330000000000000000e+02 -1.125967849750681565e-03 -1.125967849750681565e-03
3.340000000000000000e+02 -1.165446147544015520e-03 -1.165446147544015520e-03
3.350000000000000000e+02 -1.165530199775878907e-03 -1.165530199775878907e-03
3.360000000000000000e+02 -1.063555605050170005e-03 -1.063555605050170005e-03
3.370000000000000000e+02 -1.132078578353785774e-03 -1.132078578353785774e-03
3.380000000000000000e+02 -1.082478123546941123e-03 -1.082478123546941123e-03
3.390000000000000000e+02 -1.055323668497551307e-03 -1.055323668497551307e-03
3.400000000000000000e+02 -1.154692822305112372e-03 -1.154692822305112372e-03
3.410000000000000000e+02 -1.035473622519736360e-03 -1.035473622519736360e-03
3.420000000000000000e+02 -9.827456417309489087e-04 -9.827456417309489087e-04
3.430000000000000000e+02 -1.058641596309362921e-03 -1.058641596309362921e-03
3.440000000000000000e+02 -1.014939889541737871e-03 -1.014939889541737871e-03
3.450000000000000000e+02 -1.103635785684266291e-03 -1.103635785684266291e-03
3.460000000000000000e+02 -1.006714249546346611e-03 -1.006714249546346611e-03
3.470000000000000000e+02 -1.024416525705941451e-03 -1.024416525705941451e-03
3.480000000000000000e+02 -9.887558792534164014e-04 -9.887558792534164014e-04
3.490000000000000000e+02 -9.696855892718316038e-04 -9.696855892718316038e-04
3.500000000000000000e+02 -9.578823075828674484e-04 -9.578823075828674484e-04
3.510000000000000000e+02 -9.630915514806381861e-04 -9.630915514806381861e-04
3.520000000000000000e+02 -8.977976166653837790e-04 -8.977976166653837790e-04
3.530000000000000000e+02 -9.857145345451474600e-04 -9.857145345451474600e-04
3.540000000000000000e+02 -9.170988836967010815e-04 -9.170988836967010815e-04
3.550000000000000000e+02 -9.108796855130096024e-04 -9.108796855130096024e-04
3.560000000000000000e+02 -8.937819136158734520e-04 -8.937819136158734520e-04
3.570000000000000000e+02 -8.513645366811571592e-04 -8.513645366811571592e-04
3.580000000000000000e+02 -8.528741040415701658e-04 -8.528741040415701658e-04
3.590000000000000000e+02 -8.557024696652860063e-04 -8.557024696652860063e-04
3.600000000000000000e+02 -7.728584427072389971e-04 -7.728584427072389971e-04
3.610000000000000000e+02 -7.977821822136391692e-04 -7.977821822136391692e-04
3.620000000000000000e+02 -8.096180366533184142e-04 -8.096180366533184142e-04
3.630000000000000000e+02 -6.826018410925074019e-04 -6.826018410925074019e-04
3.640000000000000000e+02 -7.313180537732552784e-04 -7.313180537732552784e-04
3.650000000000000000e+02 -6.883985699244099705e-04 -6.883985699244099705e-04
3.660000000000000000e+02 -7.440615984364506389e-04 -7.440615984364506389e-04
3.670000000000000000e+02 -7.146638960968416249e-04 -7.146638960968416249e-04
3.680000000000000000e+02 -7.117677084367429480e-04 -7.117677084367429480e-04
3.690000000000000000e+02 -7.288171648151442646e-04 -7.288171648151442646e-04
3.700000000000000000e+02 -7.119447325965970463e-04 -7.119447325965970463e-04
3.710000000000000000e+02 -6.792621619569415943e-04 -6.792621619569415943e-04
3.720000000000000000e+02 -5.867560063257088549e-04 -5.867560063257088549e-04
3.730000000000000000e+02 -6.949655553887306358e-04 -6.949655553887306358e-04
3.740000000000000000e+02 -6.142176291445632878e-04 -6.142176291445632878e-04
3.750000000000000000e+02 -5.953133803991265700e-04 -5.953133803991265700e-04
3.760000000000000000e+02 -5.814409582326553498e-04 -5.814409582326553498e-04
3.770000000000000000e+02 -5.806990656901404521e-04 -5.806990656901404521e-04
3.780000000000000000e+02 -5.946504726617219978e-04 -5.946504726617219978e-04
3.790000000000000000e+02 -5.429243240166322856e-04 -5.429243240166322856e-04
3.800000000000000000e+02 -5.748288201501773652e-04 -5.748288201501773652e-04
3.810000000000000000e+02 -5.234349381185646318e-04 -5.234349381185646318e-04
3.820000000000000000e+02 -5.330136318599201133e-04 -5.330136318599201133e-04
3.830000000000000000e+02 -5.702352847761598927e-04 -5.702352847761598927e-04
3.840000000000000000e+02 -5.368588236678857161e-04 -5.368588236678857161e-04
3.850000000000000000e+02 -4.890367084407740194e-04 -4.890367084407740194e-04
3.860000000000000000e+02 -5.006894052003902935e-04 -5.006894052003902935e-04
3.870000000000000000e+02 -4.687341012938804033e-04 -4.687341012938804033e-04
3.880000000000000000e+02 -4.496589175720180106e-04 -4.496589175720180106e-04
3.890000000000000000e+02 -4.432567123672678214e-04 -4.432567123672678214e-04
3.900000000000000000e+02 -5.017370311452309635e-04 -5.017370311452309635e-04
3.910000000000000000e+02 -3.836877812203739416e-04 -3.836877812203739416e-04
3.920000000000000000e+02 -4.791201070059056895e-04 -4.791201070059056895e-04
3.930000000000000000e+02 -4.381710462045283793e-04 -4.381710462045283793e-04
3.940000000000000000e+02 -4.275468374245045260e-04 -4.275468374245045260e-04
3.950000000000000000e+02 -3.920229977106601911e-04 -3.920229977106601911e-04
3.960000000000000000e+02 -2.976442345407368331e-04 -2.976442345407368331e-04
3.970000000000000000e+02 -3.927299840236640120e-04 -3.927299840236640120e-04
3.980000000000000000e+02 -3.318670762323103532e-04 -3.318670762323103532e-04
3.990000000000000000e+02 -3.707107346984829391e-04 -3.707107346984829391e-04
4.000000000000000000e+02 -3.210007592404575554e-04 -3.210007592404575554e-04
4.010000000000000000e+02 -3.417174412678539706e-04 -3.417174412678539706e-04
4.020000000000000000e+02 -3.179851274433671783e-04 -3.179851274433671783e-04
4.030000000000000000e+02 -3.406432032314361401e-04 -3.406432032314361401e-04
4.040000000000000000e+02 -3.192303998353210933e-04 -3.192303998353210933e-04
4.050000000000000000e+02 -3.465946370265581130e-04 -3.465946370265581130e-04
4.060000000000000000e+02 -3.647868753605344651e-04 -3.647868753605344651e-04
4.070000000000000000e+02 -3.245334209275417959e-04 -3.245334209275417959e-04
4.080000000000000000e+02 -3.273307560352396468e-04 -3.273307560352396468e-04
4.090000000000000000e+02 -3.006846502877825620e-04 -3.006846502877825620e-04
4.100000000000000000e+02 -3.297019219864433075e-04 -3.297019219864433075e-04
4.110000000000000000e+02 -3.250601965188414642e-04 -3.250601965188414642e-04
4.120000000000000000e+02 -2.975182243582798181e-04 -2.975182243582798181e-04
4.130000000000000000e+02 -3.282611474270340614e-04 -3.282611474270340614e-04
4.140000000000000000e+02 -3.431916207317789805e-04 -3.431916207317789805e-04
4.150000000000000000e+02 -3.696011821051635774e-04 -3.696011821051635774e-04
4.160000000000000000e+02 -2.616728204628765236e-04 -2.616728204628765236e-04
4.170000000000000000e+02 -3.491945777169014353e-04 -3.491945777169014353e-04
4.180000000000000000e+02 -3.980204981455357405e-04 -3.980204981455357405e-04
4.190000000000000000e+02 -3.879478110294708269e-04 -3.879478110294708269e-04
4.200000000000000000e+02 -4.514970755186731061e-04 -4.514970755186731061e-04
4.210000000000000000e+02 -4.358525734163001472e-04 -4.358525734163001472e-04
4.220000000000000000e+02 -4.468748816783301076e-04 -4.468748816783301076e-04
4.230000000000000000e+02 -4.650006823204944030e-04 -4.650006823204944030e-04
4.240000000000000000e+02 -4.183540185309809621e-04 -4.183540185309809621e-04
4.250000000000000000e+02 -4.705275443387426900e-04 -4.705275443387426900e-04
4.260000000000000000e+02 -4.084645817918968152e-04 -4.084645817918968152e-04
4.270000000000000000e+02 -4.216121194013974349e-04 -4.216121194013974349e-04
4.280000000000000000e+02 -4.775676986455122956e-04 -4.775676986455122956e-04
4.290000000000000000e+02 -5.367194398627231312e-04 -5.367194398627231312e-04
4.300000000000000000e+02 -5.075070041831638299e-04 -5.075070041831638299e-04
4.310000000000000000e+02 -4.513088308104773634e-04 -4.513088308104773634e-04
4.320000000000000000e+02 -5.425421428826665516e-04 -5.425421428826665516e-04
4.330000000000000000e+02 -5.309630527133556719e-04 -5.309630527133556719e-04
4.340000000000000000e+02 -5.319970503120891123e-04 -5.319970503120891123e-04
4.350000000000000000e+02 -5.791607535067623070e-04 -5.791607535067623070e-04
4.360000000000000000e+02 -5.871800108851914831e-04 -5.871800108851914831e-04
4.370000000000000000e+02 -6.215044605986980077e-04 -6.215044605986980077e-04
4.380000000000000000e+02 -6.258120910125891797e-04 -6.258120910125891797e-04
4.390000000000000000e+02 -6.047892340815439697e-04 -6.047892340815439697e-04
4.400000000000000000e+02 -6.202556698015394311e-04 -6.202556698015394311e-04
4.410000000000000000e+02 -6.551678940938572299e-04 -6.551678940938572299e-04
4.420000000000000000e+02 -6.756685052349526528e-04 -6.756685052349526528e-04
4.430000000000000000e+02 -7.265147192462885484e-04 -7.265147192462885484e-04
4.440000000000000000e+02 -7.231403655245942537e-04 -7.231403655245942537e-04
4.450000000000000000e+02 -7.569331938968120160e-04 -7.569331938968120160e-04
4.460000000000000000e+02 -7.870905279411159012e-04 -7.870905279411159012e-04
4.470000000000000000e+02 -7.361490449790523451e-04 -7.361490449790523451e-04
4.480000000000000000e+02 -8.366331864439819277e-04 -8.366331864439819277e-04
4.490000000000000000e+02 -7.977534400015315243e-04 -7.977534400015315243e-04
4.500000000000000000e+02 -8.596334038935895270e-04 -8.596334038935895270e-04
4.510000000000000000e+02 -9.145952131094416951e-04 -9.145952131094416951e-04
4.520000000000000000e+02 -8.732260738039132348e-04 -8.732260738039132348e-04
4.530000000000000000e+02 -9.043324553724070873e-04 -9.043324553724070873e-04
4.540000000000000000e+02 -9.205075578453466179e-04 -9.205075578453466179e-04
4.550000000000000000e+02 -1.009208471899925106e-03 -1.009208471899925106e-03
4.560000000000000000e+02 -9.431431603372213840e-04 -9.431431603372213840e-04
4.570000000000000000e+02 -1.029959615852692840e-03 -1.029959615852692840e-03
4.580000000000000000e+02 -1.008141193298394810e-03 -1.008141193298394810e-03
4.590000000000000000e+02 -1.102189775175711544e-03 -1.102189775175711544e-03
4.600000000000000000e+02 -1.058462923293147263e-03 -1.058462923293147263e-03
4.610000000000000000e+02 -1.050704452797752812e-03 -1.050704452797752812e-03
4.620000000000000000e+02 -1.108380500391070549e-03 -1.108380500391070549e-03
4.630000000000000000e+02 -1.116646472951996361e-03 -1.116646472951996361e-03
4.640000000000000000e+02 -1.176082925619862610e-03 -1.176082925619862610e-03
4.650000000000000000e+02 -1.177516672823856504e-03 -1.177516672823856504e-03
4.660000000000000000e+02 -1.182763232643242648e-03 -1.182763232643242648e-03
4.670000000000000000e+02 -1.242137140040984163e-03 -1.242137140040984163e-03
4.680000000000000000e+02 -1.301930534199251428e-03 -1.301930534199251428e-03
4.690000000000000000e+02 -1.310824399216651637e-03 -1.310824399216651637e-03
4.700000000000000000e+02 -1.393104115443931585e-03 -1.393104115443931585e-03
4.710000000000000000e+02 -1.466214400038176168e-03 -1.466214400038176168e-03
4.720000000000000000e+02 -1.417243391391294046e-03 -1.417243391391294046e-03
4.730000000000000000e+02 -1.464486395235736586e-03 -1.464486395235736586e-03
4.740000000000000000e+02 -1.550044652935372858e-03 -1.550044652935372858e-03
4.750000000000000000e+02 -1.483739166288004178e-03 -1.483739166288004178e-03
4.760000000000000000e+02 -1.615440512500379046e-03 -1.615440512500379046e-03
4.770000000000000000e+02 -1.576260198400222367e-03 -1.576260198400222367e-03
4.780000000000000000e+02 -1.661331963908302400e-03 -1.661331963908302400e-03
4.790000000000000000e+02 -1.635871293604720510e-03 -1.635871293604720510e-03
4.800000000000000000e+02 -1.687503577614961206e-03 -1.687503577614961206e-03
4.810000000000000000e+02 -1.750925908501389317e-03 -1.750925908501389317e-03
4.820000000000000000e+02 -1.693047384649776915e-03 -1.693047384649776915e-03
4.830000000000000000e+02 -1.786937482302938416e-03 -1.786937482302938416e-03
4.840000000000000000e+02 -1.800766902965018814e-03 -1.800766902965018814e-03
4.850000000000000000e+02 -1.805997213396170250e-03 -1.805997213396170250e-03
4.860000000000000000e+02 -1.832930093584510343e-03 -1.832930093584510343e-03
4.870000000000000000e+02 -1.904966690968574149e-03 -1.904966690968574149e-03
4.880000000000000000e+02 -1.844057942408573129e-03 -1.844057942408573129e-03
4.890000000000000000e+02 -1.953008784576789388e-03 -1.953008784576789388e-03
4.900000000000000000e+02 -1.913675397080396657e-03 -1.913675397080396657e-03
4.910000000000000000e+02 -1.889994268748790025e-03 -1.889994268748790025e-03
4.920000000000000000e+02 -1.945240917078433149e-03 -1.945240917078433149e-03
4.930000000000000000e+02 -1.967221606277876761e-03 -1.967221606277876761e-03
4.940000000000000000e+02 -1.993734924087689226e-03 -1.993734924087689226e-03
4.950000000000000000e+02 -1.976610922227534529e-03 -1.976610922227534529e-03
4.960000000000000000e+02 -1.990558822604082852e-03 -1.990558822604082852e-03
4.970000000000000000e+02 -1.927218114677021425e-03 -1.927218114677021425e-03
4.980000000000000000e+02 -1.952189017629606766e-03 -1.952189017629606766e-03
4.990000000000000000e+02 -1.931506837193361446e-03 -1.931506837193361446e-03
5.000000000000000000e+02 -1.968362122589856645e-03 -1.968362122589856645e-03
