# delays[ps] delta_averaged scan 0
-2.000000000000000000e+01 1.312200427528329382e-04 1.312200427528329382e-04
-1.800000000000000000e+01 1.213194169173897939e-04 1.213194169173897939e-04
-1.600000000000000000e+01 1.260110649445454929e-04 1.260110649445454929e-04
-1.400000000000000000e+01 1.347564312367986934e-04 1.347564312367986934e-04
-1.200000000000000000e+01 8.735572269591929606e-05 8.735572269591929606e-05
-1.000000000000000000e+01 8.526877908478158947e-05 8.526877908478158947e-05
-8.000000000000000000e+00 8.708374656487172412e-05 8.708374656487172412e-05
-6.000000000000000000e+00 5.325062246456169283e-05 5.325062246456169283e-05
-4.000000000000000000e+00 4.847253853157007243e-05 4.847253853157007243e-05
-2.000000000000000000e+00 6.376711040428684240e-05 6.376711040428684240e-05
-1.000000000000000000e+00 6.951339336863026849e-05 6.951339336863026849e-05
-9.000000000000000222e-01 2.565912426656491278e-05 2.565912426656491278e-05
-8.000000000000000444e-01 2.610790540705532160e-05 2.610790540705532160e-05
-6.999999999999999556e-01 5.198659607829847576e-05 5.198659607829847576e-05
-5.999999999999999778e-01 8.890189435992712204e-05 8.890189435992712204e-05
-5.000000000000000000e-01 2.971289257029607834e-05 2.971289257029607834e-05
-4.000000000000000222e-01 3.423038537278944146e-05 3.423038537278944146e-05
-2.999999999999999889e-01 -3.136963554822192086e-04 -3.136963554822192086e-04
-2.000000000000000111e-01 -6.673891111064801391e-04 -6.673891111064801391e-04
-1.000000000000000056e-01 -1.143225542062103854e-03 -1.143225542062103854e-03
0.000000000000000000e+00 -1.494077731438334285e-03 -1.494077731438334285e-03
1.000000000000000056e-01 -1.657622713972526371e-03 -1.657622713972526371e-03
2.000000000000000111e-01 -1.755066378351842048e-03 -1.755066378351842048e-03
2.999999999999999889e-01 -1.838816131349912562e-03 -1.838816131349912562e-03
4.000000000000000222e-01 -1.924381218357530373e-03 -1.924381218357530373e-03
5.000000000000000000e-01 -1.882737036064227338e-03 -1.882737036064227338e-03
5.999999999999999778e-01 -1.967101463538731450e-03 -1.967101463538731450e-03
6.999999999999999556e-01 -2.003131147798950604e-03 -2.003131147798950604e-03
8.000000000000000444e-01 -2.021715657461320946e-03 -2.021715657461320946e-03
9.000000000000000222e-01 -2.021439460446164144e-03 -2.021439460446164144e-03
1.000000000000000000e+00 -2.079837448090761723e-03 -2.079837448090761723e-03
1.100000000000000089e+00 -2.071467144655884940e-03 -2.071467144655884940e-03
1.199999999999999956e+00 -2.092584522805312260e-03 -2.092584522805312260e-03
1.300000000000000044e+00 -2.238976206644696307e-03 -2.238976206644696307e-03
1.399999999999999911e+00 -2.250148279709842086e-03 -2.250148279709842086e-03
1.500000000000000000e+00 -2.079005700332160842e-03 -2.079005700332160842e-03
1.600000000000000089e+00 -2.286552549153472551e-03 -2.286552549153472551e-03
1.699999999999999956e+00 -2.246008542454179958e-03 -2.246008542454179958e-03
1.800000000000000044e+00 -2.281788888028777121e-03 -2.281788888028777121e-03
1.899999999999999911e+00 -2.206103839180142100e-03 -2.206103839180142100e-03
2.000000000000000000e+00 -2.323263935119793122e-03 -2.323263935119793122e-03
3.000000000000000000e+00 -2.351575694237365791e-03 -2.351575694237365791e-03
4.000000000000000000e+00 -2.272284095347929054e-03 -2.272284095347929054e-03
5.000000000000000000e+00 -2.232011766159589222e-03 -2.232011766159589222e-03
6.000000000000000000e+00 -2.129994401935898698e-03 -2.129994401935898698e-03
7.000000000000000000e+00 -2.152486158625189269e-03 -2.152486158625189269e-03
8.000000000000000000e+00 -2.096622461818892832e-03 -2.096622461818892832e-03
9.000000000000000000e+00 -2.043788369880384075e-03 -2.043788369880384075e-03
1.000000000000000000e+01 -2.047762491476842577e-03 -2.047762491476842577e-03
1.100000000000000000e+01 -2.086948285997913648e-03 -2.086948285997913648e-03
1.200000000000000000e+01 -1.947143712795055539e-03 -1.947143712795055539e-03
1.300000000000000000e+01 -1.957402273122391036e-03 -1.957402273122391036e-03
1.400000000000000000e+01 -2.026923998108451710e-03 -2.026923998108451710e-03
1.500000000000000000e+01 -2.057831537244014016e-03 -2.057831537244014016e-03
1.600000000000000000e+01 -2.041603560620509558e-03 -2.041603560620509558e-03
1.700000000000000000e+01 -2.024447756423819814e-03 -2.024447756423819814e-03
1.800000000000000000e+01 -1.963645842719276280e-03 -1.963645842719276280e-03
1.900000000000000000e+01 -1.927926028264829875e-03 -1.927926028264829875e-03
2.000000000000000000e+01 -1.850988022765358851e-03 -1.850988022765358851e-03
2.100000000000000000e+01 -1.905443670888371920e-03 -1.905443670888371920e-03
2.200000000000000000e+01 -1.816516097241215738e-03 -1.816516097241215738e-03
2.300000000000000000e+01 -1.696298322437640987e-03 -1.696298322437640987e-03
2.400000000000000000e+01 -1.651330321092955942e-03 -1.651330321092955942e-03
2.500000000000000000e+01 -1.583050216669524678e-03 -1.583050216669524678e-03
2.600000000000000000e+01 -1.589515166181127998e-03 -1.589515166181127998e-03
2.700000000000000000e+01 -1.576204532807759821e-03 -1.576204532807759821e-03
2.800000000000000000e+01 -1.530828000329436918e-03 -1.530828000329436918e-03
2.900000000000000000e+01 -1.436282049939595308e-03 -1.436282049939595308e-03
3.000000000000000000e+01 -1.458256240749677144e-03 -1.458256240749677144e-03
3.100000000000000000e+01 -1.439102297352211693e-03 -1.439102297352211693e-03
3.200000000000000000e+01 -1.397106019535159253e-03 -1.397106019535159253e-03
3.300000000000000000e+01 -1.376958060412921585e-03 -1.376958060412921585e-03
3.400000000000000000e+01 -1.433601636126225539e-03 -1.433601636126225539e-03
3.500000000000000000e+01 -1.447050449443165049e-03 -1.447050449443165049e-03
3.600000000000000000e+01 -1.349727447229196386e-03 -1.349727447229196386e-03
3.700000000000000000e+01 -1.440926058763083517e-03 -1.440926058763083517e-03
3.800000000000000000e+01 -1.462103012193551694e-03 -1.462103012193551694e-03
3.900000000000000000e+01 -1.428151984006802372e-03 -1.428151984006802372e-03
4.000000000000000000e+01 -1.434376787559531489e-03 -1.434376787559531489e-03
4.100000000000000000e+01 -1.466224052511716676e-03 -1.466224052511716676e-03
4.200000000000000000e+01 -1.480886077711721874e-03 -1.480886077711721874e-03
4.300000000000000000e+01 -1.465444522499520638e-03 -1.465444522499520638e-03
4.400000000000000000e+01 -1.540158254086844902e-03 -1.540158254086844902e-03
4.500000000000000000e+01 -1.535422005291372420e-03 -1.535422005291372420e-03
4.600000000000000000e+01 -1.487950666581827966e-03 -1.487950666581827966e-03
4.700000000000000000e+01 -1.530754374004739127e-03 -1.530754374004739127e-03
4.800000000000000000e+01 -1.600265417855125088e-03 -1.600265417855125088e-03
4.900000000000000000e+01 -1.496467383011571266e-03 -1.496467383011571266e-03
5.000000000000000000e+01 -1.471602846709675703e-03 -1.471602846709675703e-03
5.100000000000000000e+01 -1.557829986628256249e-03 -1.557829986628256249e-03
5.200000000000000000e+01 -1.506079925580956292e-03 -1.506079925580956292e-03
5.300000000000000000e+01 -1.447063663279524355e-03 -1.447063663279524355e-03
5.400000000000000000e+01 -1.410059186753540332e-03 -1.410059186753540332e-03
5.500000000000000000e+01 -1.487918047900757112e-03 -1.487918047900757112e-03
5.600000000000000000e+01 -1.445736849115549123e-03 -1.445736849115549123e-03
5.700000000000000000e+01 -1.441819192375883235e-03 -1.441819192375883235e-03
5.800000000000000000e+01 -1.440397128993843980e-03 -1.440397128993843980e-03
5.900000000000000000e+01 -1.341915207288603765e-03 -1.341915207288603765e-03
6.000000000000000000e+01 -1.345356244459174500e-03 -1.345356244459174500e-03
6.100000000000000000e+01 -1.362631420456439412e-03 -1.362631420456439412e-03
6.200000000000000000e+01 -1.350174829787056116e-03 -1.350174829787056116e-03
6.300000000000000000e+01 -1.365531781359093219e-03 -1.365531781359093219e-03
6.400000000000000000e+01 -1.346130226725550947e-03 -1.346130226725550947e-03
6.500000000000000000e+01 -1.342102813017651648e-03 -1.342102813017651648e-03
6.600000000000000000e+01 -1.344554773899576993e-03 -1.344554773899576993e-03
6.700000000000000000e+01 -1.370465189731749156e-03 -1.370465189731749156e-03
6.800000000000000000e+01 -1.402130386087818963e-03 -1.402130386087818963e-03
6.900000000000000000e+01 -1.436690648359690171e-03 -1.436690648359690171e-03
7.000000000000000000e+01 -1.433573144043639048e-03 -1.433573144043639048e-03
7.100000000000000000e+01 -1.426063024346266089e-03 -1.426063024346266089e-03
7.200000000000000000e+01 -1.463932422906482440e-03 -1.463932422906482440e-03
7.300000000000000000e+01 -1.446113479144367150e-03 -1.446113479144367150e-03
7.400000000000000000e+01 -1.507734973297437811e-03 -1.507734973297437811e-03
7.500000000000000000e+01 -1.535575696357478152e-03 -1.535575696357478152e-03
7.600000000000000000e+01 -1.486175764613323130e-03 -1.486175764613323130e-03
7.700000000000000000e+01 -1.527174985043084710e-03 -1.527174985043084710e-03
7.800000000000000000e+01 -1.581849154754857338e-03 -1.581849154754857338e-03
7.900000000000000000e+01 -1.592120624748534843e-03 -1.592120624748534843e-03
8.000000000000000000e+01 -1.573108134391529517e-03 -1.573108134391529517e-03
8.100000000000000000e+01 -1.625281209952560016e-03 -1.625281209952560016e-03
8.200000000000000000e+01 -1.546916075056470330e-03 -1.546916075056470330e-03
8.300000000000000000e+01 -1.605988730855519150e-03 -1.605988730855519150e-03
8.400000000000000000e+01 -1.657956491771543119e-03 -1.657956491771543119e-03
8.500000000000000000e+01 -1.525169056045172456e-03 -1.525169056045172456e-03
8.600000000000000000e+01 -1.543335763150174410e-03 -1.543335763150174410e-03
8.700000000000000000e+01 -1.556901587413695451e-03 -1.556901587413695451e-03
8.800000000000000000e+01 -1.463994544302374369e-03 -1.463994544302374369e-03
8.900000000000000000e+01 -1.557939999806727148e-03 -1.557939999806727148e-03
9.000000000000000000e+01 -1.563373136217775404e-03 -1.563373136217775404e-03
9.100000000000000000e+01 -1.582870701851136347e-03 -1.582870701851136347e-03
9.200000000000000000e+01 -1.627377751847773439e-03 -1.627377751847773439e-03
9.300000000000000000e+01 -1.679087182514088809e-03 -1.679087182514088809e-03
9.400000000000000000e+01 -1.844533352183910487e-03 -1.844533352183910487e-03
9.500000000000000000e+01 -1.930173872669729753e-03 -1.930173872669729753e-03
9.600000000000000000e+01 -1.936113704575557343e-03 -1.936113704575557343e-03
9.700000000000000000e+01 -2.014781249015625171e-03 -2.014781249015625171e-03
9.800000000000000000e+01 -2.060907906583623120e-03 -2.060907906583623120e-03
9.900000000000000000e+01 -2.132890780384285104e-03 -2.132890780384285104e-03
1.000000000000000000e+02 -2.184321909488410283e-03 -2.184321909488410283e-03
1.010000000000000000e+02 -2.196693511011908132e-03 -2.196693511011908132e-03
1.020000000000000000e+02 -2.187308330142874631e-03 -2.187308330142874631e-03
1.030000000000000000e+02 -2.355422435926920240e-03 -2.355422435926920240e-03
1.040000000000000000e+02 -2.243646890986188656e-03 -2.243646890986188656e-03
1.050000000000000000e+02 -2.387258744314630938e-03 -2.387258744314630938e-03
1.060000000000000000e+02 -2.328262619365225120e-03 -2.328262619365225120e-03
1.070000000000000000e+02 -2.392132763449190090e-03 -2.392132763449190090e-03
1.080000000000000000e+02 -2.350161684490031846e-03 -2.350161684490031846e-03
1.090000000000000000e+02 -2.404850294289800038e-03 -2.404850294289800038e-03
1.100000000000000000e+02 -2.374908599248604524e-03 -2.374908599248604524e-03
1.110000000000000000e+02 -2.507502971694822690e-03 -2.507502971694822690e-03
1.120000000000000000e+02 -2.478170451108776227e-03 -2.478170451108776227e-03
1.130000000000000000e+02 -2.449794860607543059e-03 -2.449794860607543059e-03
1.140000000000000000e+02 -2.570445655118475288e-03 -2.570445655118475288e-03
1.150000000000000000e+02 -2.553107045375315690e-03 -2.553107045375315690e-03
1.160000000000000000e+02 -2.507622683613218266e-03 -2.507622683613218266e-03
1.170000000000000000e+02 -2.692377800379049634e-03 -2.692377800379049634e-03
1.180000000000000000e+02 -2.710323832494659739e-03 -2.710323832494659739e-03
1.190000000000000000e+02 -2.730347016285225928e-03 -2.730347016285225928e-03
1.200000000000000000e+02 -2.701496878746391037e-03 -2.701496878746391037e-03
1.210000000000000000e+02 -2.796355072995838475e-03 -2.796355072995838475e-03
1.220000000000000000e+02 -2.877572528338698428e-03 -2.877572528338698428e-03
1.230000000000000000e+02 -3.041407642923838178e-03 -3.041407642923838178e-03
1.240000000000000000e+02 -3.088829398188313452e-03 -3.088829398188313452e-03
1.250000000000000000e+02 -3.200676421629179008e-03 -3.200676421629179008e-03
1.260000000000000000e+02 -3.302864438359053457e-03 -3.302864438359053457e-03
1.270000000000000000e+02 -3.429734503856579977e-03 -3.429734503856579977e-03
1.280000000000000000e+02 -3.369891548296314460e-03 -3.369891548296314460e-03
1.290000000000000000e+02 -3.411937755080534426e-03 -3.411937755080534426e-03
1.300000000000000000e+02 -3.433640742575082110e-03 -3.433640742575082110e-03
1.310000000000000000e+02 -3.319451722371161324e-03 -3.319451722371161324e-03
1.320000000000000000e+02 -3.486550987647244089e-03 -3.486550987647244089e-03
1.330000000000000000e+02 -3.273767591142667712e-03 -3.273767591142667712e-03
1.340000000000000000e+02 -3.123193643848822150e-03 -3.123193643848822150e-03
1.350000000000000000e+02 -3.186760040473225319e-03 -3.186760040473225319e-03
1.360000000000000000e+02 -3.105659111182880808e-03 -3.105659111182880808e-03
1.370000000000000000e+02 -3.101563394527241495e-03 -3.101563394527241495e-03
1.380000000000000000e+02 -3.031153486064178462e-03 -3.031153486064178462e-03
1.390000000000000000e+02 -2.975865132731961987e-03 -2.975865132731961987e-03
1.400000000000000000e+02 -2.922960590543666973e-03 -2.922960590543666973e-03
1.410000000000000000e+02 -2.908144857166141545e-03 -2.908144857166141545e-03
1.420000000000000000e+02 -2.913667405116359289e-03 -2.913667405116359289e-03
1.430000000000000000e+02 -2.826149669052813174e-03 -2.826149669052813174e-03
1.440000000000000000e+02 -2.737253891895844327e-03 -2.737253891895844327e-03
1.450000000000000000e+02 -2.840376799082770364e-03 -2.840376799082770364e-03
1.460000000000000000e+02 -2.835315598027297965e-03 -2.835315598027297965e-03
1.470000000000000000e+02 -2.829895261383945544e-03 -2.829895261383945544e-03
1.480000000000000000e+02 -2.891227567908112583e-03 -2.891227567908112583e-03
1.490000000000000000e+02 -2.823578523356116456e-03 -2.823578523356116456e-03
1.500000000000000000e+02 -2.802276842105668429e-03 -2.802276842105668429e-03
1.510000000000000000e+02 -2.949668053415503265e-03 -2.949668053415503265e-03
1.520000000000000000e+02 -2.838804084248356882e-03 -2.838804084248356882e-03
1.530000000000000000e+02 -2.872764738303111229e-03 -2.872764738303111229e-03
1.540000000000000000e+02 -2.904893397976702346e-03 -2.904893397976702346e-03
1.550000000000000000e+02 -2.888016660780146506e-03 -2.888016660780146506e-03
1.560000000000000000e+02 -2.904821544356915152e-03 -2.904821544356915152e-03
1.570000000000000000e+02 -2.936677006534708489e-03 -2.936677006534708489e-03
1.580000000000000000e+02 -3.045893179038154566e-03 -3.045893179038154566e-03
1.590000000000000000e+02 -3.001846795578786298e-03 -3.001846795578786298e-03
1.600000000000000000e+02 -2.907403485372294684e-03 -2.907403485372294684e-03
1.610000000000000000e+02 -3.048424930347932039e-03 -3.048424930347932039e-03
1.620000000000000000e+02 -3.123888702073723388e-03 -3.123888702073723388e-03
1.630000000000000000e+02 -3.103641156928490033e-03 -3.103641156928490033e-03
1.640000000000000000e+02 -3.023357800905275214e-03 -3.023357800905275214e-03
1.650000000000000000e+02 -3.066611189510052519e-03 -3.066611189510052519e-03
1.660000000000000000e+02 -3.072197179275870660e-03 -3.072197179275870660e-03
1.670000000000000000e+02 -2.978106166979947560e-03 -2.978106166979947560e-03
1.680000000000000000e+02 -2.945113830491435675e-03 -2.945113830491435675e-03
1.690000000000000000e+02 -2.973949973312808425e-03 -2.973949973312808425e-03
1.700000000000000000e+02 -2.988220872628627109e-03 -2.988220872628627109e-03
1.710000000000000000e+02 -2.868868542272391166e-03 -2.868868542272391166e-03
1.720000000000000000e+02 -3.035611264620607670e-03 -3.035611264620607670e-03
1.730000000000000000e+02 -2.941157420695658230e-03 -2.941157420695658230e-03
1.740000000000000000e+02 -2.942292050865411273e-03 -2.942292050865411273e-03
1.750000000000000000e+02 -2.898952852118256377e-03 -2.898952852118256377e-03
1.760000000000000000e+02 -2.924233012175432578e-03 -2.924233012175432578e-03
1.770000000000000000e+02 -2.908850684360520661e-03 -2.908850684360520661e-03
1.780000000000000000e+02 -2.918019334646476757e-03 -2.918019334646476757e-03
1.790000000000000000e+02 -2.953971836262622198e-03 -2.953971836262622198e-03
1.800000000000000000e+02 -2.860797589929289873e-03 -2.860797589929289873e-03
1.810000000000000000e+02 -2.960547526226741440e-03 -2.960547526226741440e-03
1.820000000000000000e+02 -2.880304107860067429e-03 -2.880304107860067429e-03
1.830000000000000000e+02 -2.926057167073952466e-03 -2.926057167073952466e-03
1.840000000000000000e+02 -2.916639406352488934e-03 -2.916639406352488934e-03
1.850000000000000000e+02 -2.944730020391791124e-03 -2.944730020391791124e-03
1.860000000000000000e+02 -2.981483271104588481e-03 -2.981483271104588481e-03
1.870000000000000000e+02 -3.042093593684523471e-03 -3.042093593684523471e-03
1.880000000000000000e+02 -3.041513509426122842e-03 -3.041513509426122842e-03
1.890000000000000000e+02 -3.020224828517440157e-03 -3.020224828517440157e-03
1.900000000000000000e+02 -3.096117679070557391e-03 -3.096117679070557391e-03
1.910000000000000000e+02 -3.079213641397273316e-03 -3.079213641397273316e-03
1.920000000000000000e+02 -3.069331042058344883e-03 -3.069331042058344883e-03
1.930000000000000000e+02 -3.076323087637853303e-03 -3.076323087637853303e-03
1.940000000000000000e+02 -3.106792858118444505e-03 -3.106792858118444505e-03
1.950000000000000000e+02 -3.139300124653539477e-03 -3.139300124653539477e-03
1.960000000000000000e+02 -3.122813076595727481e-03 -3.122813076595727481e-03
1.970000000000000000e+02 -3.038473346618017577e-03 -3.038473346618017577e-03
1.980000000000000000e+02 -3.061189777052786450e-03 -3.061189777052786450e-03
1.990000000000000000e+02 -3.012788503624422732e-03 -3.012788503624422732e-03
2.000000000000000000e+02 -3.081953560878541217e-03 -3.081953560878541217e-03
2.010000000000000000e+02 -2.946323113632883309e-03 -2.946323113632883309e-03
2.020000000000000000e+02 -2.911426783924721956e-03 -2.911426783924721956e-03
2.030000000000000000e+02 -2.961886282316293553e-03 -2.961886282316293553e-03
2.040000000000000000e+02 -3.049854567441595294e-03 -3.049854567441595294e-03
2.050000000000000000e+02 -2.931247572061648158e-03 -2.931247572061648158e-03
2.060000000000000000e+02 -3.015945978144820693e-03 -3.015945978144820693e-03
2.070000000000000000e+02 -3.012444738016050588e-03 -3.012444738016050588e-03
2.080000000000000000e+02 -3.072322112663650705e-03 -3.072322112663650705e-03
2.090000000000000000e+02 -3.091647831501934899e-03 -3.091647831501934899e-03
2.100000000000000000e+02 -3.156075306605660939e-03 -3.156075306605660939e-03
2.110000000000000000e+02 -3.166959046336147599e-03 -3.166959046336147599e-03
2.120000000000000000e+02 -3.166510271988181094e-03 -3.166510271988181094e-03
2.130000000000000000e+02 -3.244008819266233027e-03 -3.244008819266233027e-03
2.140000000000000000e+02 -3.237890545674043490e-03 -3.237890545674043490e-03
2.150000000000000000e+02 -3.309348218288761783e-03 -3.309348218288761783e-03
2.160000000000000000e+02 -3.296673785424753846e-03 -3.296673785424753846e-03
2.170000000000000000e+02 -3.319210703156815715e-03 -3.319210703156815715e-03
2.180000000000000000e+02 -3.344104253506792034e-03 -3.344104253506792034e-03
2.190000000000000000e+02 -3.355232095690888032e-03 -3.355232095690888032e-03
2.200000000000000000e+02 -3.389768423117294708e-03 -3.389768423117294708e-03
2.210000000000000000e+02 -3.440567490246092264e-03 -3.440567490246092264e-03
2.220000000000000000e+02 -3.392366585636018804e-03 -3.392366585636018804e-03
2.230000000000000000e+02 -3.497512471739277345e-03 -3.497512471739277345e-03
2.240000000000000000e+02 -3.549849922202943670e-03 -3.549849922202943670e-03
2.250000000000000000e+02 -3.495371534663551868e-03 -3.495371534663551868e-03
2.260000000000000000e+02 -3.448856073706271699e-03 -3.448856073706271699e-03
2.270000000000000000e+02 -3.448630450433971643e-03 -3.448630450433971643e-03
2.280000000000000000e+02 -3.526645626471330234e-03 -3.526645626471330234e-03
2.290000000000000000e+02 -3.473455082851483345e-03 -3.473455082851483345e-03
2.300000000000000000e+02 -3.458220954554077839e-03 -3.458220954554077839e-03
2.310000000000000000e+02 -3.448217149107961170e-03 -3.448217149107961170e-03
2.320000000000000000e+02 -3.523177566719342194e-03 -3.523177566719342194e-03
2.330000000000000000e+02 -3.494549881723033567e-03 -3.494549881723033567e-03
2.340000000000000000e+02 -3.519696042937788850e-03 -3.519696042937788850e-03
2.350000000000000000e+02 -3.534899934862893462e-03 -3.534899934862893462e-03
2.360000000000000000e+02 -3.490610432999190649e-03 -3.490610432999190649e-03
2.370000000000000000e+02 -3.483755352008606563e-03 -3.483755352008606563e-03
2.380000000000000000e+02 -3.515741581664822389e-03 -3.515741581664822389e-03
2.390000000000000000e+02 -3.591812769452209196e-03 -3.591812769452209196e-03
2.400000000000000000e+02 -3.546328496523242727e-03 -3.546328496523242727e-03
2.410000000000000000e+02 -3.600280498503388282e-03 -3.600280498503388282e-03
2.420000000000000000e+02 -3.517136729421403620e-03 -3.517136729421403620e-03
2.430000000000000000e+02 -3.557206247368734260e-03 -3.557206247368734260e-03
2.440000000000000000e+02 -3.545341298981212648e-03 -3.545341298981212648e-03
2.450000000000000000e+02 -3.531687859554876862e-03 -3.531687859554876862e-03
2.460000000000000000e+02 -3.568514904784278376e-03 -3.568514904784278376e-03
2.470000000000000000e+02 -3.455023851043629007e-03 -3.455023851043629007e-03
2.480000000000000000e+02 -3.563918139620914777e-03 -3.563918139620914777e-03
2.490000000000000000e+02 -3.458271122645249600e-03 -3.458271122645249600e-03
2.500000000000000000e+02 -3.516987851561216571e-03 -3.516987851561216571e-03
2.510000000000000000e+02 -3.490610355505779656e-03 -3.490610355505779656e-03
2.520000000000000000e+02 -3.480465637862812777e-03 -3.480465637862812777e-03
2.530000000000000000e+02 -3.420200924602344750e-03 -3.420200924602344750e-03
2.540000000000000000e+02 -3.474154334406274504e-03 -3.474154334406274504e-03
2.550000000000000000e+02 -3.458070766860848848e-03 -3.458070766860848848e-03
2.560000000000000000e+02 -3.389362475891804193e-03 -3.389362475891804193e-03
2.570000000000000000e+02 -3.295113145124445569e-03 -3.295113145124445569e-03
2.580000000000000000e+02 -3.412899522359312109e-03 -3.412899522359312109e-03
2.590000000000000000e+02 -3.387519858636614360e-03 -3.387519858636614360e-03
2.600000000000000000e+02 -3.327200354745452407e-03 -3.327200354745452407e-03
2.610000000000000000e+02 -3.299910451770826560e-03 -3.299910451770826560e-03
2.620000000000000000e+02 -3.366571172347020829e-03 -3.366571172347020829e-03
2.630000000000000000e+02 -3.348577249273774516e-03 -3.348577249273774516e-03
2.640000000000000000e+02 -3.397266928039819386e-03 -3.397266928039819386e-03
2.650000000000000000e+02 -3.355309338008801399e-03 -3.355309338008801399e-03
2.660000000000000000e+02 -3.351157695031287305e-03 -3.351157695031287305e-03
2.670000000000000000e+02 -3.287191996824778608e-03 -3.287191996824778608e-03
2.680000000000000000e+02 -3.354860435271856626e-03 -3.354860435271856626e-03
2.690000000000000000e+02 -3.275437848703739632e-03 -3.275437848703739632e-03
2.700000000000000000e+02 -3.278914004641672424e-03 -3.278914004641672424e-03
2.710000000000000000e+02 -3.239689619471711364e-03 -3.239689619471711364e-03
2.720000000000000000e+02 -3.285792480871583925e-03 -3.285792480871583925e-03
2.730000000000000000e+02 -3.246878986488780337e-03 -3.246878986488780337e-03
2.740000000000000000e+02 -3.249016830322352511e-03 -3.249016830322352511e-03
2.750000000000000000e+02 -3.219849992993152436e-03 -3.219849992993152436e-03
2.760000000000000000e+02 -3.222723037719682233e-03 -3.222723037719682233e-03
2.770000000000000000e+02 -3.118131976625214408e-03 -3.118131976625214408e-03
2.780000000000000000e+02 -3.172300335940149690e-03 -3.172300335940149690e-03
2.790000000000000000e+02 -3.049204265055538085e-03 -3.049204265055538085e-03
2.800000000000000000e+02 -3.016472869915337324e-03 -3.016472869915337324e-03
2.810000000000000000e+02 -2.967229178660486192e-03 -2.967229178660486192e-03
2.820000000000000000e+02 -3.023966767793336181e-03 -3.023966767793336181e-03
2.830000000000000000e+02 -2.948070902300182171e-03 -2.948070902300182171e-03
2.840000000000000000e+02 -2.904385633352885108e-03 -2.904385633352885108e-03
2.850000000000000000e+02 -2.869246627481186144e-03 -2.869246627481186144e-03
2.860000000000000000e+02 -2.763206780464816294e-03 -2.763206780464816294e-03
2.870000000000000000e+02 -2.840222821089663160e-03 -2.840222821089663160e-03
2.880000000000000000e+02 -2.727898235665833938e-03 -2.727898235665833938e-03
2.890000000000000000e+02 -2.688873292363001041e-03 -2.688873292363001041e-03
2.900000000000000000e+02 -2.627064913091823207e-03 -2.627064913091823207e-03
2.910000000000000000e+02 -2.597978343911569281e-03 -2.597978343911569281e-03
2.920000000000000000e+02 -2.666021231669096422e-03 -2.666021231669096422e-03
2.930000000000000000e+02 -2.609166693629712697e-03 -2.609166693629712697e-03
2.940000000000000000e+02 -2.579875572508470456e-03 -2.579875572508470456e-03
2.950000000000000000e+02 -2.555688735483649648e-03 -2.555688735483649648e-03
2.960000000000000000e+02 -2.494875290548492081e-03 -2.494875290548492081e-03
2.970000000000000000e+02 -2.499460064105355796e-03 -2.499460064105355796e-03
2.980000000000000000e+02 -2.521763877550083164e-03 -2.521763877550083164e-03
2.990000000000000000e+02 -2.513263526952062236e-03 -2.513263526952062236e-03
3.000000000000000000e+02 -2.469188298048566495e-03 -2.469188298048566495e-03
3.010000000000000000e+02 -2.465643854251711904e-03 -2.465643854251711904e-03
3.020000000000000000e+02 -2.450306573727094664e-03 -2.450306573727094664e-03
3.030000000000000000e+02 -2.438488715345738314e-03 -2.438488715345738314e-03
3.040000000000000000e+02 -2.544494640657721761e-03 -2.544494640657721761e-03
3.050000000000000000e+02 -2.381470627863300962e-03 -2.381470627863300962e-03
3.060000000000000000e+02 -2.423661240709344081e-03 -2.423661240709344081e-03
3.070000000000000000e+02 -2.490709021406144457e-03 -2.490709021406144457e-03
3.080000000000000000e+02 -2.412979324635173770e-03 -2.412979324635173770e-03
3.090000000000000000e+02 -2.511215056840454454e-03 -2.511215056840454454e-03
3.100000000000000000e+02 -2.416141266552754383e-03 -2.416141266552754383e-03
3.110000000000000000e+02 -2.463718739219658300e-03 -2.463718739219658300e-03
3.120000000000000000e+02 -2.450738782493331030e-03 -2.450738782493331030e-03
3.130000000000000000e+02 -2.459079989326780520e-03 -2.459079989326780520e-03
3.140000000000000000e+02 -2.403721998850557543e-03 -2.403721998850557543e-03
3.150000000000000000e+02 -2.442987240585004806e-03 -2.442987240585004806e-03
3.160000000000000000e+02 -2.428857253603920394e-03 -2.428857253603920394e-03
3.170000000000000000e+02 -2.488703990156348501e-03 -2.488703990156348501e-03
3.180000000000000000e+02 -2.367085169101135981e-03 -2.367085169101135981e-03
3.190000000000000000e+02 -2.355747782491706029e-03 -2.355747782491706029e-03
3.200000000000000000e+02 -2.318891318084946845e-03 -2.318891318084946845e-03
3.210000000000000000e+02 -2.373461716314074349e-03 -2.373461716314074349e-03
3.220000000000000000e+02 -2.347302107435212531e-03 -2.347302107435212531e-03
3.230000000000000000e+02 -2.317671641328860992e-03 -2.317671641328860992e-03
3.240000000000000000e+02 -2.338227894571135064e-03 -2.338227894571135064e-03
3.250000000000000000e+02 -2.228692989367711888e-03 -2.228692989367711888e-03
3.260000000000000000e+02 -2.198612106125474256e-03 -2.198612106125474256e-03
3.270000000000000000e+02 -2.221090861605680249e-03 -2.221090861605680249e-03
3.280000000000000000e+02 -2.141881977515937112e-03 -2.141881977515937112e-03
3.290000000000000000e+02 -2.154507368074807562e-03 -2.154507368074807562e-03
3.300000000000000000e+02 -2.105998434838593936e-03 -2.105998434838593936e-03
3.310000000000000000e+02 -2.095984941435540590e-03 -2.095984941435540590e-03
3.320000000000000000e+02 -2.112452318478297893e-03 -2.112452318478297893e-03
3.330000000000000000e+02 -1.981711454760442127e-03 -1.981711454760442127e-03
3.340000000000000000e+02 -2.034817079711407576e-03 -2.034817079711407576e-03
3.350000000000000000e+02 -1.990434273366859658e-03 -1.990434273366859658e-03
3.360000000000000000e+02 -2.004280556524149024e-03 -2.004280556524149024e-03
3.370000000000000000e+02 -2.045402212885977060e-03 -2.045402212885977060e-03
3.380000000000000000e+02 -1.951431576271964825e-03 -1.951431576271964825e-03
3.390000000000000000e+02 -1.990873255647357658e-03 -1.990873255647357658e-03
3.400000000000000000e+02 -1.994605229474695311e-03 -1.994605229474695311e-03
3.410000000000000000e+02 -2.028149521649978346e-03 -2.028149521649978346e-03
3.420000000000000000e+02 -1.951706902468436670e-03 -1.951706902468436670e-03
3.430000000000000000e+02 -1.937172025811465838e-03 -1.937172025811465838e-03
3.440000000000000000e+02 -1.983160805863793102e-03 -1.983160805863793102e-03
3.450000000000000000e+02 -1.896797810625036260e-03 -1.896797810625036260e-03
3.460000000000000000e+02 -1.861753241224325516e-03 -1.861753241224325516e-03
3.470000000000000000e+02 -1.930726560540133420e-03 -1.930726560540133420e-03
3.480000000000000000e+02 -1.867974466872345798e-03 -1.867974466872345798e-03
3.490000000000000000e+02 -1.798710612367913561e-03 -1.798710612367913561e-03
3.500000000000000000e+02 -1.853624941504315596e-03 -1.853624941504315596e-03
3.510000000000000000e+02 -1.843784043925713115e-03 -1.843784043925713115e-03
3.520000000000000000e+02 -1.813306852467337377e-03 -1.813306852467337377e-03
3.530000000000000000e+02 -1.815903887075755521e-03 -1.815903887075755521e-03
3.540000000000000000e+02 -1.791021375136397269e-03 -1.791021375136397269e-03
3.550000000000000000e+02 -1.768092164907328866e-03 -1.768092164907328866e-03
3.560000000000000000e+02 -1.755006540258563074e-03 -1.755006540258563074e-03
3.570000000000000000e+02 -1.737854830309040104e-03 -1.737854830309040104e-03
3.580000000000000000e+02 -1.698280269350543317e-03 -1.698280269350543317e-03
3.590000000000000000e+02 -1.691885115872989115e-03 -1.691885115872989115e-03
3.600000000000000000e+02 -1.681612418120149045e-03 -1.681612418120149045e-03
3.610000000000000000e+02 -1.623447237281449348e-03 -1.623447237281449348e-03
3.620000000000000000e+02 -1.691742187133317291e-03 -1.691742187133317291e-03
3.630000000000000000e+02 -1.640115453569319188e-03 -1.640115453569319188e-03
3.640000000000000000e+02 -1.604302532182757222e-03 -1.604302532182757222e-03
3.650000000000000000e+02 -1.566895157389833811e-03 -1.566895157389833811e-03
3.660000000000000000e+02 -1.561619275078109581e-03 -1.561619275078109581e-03
3.670000000000000000e+02 -1.590226590330005938e-03 -1.590226590330005938e-03
3.680000000000000000e+02 -1.488651396773433676e-03 -1.488651396773433676e-03
3.690000000000000000e+02 -1.519743755212030331e-03 -1.519743755212030331e-03
3.700000000000000000e+02 -1.504678874069422271e-03 -1.504678874069422271e-03
3.710000000000000000e+02 -1.448359804064404659e-03 -1.448359804064404659e-03
3.720000000000000000e+02 -1.467702557210680573e-03 -1.467702557210680573e-03
3.730000000000000000e+02 -1.474464043807241888e-03 -1.474464043807241888e-03
3.740000000000000000e+02 -1.430952472598019404e-03 -1.430952472598019404e-03
3.750000000000000000e+02 -1.401121301191639084e-03 -1.401121301191639084e-03
3.760000000000000000e+02 -1.323441690738208672e-03 -1.323441690738208672e-03
3.770000000000000000e+02 -1.392485673989152630e-03 -1.392485673989152630e-03
3.780000000000000000e+02 -1.384899523680190991e-03 -1.384899523680190991e-03
3.790000000000000000e+02 -1.300604951212942740e-03 -1.300604951212942740e-03
3.800000000000000000e+02 -1.367889437066962437e-03 -1.367889437066962437e-03
3.810000000000000000e+02 -1.338431682300151226e-03 -1.338431682300151226e-03
3.820000000000000000e+02 -1.339633174659544870e-03 -1.339633174659544870e-03
3.830000000000000000e+02 -1.294443161569942694e-03 -1.294443161569942694e-03
3.840000000000000000e+02 -1.320249724785037227e-03 -1.320249724785037227e-03
3.850000000000000000e+02 -1.266176520387179896e-03 -1.266176520387179896e-03
3.860000000000000000e+02 -1.289628778198712630e-03 -1.289628778198712630e-03
3.870000000000000000e+02 -1.260890993718528441e-03 -1.260890993718528441e-03
3.880000000000000000e+02 -1.247166780662441882e-03 -1.247166780662441882e-03
3.890000000000000000e+02 -1.263190563785245458e-03 -1.263190563785245458e-03
3.900000000000000000e+02 -1.244781403533427736e-03 -1.244781403533427736e-03
3.910000000000000000e+02 -1.185780190801643793e-03 -1.185780190801643793e-03
3.920000000000000000e+02 -1.172527843345194274e-03 -1.172527843345194274e-03
3.930000000000000000e+02 -1.209987697151459650e-03 -1.209987697151459650e-03
3.940000000000000000e+02 -1.198479469510121227e-03 -1.198479469510121227e-03
3.950000000000000000e+02 -1.103166728408429536e-03 -1.103166728408429536e-03
3.960000000000000000e+02 -1.137668661168567043e-03 -1.137668661168567043e-03
3.970000000000000000e+02 -1.078379068153891788e-03 -1.078379068153891788e-03
3.980000000000000000e+02 -1.093003755038274901e-03 -1.093003755038274901e-03
3.990000000000000000e+02 -1.040011151224967201e-03 -1.040011151224967201e-03
4.000000000000000000e+02 -1.056613044481145413e-03 -1.056613044481145413e-03
4.010000000000000000e+02 -1.086185263966057274e-03 -1.086185263966057274e-03
4.020000000000000000e+02 -1.073040147383675291e-03 -1.073040147383675291e-03
4.030000000000000000e+02 -1.097828517613781392e-03 -1.097828517613781392e-03
4.040000000000000000e+02 -1.061365507964930847e-03 -1.061365507964930847e-03
4.050000000000000000e+02 -1.036918187726503784e-03 -1.036918187726503784e-03
4.060000000000000000e+02 -9.693092923465983311e-04 -9.693092923465983311e-04
4.070000000000000000e+02 -1.017183904193697842e-03 -1.017183904193697842e-03
4.080000000000000000e+02 -1.069970395230504306e-03 -1.069970395230504306e-03
4.090000000000000000e+02 -1.051175758192867543e-03 -1.051175758192867543e-03
4.100000000000000000e+02 -1.042924745197494618e-03 -1.042924745197494618e-03
4.110000000000000000e+02 -1.066363837991737709e-03 -1.066363837991737709e-03
4.120000000000000000e+02 -1.087709225383839268e-03 -1.087709225383839268e-03
4.130000000000000000e+02 -1.067840077122856951e-03 -1.067840077122856951e-03
4.140000000000000000e+02 -1.041598060511490483e-03 -1.041598060511490483e-03
4.150000000000000000e+02 -1.087932409116464886e-03 -1.087932409116464886e-03
4.160000000000000000e+02 -1.174879156641683766e-03 -1.174879156641683766e-03
4.170000000000000000e+02 -1.013237704796252558e-03 -1.013237704796252558e-03
4.180000000000000000e+02 -1.107679474572817978e-03 -1.107679474572817978e-03
4.190000000000000000e+02 -1.111629089146917975e-03 -1.111629089146917975e-03
4.200000000000000000e+02 -1.070698051441661396e-03 -1.070698051441661396e-03
4.210000000000000000e+02 -1.110371891620043610e-03 -1.110371891620043610e-03
4.220000000000000000e+02 -1.086556773974361404e-03 -1.086556773974361404e-03
4.230000000000000000e+02 -1.158191525249165381e-03 -1.158191525249165381e-03
4.240000000000000000e+02 -1.212037509152717393e-03 -1.212037509152717393e-03
4.250000000000000000e+02 -1.165716387055617609e-03 -1.165716387055617609e-03
4.260000000000000000e+02 -1.151945890340679360e-03 -1.151945890340679360e-03
4.270000000000000000e+02 -1.194189949439608328e-03 -1.194189949439608328e-03
4.280000000000000000e+02 -1.235638144715128610e-03 -1.235638144715128610e-03
4.290000000000000000e+02 -1.235072923914677222e-03 -1.235072923914677222e-03
4.300000000000000000e+02 -1.302712775669852925e-03 -1.302712775669852925e-03
4.310000000000000000e+02 -1.236497925777611286e-03 -1.236497925777611286e-03
4.320000000000000000e+02 -1.348051184625270868e-03 -1.348051184625270868e-03
4.330000000000000000e+02 -1.323850337929599131e-03 -1.323850337929599131e-03
4.340000000000000000e+02 -1.378406307704380194e-03 -1.378406307704380194e-03
4.350000000000000000e+02 -1.360508419276915560e-03 -1.360508419276915560e-03
4.360000000000000000e+02 -1.443984241545633257e-03 -1.443984241545633257e-03
4.370000000000000000e+02 -1.395884211410421518e-03 -1.395884211410421518e-03
4.380000000000000000e+02 -1.357745285268758748e-03 -1.357745285268758748e-03
4.390000000000000000e+02 -1.413812898050804913e-03 -1.413812898050804913e-03
4.400000000000000000e+02 -1.378095852162869320e-03 -1.378095852162869320e-03
4.410000000000000000e+02 -1.474932964951525998e-03 -1.474932964951525998e-03
4.420000000000000000e+02 -1.513561758320709468e-03 -1.513561758320709468e-03
4.430000000000000000e+02 -1.483200567421444306e-03 -1.483200567421444306e-03
4.440000000000000000e+02 -1.553105636817012471e-03 -1.553105636817012471e-03
4.450000000000000000e+02 -1.548237696111357843e-03 -1.548237696111357843e-03
4.460000000000000000e+02 -1.580523863466086953e-03 -1.580523863466086953e-03
4.470000000000000000e+02 -1.586272367012587971e-03 -1.586272367012587971e-03
4.480000000000000000e+02 -1.575289448307132852e-03 -1.575289448307132852e-03
4.490000000000000000e+02 -1.612390954850549760e-03 -1.612390954850549760e-03
4.500000000000000000e+02 -1.650971229476266974e-03 -1.650971229476266974e-03
4.510000000000000000e+02 -1.729435729300361508e-03 -1.729435729300361508e-03
4.520000000000000000e+02 -1.682624653070663055e-03 -1.682624653070663055e-03
4.530000000000000000e+02 -1.737706706860687490e-03 -1.737706706860687490e-03
4.540000000000000000e+02 -1.778470356677294782e-03 -1.778470356677294782e-03
4.550000000000000000e+02 -1.779115727071850809e-03 -1.779115727071850809e-03
4.560000000000000000e+02 -1.825033918449302283e-03 -1.825033918449302283e-03
4.570000000000000000e+02 -1.786562376275274179e-03 -1.786562376275274179e-03
4.580000000000000000e+02 -1.855143171497490324e-03 -1.855143171497490324e-03
4.590000000000000000e+02 -1.860798177206295740e-03 -1.860798177206295740e-03
4.600000000000000000e+02 -1.929087529579672769e-03 -1.929087529579672769e-03
4.610000000000000000e+02 -1.977953252993312674e-03 -1.977953252993312674e-03
4.620000000000000000e+02 -1.946783338740686866e-03 -1.946783338740686866e-03
4.630000000000000000e+02 -1.913219580875008324e-03 -1.913219580875008324e-03
4.640000000000000000e+02 -2.110566034543730207e-03 -2.110566034543730207e-03
4.650000000000000000e+02 -2.063410317105080372e-03 -2.063410317105080372e-03
4.660000000000000000e+02 -2.137337713607895869e-03 -2.137337713607895869e-03
4.670000000000000000e+02 -2.175382635219151595e-03 -2.175382635219151595e-03
4.680000000000000000e+02 -2.179893457212360441e-03 -2.179893457212360441e-03
4.690000000000000000e+02 -2.192187560909536221e-03 -2.192187560909536221e-03
4.700000000000000000e+02 -2.232660235489882829e-03 -2.232660235489882829e-03
4.710000000000000000e+02 -2.255894218461702763e-03 -2.255894218461702763e-03
4.720000000000000000e+02 -2.305131200537646145e-03 -2.305131200537646145e-03
4.730000000000000000e+02 -2.331364332155659146e-03 -2.331364332155659146e-03
4.740000000000000000e+02 -2.420514975560093124e-03 -2.420514975560093124e-03
4.750000000000000000e+02 -2.425802176084920856e-03 -2.425802176084920856e-03
4.760000000000000000e+02 -2.453045415092168155e-03 -2.453045415092168155e-03
4.770000000000000000e+02 -2.553612328070277784e-03 -2.553612328070277784e-03
4.780000000000000000e+02 -2.554044596381198004e-03 -2.554044596381198004e-03
4.790000000000000000e+02 -2.619174978399995725e-03 -2.619174978399995725e-03
4.800000000000000000e+02 -2.596488385804071077e-03 -2.596488385804071077e-03
4.810000000000000000e+02 -2.680367004599845150e-03 -2.680367004599845150e-03
4.820000000000000000e+02 -2.689642608781357691e-03 -2.689642608781357691e-03
4.830000000000000000e+02 -2.702293635248510621e-03 -2.702293635248510621e-03
4.840000000000000000e+02 -2.740926507524432936e-03 -2.740926507524432936e-03
4.850000000000000000e+02 -2.793970524051015477e-03 -2.793970524051015477e-03
4.860000000000000000e+02 -2.782291028377002675e-03 -2.782291028377002675e-03
4.870000000000000000e+02 -2.740077489936930486e-03 -2.740077489936930486e-03
4.880000000000000000e+02 -2.914001812000794993e-03 -2.914001812000794993e-03
4.890000000000000000e+02 -2.825702056963481923e-03 -2.825702056963481923e-03
4.900000000000000000e+02 -2.954562728612769498e-03 -2.954562728612769498e-03
4.910000000000000000e+02 -2.930435105858691502e-03 -2.930435105858691502e-03
4.920000000000000000e+02 -2.887718869141337082e-03 -2.887718869141337082e-03
4.930000000000000000e+02 -2.901790500591046925e-03 -2.901790500591046925e-03
4.940000000000000000e+02 -2.955060855085696932e-03 -2.955060855085696932e-03
4.950000000000000000e+02 -2.932666594998399080e-03 -2.932666594998399080e-03
4.960000000000000000e+02 -2.951151595614764055e-03 -2.951151595614764055e-03
4.970000000000000000e+02 -3.027662712199822963e-03 -3.027662712199822963e-03
4.980000000000000000e+02 -2.956020194419377908e-03 -2.956020194419377908e-03
4.990000000000000000e+02 -3.016341972608530247e-03 -3.016341972608530247e-03
5.000000000000000000e+02 -2.959411130551087201e-03 -2.959411130551087201e-03
