# delays[ps] delta_averaged scan 0 scan 1
-2.000000000000000000e+01 8.224110399115364752e-05 1.017969118192303354e-04 6.268529616307694609e-05
-1.800000000000000000e+01 3.389516940930731520e-05 5.130919953869017661e-05 1.648113927992445041e-05
-1.600000000000000000e+01 7.007614054211457868e-05 7.685538723593631849e-05 6.329689384829283887e-05
-1.400000000000000000e+01 1.750244982454151983e-05 9.143175821793080927e-05 -5.642685856884776960e-05
-1.200000000000000000e+01 5.273721368812672988e-05 5.670426490150670679e-05 4.877016247474674619e-05
-1.000000000000000000e+01 9.290356640061947190e-06 6.461694312090093830e-06 1.211901896803380055e-05
-8.000000000000000000e+00 5.584712195419416872e-05 6.551046203954780404e-05 4.618378186884053340e-05
-6.000000000000000000e+00 2.556862357357980606e-05 7.299275676555505555e-05 -2.185550961839544004e-05
-4.000000000000000000e+00 7.717631889091292421e-05 2.888028066888337239e-05 1.254723571129424693e-04
-2.000000000000000000e+00 5.712286325559989678e-05 6.426550864754764707e-05 4.998021786365214650e-05
-1.899999999999999911e+00 2.648494544601087781e-05 2.589655705868176944e-05 2.707333383333998617e-05
-1.800000000000000044e+00 2.393319702284340959e-05 2.777268157646761571e-05 2.009371246921920346e-05
-1.699999999999999956e+00 1.001383705539411512e-04 1.041773848431442115e-04 9.609935626473809086e-05
-1.600000000000000089e+00 4.030303941212643197e-05 -1.341792583272116766e-05 9.402400465697403160e-05
-1.500000000000000000e+00 7.215943535215640903e-05 3.787612301249909365e-05 1.064427476918137176e-04
-1.399999999999999911e+00 2.427156334894497905e-05 -1.241375437439928829e-05 6.095688107228924808e-05
-1.300000000000000044e+00 4.359132415246041753e-05 5.704331736452894638e-05 3.013933094039189547e-05
-1.199999999999999956e+00 9.107284951599503673e-05 7.673598532930114543e-05 1.054097137026889280e-04
-1.100000000000000089e+00 2.732284449843546960e-05 4.837393941540002213e-05 6.271749581470920451e-06
-1.000000000000000000e+00 6.269497472303864436e-05 1.010946490599795550e-04 2.429530038609773029e-05
-9.000000000000000222e-01 5.889911388055868967e-05 8.217881959590290326e-05 3.561940816521446930e-05
-8.000000000000000444e-01 7.705389434444798213e-05 7.647378842180807600e-05 7.763400026708788826e-05
-6.999999999999999556e-01 6.299075099725420313e-05 4.451861537779322719e-05 8.146288661671518584e-05
-5.999999999999999778e-01 1.734771214443503438e-05 -3.040341239781252495e-06 3.773576552865132421e-05
-5.000000000000000000e-01 6.319896526127821571e-05 9.694785277194906277e-05 2.945007775060737204e-05
-4.000000000000000222e-01 4.510796865363070205e-05 3.229570050994456779e-05 5.792023679731683630e-05
-2.999999999999999889e-01 -7.220933192676936760e-05 -5.395763723761681888e-05 -9.046102661592192310e-05
-2.000000000000000111e-01 -3.951871529501770693e-04 -3.850736631265035690e-04 -4.053006427738505696e-04
-1.000000000000000056e-01 -7.705473871164633497e-04 -7.209818364665583320e-04 -8.201129377663684758e-04
-0.000000000000000000e+00 -9.509293362676891383e-04 -9.737489733752922351e-04 -9.281096991600859330e-04
1.000000000000000056e-01 -8.795661483144295596e-04 -8.694353956222154343e-04 -8.896969010066437932e-04
2.000000000000000111e-01 -8.209731876013368242e-04 -7.535285109500551061e-04 -8.884178642526185422e-04
2.999999999999999889e-01 -7.240573737030646514e-04 -7.476280576059044945e-04 -7.004866898002248083e-04
4.000000000000000222e-01 -7.631849097841693092e-04 -7.432143366116842351e-04 -7.831554829566544917e-04
5.000000000000000000e-01 -7.798915975210060940e-04 -7.865634724318787711e-04 -7.732197226101334168e-04
5.999999999999999778e-01 -7.309310469710178807e-04 -6.601974972648447064e-04 -8.016645966771910551e-04
6.999999999999999556e-01 -7.164529349492517168e-04 -6.855622454131971629e-04 -7.473436244853063791e-04
8.000000000000000444e-01 -6.454656845002126019e-04 -5.623844909455901452e-04 -7.285468780548349501e-04
9.000000000000000222e-01 -6.909881172349192739e-04 -6.169384543279631981e-04 -7.650377801418752413e-04
1.000000000000000000e+00 -6.585926732759891586e-04 -5.924956575173562744e-04 -7.246896890346220428e-04
1.100000000000000089e+00 -6.777990725813846755e-04 -6.653484496133225522e-04 -6.902496955494466903e-04
1.199999999999999956e+00 -6.387550415132444131e-04 -5.730770449186733430e-04 -7.044330381078153748e-04
1.300000000000000044e+00 -6.480629845333409512e-04 -5.941178512688307257e-04 -7.020081177978511767e-04
1.399999999999999911e+00 -6.222976303907844491e-04 -5.540946839909516438e-04 -6.905005767906172544e-04
1.500000000000000000e+00 -6.061528192414436652e-04 -5.377695706149013656e-04 -6.745360678679859648e-04
1.600000000000000089e+00 -5.785484135184146238e-04 -5.259544915230117716e-04 -6.311423355138174760e-04
1.699999999999999956e+00 -5.755641318989710006e-04 -5.514559328073439116e-04 -5.996723309905980896e-04
1.800000000000000044e+00 -5.582715927072875962e-04 -5.081128419219013530e-04 -6.084303434926738394e-04
1.899999999999999911e+00 -5.665389007865829140e-04 -5.046681606760152448e-04 -6.284096408971505832e-04
2.000000000000000000e+00 -5.470550541261796256e-04 -5.186373080198266195e-04 -5.754728002325326316e-04
2.100000000000000089e+00 -5.787674060722343200e-04 -5.191538142789648477e-04 -6.383809978655037923e-04
2.200000000000000178e+00 -6.123950973262883664e-04 -5.313712521685966510e-04 -6.934189424839800817e-04
2.299999999999999822e+00 -5.425964308967660835e-04 -5.013566816213795669e-04 -5.838361801721526001e-04
2.399999999999999911e+00 -5.326614958934090469e-04 -4.822742941569716597e-04 -5.830486976298463256e-04
2.500000000000000000e+00 -5.361375697283237698e-04 -4.610091374176742622e-04 -6.112660020389732232e-04
2.600000000000000089e+00 -5.557118560734943934e-04 -5.096454755478446773e-04 -6.017782365991442180e-04
2.700000000000000178e+00 -5.766400721579514974e-04 -5.053059346609312802e-04 -6.479742096549717147e-04
2.799999999999999822e+00 -5.718384280301211896e-04 -5.515442685294924281e-04 -5.921325875307500595e-04
2.899999999999999911e+00 -5.294656150973414558e-04 -4.677868401294722669e-04 -5.911443900652106447e-04
3.000000000000000000e+00 -6.109122790617530028e-04 -5.595176651232098078e-04 -6.623068930002961978e-04
3.100000000000000089e+00 -5.723368080475924914e-04 -5.328913633236123703e-04 -6.117822527715727210e-04
3.200000000000000178e+00 -5.523700256782509196e-04 -4.746108533168273929e-04 -6.301291980396743920e-04
3.299999999999999822e+00 -5.599663525944901295e-04 -5.420216237244341413e-04 -5.779110814645460094e-04
3.399999999999999911e+00 -5.116365610989233922e-04 -4.859904388801239211e-04 -5.372826833177228633e-04
3.500000000000000000e+00 -5.117182477312368733e-04 -4.335378153883194790e-04 -5.898986800741542677e-04
3.600000000000000089e+00 -5.262309020001257765e-04 -4.556594390053432227e-04 -5.968023649949082219e-04
3.700000000000000178e+00 -5.378143088687372926e-04 -4.929341431158934788e-04 -5.826944746215811065e-04
3.799999999999999822e+00 -5.382862381977247986e-04 -5.122735825900729106e-04 -5.642988938053765781e-04
3.899999999999999911e+00 -5.335606415055554712e-04 -4.893137652267131677e-04 -5.778075177843976663e-04
4.000000000000000000e+00 -5.158215484687990980e-04 -4.599022015531980569e-04 -5.717408953844000307e-04
5.000000000000000000e+00 -4.639234024517289892e-04 -4.055183153535092590e-04 -5.223284895499487194e-04
6.000000000000000000e+00 -4.513736209392658558e-04 -4.099616797373011414e-04 -4.927855621412306243e-04
7.000000000000000000e+00 -4.355733649199528966e-04 -3.444568917814925472e-04 -5.266898380584132460e-04
8.000000000000000000e+00 -3.847933687932563775e-04 -3.746541969626020251e-04 -3.949325406239106756e-04
9.000000000000000000e+00 -4.389084418727286262e-04 -4.243413358409054955e-04 -4.534755479045518112e-04
1.000000000000000000e+01 -4.416337477050447753e-04 -3.178120335687706463e-04 -5.654554618413188500e-04
1.100000000000000000e+01 -5.209739975180376678e-04 -4.600207535660537448e-04 -5.819272414700214823e-04
1.200000000000000000e+01 -5.831268943721627015e-04 -5.044589341625327567e-04 -6.617948545817926463e-04
1.300000000000000000e+01 -7.214376020811740994e-04 -6.172539571937342212e-04 -8.256212469686139777e-04
1.400000000000000000e+01 -8.968531662892332244e-04 -8.315445198283547652e-04 -9.621618127501115753e-04
1.500000000000000000e+01 -1.007952453533841235e-03 -9.480587783201060601e-04 -1.067846128747576518e-03
1.600000000000000000e+01 -1.135487999380669494e-03 -1.074590370893901796e-03 -1.196385627867437408e-03
1.700000000000000000e+01 -1.277261537352615550e-03 -1.244864001340642481e-03 -1.309659073364588620e-03
1.800000000000000000e+01 -1.408388090324242444e-03 -1.333661077083426105e-03 -1.483115103565058783e-03
1.900000000000000000e+01 -1.458264506897431062e-03 -1.372467439005521650e-03 -1.544061574789340474e-03
2.000000000000000000e+01 -1.548750809294504021e-03 -1.527900504131137014e-03 -1.569601114457871028e-03
2.100000000000000000e+01 -1.550333114636129241e-03 -1.461538459260787893e-03 -1.639127770011470807e-03
2.200000000000000000e+01 -1.562732952709213006e-03 -1.471164181872297669e-03 -1.654301723546128125e-03
2.300000000000000000e+01 -1.577224566381619239e-03 -1.505259130068094644e-03 -1.649190002695143835e-03
2.400000000000000000e+01 -1.568921896214185360e-03 -1.503822268452620955e-03 -1.634021523975749549e-03
2.500000000000000000e+01 -1.505411089926952505e-03 -1.426689342123808098e-03 -1.584132837730096912e-03
2.600000000000000000e+01 -1.546714634156690516e-03 -1.444585211149752814e-03 -1.648844057163628002e-03
2.700000000000000000e+01 -1.485354128218248880e-03 -1.393200705597300460e-03 -1.577507550839197083e-03
2.800000000000000000e+01 -1.495434863044709179e-03 -1.397866610873352332e-03 -1.593003115216066025e-03
2.900000000000000000e+01 -1.493087760010288791e-03 -1.419134367750673510e-03 -1.567041152269904288e-03
3.000000000000000000e+01 -1.464014526474292357e-03 -1.365423261878807859e-03 -1.562605791069776855e-03
3.100000000000000000e+01 -1.440359383310617618e-03 -1.306577485771983358e-03 -1.574141280849251879e-03
3.200000000000000000e+01 -1.498731322849947622e-03 -1.410686938515631934e-03 -1.586775707184263310e-03
3.300000000000000000e+01 -1.474939305377509936e-03 -1.390187953601404632e-03 -1.559690657153615023e-03
3.400000000000000000e+01 -1.524655194754938065e-03 -1.452563357984757971e-03 -1.596747031525118160e-03
3.500000000000000000e+01 -1.364300230645618421e-03 -1.262821314045769984e-03 -1.465779147245466858e-03
3.600000000000000000e+01 -1.324835436829025544e-03 -1.216282933122264306e-03 -1.433387940535786565e-03
3.700000000000000000e+01 -1.259640247721832869e-03 -1.145892032354072897e-03 -1.373388463089592624e-03
3.800000000000000000e+01 -1.198628255818636433e-03 -1.122509930128296482e-03 -1.274746581508976384e-03
3.900000000000000000e+01 -1.167191743350611899e-03 -1.050747880903881619e-03 -1.283635605797342179e-03
4.000000000000000000e+01 -1.093677631607471550e-03 -9.642095575395688177e-04 -1.223145705675374390e-03
4.100000000000000000e+01 -1.091700267127100306e-03 -9.961299349696144285e-04 -1.187270599284586184e-03
4.200000000000000000e+01 -1.033120990297778895e-03 -9.178815714787559761e-04 -1.148360409116802030e-03
4.300000000000000000e+01 -1.012141198019638052e-03 -8.958131739000140415e-04 -1.128469222139262063e-03
4.400000000000000000e+01 -9.409778587407519697e-04 -8.428232546302454140e-04 -1.039132462851258525e-03
4.500000000000000000e+01 -9.067526011829576179e-04 -8.059598389347812086e-04 -1.007545363431134027e-03
4.600000000000000000e+01 -8.373195478277029036e-04 -7.594237256215256035e-04 -9.152153700338800952e-04
4.700000000000000000e+01 -8.963359847124151812e-04 -7.878630352431565667e-04 -1.004808934181673904e-03
4.800000000000000000e+01 -8.979945695070563633e-04 -7.943870279968816370e-04 -1.001602111017231090e-03
4.900000000000000000e+01 -8.276627623138917578e-04 -6.774376663088597841e-04 -9.778878583189237316e-04
5.000000000000000000e+01 -7.466589934105960589e-04 -6.435527699352463441e-04 -8.497652168859457737e-04
5.100000000000000000e+01 -7.890518784801560555e-04 -6.779353264088182210e-04 -9.001684305514938899e-04
5.200000000000000000e+01 -7.513839141137211314e-04 -6.182441184253645652e-04 -8.845237098020776977e-04
5.300000000000000000e+01 -7.176933344268373932e-04 -5.695420589439548903e-04 -8.658446099097198961e-04
5.400000000000000000e+01 -7.648476544067022527e-04 -6.684982483622423479e-04 -8.611970604511621575e-04
5.500000000000000000e+01 -7.029456530599379003e-04 -5.899008824066151978e-04 -8.159904237132607112e-04
5.600000000000000000e+01 -6.762586270332181021e-04 -5.651778849529344321e-04 -7.873393691135017721e-04
5.700000000000000000e+01 -6.477002142850084342e-04 -5.339418200944285806e-04 -7.614586084755882878e-04
5.800000000000000000e+01 -6.036223116440600066e-04 -4.999170525801116018e-04 -7.073275707080083031e-04
5.900000000000000000e+01 -5.728949035200533784e-04 -4.657207027521113115e-04 -6.800691042879954996e-04
6.000000000000000000e+01 -5.709913465028494933e-04 -4.472943006140903599e-04 -6.946883923916085182e-04
6.100000000000000000e+01 -5.402463366182717538e-04 -4.435059253140494120e-04 -6.369867479224940957e-04
6.200000000000000000e+01 -5.904430097201171382e-04 -4.842041456346983801e-04 -6.966818738055359506e-04
6.300000000000000000e+01 -6.160536286253663662e-04 -5.421382236009324260e-04 -6.899690336498003063e-04
6.400000000000000000e+01 -5.425966840892451105e-04 -4.347041151875626714e-04 -6.504892529909274412e-04
6.500000000000000000e+01 -4.676464268091435846e-04 -3.485076836246172715e-04 -5.867851699936698978e-04
6.600000000000000000e+01 -5.193568584581449623e-04 -4.013196977973515554e-04 -6.373940191189384234e-04
6.700000000000000000e+01 -5.123337581314631141e-04 -3.687371691480486528e-04 -6.559303471148775211e-04
6.800000000000000000e+01 -4.670027821852010480e-04 -3.847876800394044411e-04 -5.492178843309976008e-04
6.900000000000000000e+01 -5.133647508125813641e-04 -4.170495273431834549e-04 -6.096799742819793274e-04
7.000000000000000000e+01 -4.318124151259173705e-04 -2.485988836861321299e-04 -6.150259465657026111e-04
7.100000000000000000e+01 -4.861367165013975693e-04 -3.618102737371274818e-04 -6.104631592656676025e-04
7.200000000000000000e+01 -5.063524878077190839e-04 -3.946334007684440125e-04 -6.180715748469941010e-04
7.300000000000000000e+01 -4.511544781991939446e-04 -3.574468973540281401e-04 -5.448620590443598033e-04
7.400000000000000000e+01 -4.573909914855685700e-04 -3.633979324473872647e-04 -5.513840505237499294e-04
7.500000000000000000e+01 -4.936280291701446773e-04 -3.663978696240948168e-04 -6.208581887161944294e-04
7.600000000000000000e+01 -4.855130313851455386e-04 -3.556863370100196318e-04 -6.153397257602714453e-04
7.700000000000000000e+01 -4.784219408144079659e-04 -3.590749933813060040e-04 -5.977688882475098737e-04
7.800000000000000000e+01 -5.500532314908193523e-04 -4.302946446947319092e-04 -6.698118182869067412e-04
7.900000000000000000e+01 -5.191011744471545324e-04 -3.935529018321563995e-04 -6.446494470621527738e-04
8.000000000000000000e+01 -4.507329739667010390e-04 -3.151679598033068058e-04 -5.862979881300952722e-04
8.100000000000000000e+01 -4.375091342681955084e-04 -3.500392375463050689e-04 -5.249790309900858936e-04
8.200000000000000000e+01 -4.828907263728482967e-04 -3.657387579701374476e-04 -6.000426947755591999e-04
8.300000000000000000e+01 -4.579081529224315883e-04 -3.349515861401110013e-04 -5.808647197047521211e-04
8.400000000000000000e+01 -3.988705931324541300e-04 -2.871932177796445644e-04 -5.105479684852636414e-04
8.500000000000000000e+01 -3.646133211470196358e-04 -2.341244742482612097e-04 -4.951021680457780077e-04
8.600000000000000000e+01 -3.401956110254279048e-04 -2.181032655203065697e-04 -4.622879565305492398e-04
8.700000000000000000e+01 -2.745573650799563721e-04 -1.555458294279440403e-04 -3.935689007319687310e-04
8.800000000000000000e+01 -2.217408774887568693e-04 -1.193881796460000101e-04 -3.240935753315137284e-04
8.900000000000000000e+01 -2.564016439516863134e-04 -1.709812677734898862e-04 -3.418220201298827134e-04
9.000000000000000000e+01 -2.815284397829143147e-04 -1.837517135680556463e-04 -3.793051659977729560e-04
9.100000000000000000e+01 -3.006364626543018182e-04 -1.197235583605181730e-04 -4.815493669480854768e-04
9.200000000000000000e+01 -3.186695973629036574e-04 -2.153289065046875130e-04 -4.220102882211198289e-04
9.300000000000000000e+01 -4.302934036751167660e-04 -3.035257485023268157e-04 -5.570610588479066620e-04
9.400000000000000000e+01 -5.109626492164920939e-04 -3.821293369733729114e-04 -6.397959614596112222e-04
9.500000000000000000e+01 -6.042705206989894186e-04 -4.583219185471681012e-04 -7.502191228508106819e-04
9.600000000000000000e+01 -6.501325786324966150e-04 -5.436004701406555589e-04 -7.566646871243376711e-04
9.700000000000000000e+01 -7.190974170904832754e-04 -5.791862034512318619e-04 -8.590086307297346889e-04
9.800000000000000000e+01 -7.522918726046674354e-04 -6.040666287527606849e-04 -9.005171164565741859e-04
9.900000000000000000e+01 -7.516092074701776274e-04 -5.835434072385509933e-04 -9.196750077018042615e-04
1.000000000000000000e+02 -8.238414863478672138e-04 -7.135237228200427308e-04 -9.341592498756915884e-04
1.010000000000000000e+02 -8.370015204455061135e-04 -6.752486162298177537e-04 -9.987544246611943649e-04
1.020000000000000000e+02 -8.511381198631019556e-04 -6.921614831409573110e-04 -1.010114756585246600e-03
1.030000000000000000e+02 -8.882151963245446535e-04 -7.802597071411138379e-04 -9.961706855079754692e-04
1.040000000000000000e+02 -8.952249756785241042e-04 -7.690729497449003312e-04 -1.021377001612147877e-03
1.050000000000000000e+02 -9.101828062055268651e-04 -7.442560352652628211e-04 -1.076109577145791018e-03
1.060000000000000000e+02 -8.858510586043612722e-04 -7.470699440110277131e-04 -1.024632173197694831e-03
1.070000000000000000e+02 -9.127373487817849740e-04 -8.229444199449627425e-04 -1.002530277618607314e-03
1.080000000000000000e+02 -9.841372245255029533e-04 -8.418016374970432045e-04 -1.126472811553962811e-03
1.090000000000000000e+02 -9.639535076504248757e-04 -8.686009332083027053e-04 -1.059306082092547046e-03
1.100000000000000000e+02 -9.927007241733627751e-04 -8.669001590546509444e-04 -1.118501289292074498e-03
1.110000000000000000e+02 -1.050725497329897066e-03 -8.202973201865876350e-04 -1.281153674473206388e-03
1.120000000000000000e+02 -1.045139103281786603e-03 -8.773295311080652305e-04 -1.212948675455507866e-03
1.130000000000000000e+02 -1.078744631848180518e-03 -9.797845773134512045e-04 -1.177704686382910048e-03
1.140000000000000000e+02 -1.105772900019084742e-03 -9.895836818435935645e-04 -1.221962118194575920e-03
1.150000000000000000e+02 -1.163907447171234118e-03 -1.027434459854503464e-03 -1.300380434487964556e-03
1.160000000000000000e+02 -1.167577207815017736e-03 -1.048112755922954789e-03 -1.287041659707080900e-03
1.170000000000000000e+02 -1.212309057035886820e-03 -1.056925541747551342e-03 -1.367692572324222516e-03
1.180000000000000000e+02 -1.233480014545524197e-03 -1.079995698562999156e-03 -1.386964330528049237e-03
1.190000000000000000e+02 -1.284617449667336837e-03 -1.178587925227169222e-03 -1.390646974107504451e-03
1.200000000000000000e+02 -1.317871897854739315e-03 -1.210639219074462246e-03 -1.425104576635016600e-03
1.210000000000000000e+02 -1.340054038093365079e-03 -1.180858035767648083e-03 -1.499250040419082292e-03
1.220000000000000000e+02 -1.429394557669012812e-03 -1.314282700885285740e-03 -1.544506414452739883e-03
1.230000000000000000e+02 -1.441395034913802364e-03 -1.308375022069901104e-03 -1.574415047757703624e-03
1.240000000000000000e+02 -1.493406042205860408e-03 -1.372703482455220813e-03 -1.614108601956500003e-03
1.250000000000000000e+02 -1.593121955399780200e-03 -1.464399997532802580e-03 -1.721843913266757819e-03
1.260000000000000000e+02 -1.691810371483960102e-03 -1.620195743124774011e-03 -1.763424999843145975e-03
1.270000000000000000e+02 -1.736215154967830172e-03 -1.600479304645142800e-03 -1.871951005290517544e-03
1.280000000000000000e+02 -1.777129401826506652e-03 -1.623301177560583378e-03 -1.930957626092430143e-03
1.290000000000000000e+02 -1.842446136483996601e-03 -1.766100577775694524e-03 -1.918791695192298896e-03
1.300000000000000000e+02 -1.811318232311949971e-03 -1.704642780058912999e-03 -1.917993684564986943e-03
1.310000000000000000e+02 -1.876441585183604224e-03 -1.757343345507175357e-03 -1.995539824860033309e-03
1.320000000000000000e+02 -1.820550775665883293e-03 -1.662489622586762377e-03 -1.978611928745004425e-03
1.330000000000000000e+02 -1.805813517659158457e-03 -1.663099557292065274e-03 -1.948527478026251640e-03
1.340000000000000000e+02 -1.743393806120472223e-03 -1.597857887517657076e-03 -1.888929724723287153e-03
1.350000000000000000e+02 -1.699300766837242085e-03 -1.606588285859623022e-03 -1.792013247814860932e-03
1.360000000000000000e+02 -1.626077633263145993e-03 -1.482326014053556452e-03 -1.769829252472735750e-03
1.370000000000000000e+02 -1.645267565108225576e-03 -1.574951000525833499e-03 -1.715584129690617653e-03
1.380000000000000000e+02 -1.574561391531011968e-03 -1.451136763979963065e-03 -1.697986019082060654e-03
1.390000000000000000e+02 -1.547116537141542906e-03 -1.424156665804494643e-03 -1.670076408478591385e-03
1.400000000000000000e+02 -1.519568938824594892e-03 -1.419244821656028867e-03 -1.619893055993160916e-03
1.410000000000000000e+02 -1.472954328709980519e-03 -1.390914872963956153e-03 -1.554993784456004668e-03
1.420000000000000000e+02 -1.440147040301037375e-03 -1.327776600051660833e-03 -1.552517480550414134e-03
1.430000000000000000e+02 -1.440913288430967307e-03 -1.343806385372330742e-03 -1.538020191489604090e-03
1.440000000000000000e+02 -1.388930290411863203e-03 -1.303031065576910723e-03 -1.474829515246815683e-03
1.450000000000000000e+02 -1.437798161593860802e-03 -1.333517464274584915e-03 -1.542078858913136473e-03
1.460000000000000000e+02 -1.397267428197147224e-03 -1.247483305626674978e-03 -1.547051550767619254e-03
1.470000000000000000e+02 -1.354258524625089142e-03 -1.247862547631261492e-03 -1.460654501618916575e-03
1.480000000000000000e+02 -1.351119729327915787e-03 -1.254522628696327306e-03 -1.447716829959504268e-03
1.490000000000000000e+02 -1.277586228657400782e-03 -1.176358613567916921e-03 -1.378813843746884643e-03
1.500000000000000000e+02 -1.310666918156149245e-03 -1.240075082151387027e-03 -1.381258754160911463e-03
1.510000000000000000e+02 -1.289093203307447102e-03 -1.228543389480794530e-03 -1.349643017134099891e-03
1.520000000000000000e+02 -1.313196987129681579e-03 -1.204794065514659153e-03 -1.421599908744704006e-03
1.530000000000000000e+02 -1.320742085281852293e-03 -1.256974344589707575e-03 -1.384509825973997011e-03
1.540000000000000000e+02 -1.354176622886095471e-03 -1.252660741040060102e-03 -1.455692504732131057e-03
1.550000000000000000e+02 -1.295924252759263987e-03 -1.174373293651641021e-03 -1.417475211866886737e-03
1.560000000000000000e+02 -1.320790567933432993e-03 -1.200566339279964499e-03 -1.441014796586901269e-03
1.570000000000000000e+02 -1.360346569748107758e-03 -1.301969015524057777e-03 -1.418724123972157957e-03
1.580000000000000000e+02 -1.315754583978420884e-03 -1.195478847772482025e-03 -1.436030320184359527e-03
1.590000000000000000e+02 -1.329244196213863992e-03 -1.249411049272444599e-03 -1.409077343155283601e-03
1.600000000000000000e+02 -1.354906964434957149e-03 -1.290324927691447344e-03 -1.419489001178466736e-03
1.610000000000000000e+02 -1.384459784396139398e-03 -1.314033235129518761e-03 -1.454886333662759818e-03
1.620000000000000000e+02 -1.358525704245948850e-03 -1.233778649431642623e-03 -1.483272759060255078e-03
1.630000000000000000e+02 -1.410765784396079362e-03 -1.335282321495149215e-03 -1.486249247297009510e-03
1.640000000000000000e+02 -1.391026711473259065e-03 -1.326411765210746543e-03 -1.455641657735771586e-03
1.650000000000000000e+02 -1.370610455716881086e-03 -1.327912154856333588e-03 -1.413308756577428583e-03
1.660000000000000000e+02 -1.388169905063726083e-03 -1.292921185606282558e-03 -1.483418624521169391e-03
1.670000000000000000e+02 -1.369193348679527194e-03 -1.285752268382093057e-03 -1.452634428976961331e-03
1.680000000000000000e+02 -1.354427044366560617e-03 -1.270038057477859738e-03 -1.438816031255261496e-03
1.690000000000000000e+02 -1.362097272252499672e-03 -1.295090617637739824e-03 -1.429103926867259520e-03
1.700000000000000000e+02 -1.317223670513932316e-03 -1.261133442677509885e-03 -1.373313898350354747e-03
1.710000000000000000e+02 -1.328723874229005347e-03 -1.245171658749907265e-03 -1.412276089708103428e-03
1.720000000000000000e+02 -1.346364520505228830e-03 -1.284678528075678490e-03 -1.408050512934778953e-03
1.730000000000000000e+02 -1.310546249586763473e-03 -1.233718474905717150e-03 -1.387374024267809796e-03
1.740000000000000000e+02 -1.285409121089422070e-03 -1.229362944101499355e-03 -1.341455298077344786e-03
1.750000000000000000e+02 -1.335275324582864409e-03 -1.257164742063658419e-03 -1.413385907102070183e-03
1.760000000000000000e+02 -1.350495765565280174e-03 -1.326041653011219993e-03 -1.374949878119340356e-03
1.770000000000000000e+02 -1.281598452949422656e-03 -1.214786875912215406e-03 -1.348410029986629906e-03
1.780000000000000000e+02 -1.353890595710665647e-03 -1.208849854752781262e-03 -1.498931336668550248e-03
1.790000000000000000e+02 -1.311677428599597678e-03 -1.280741183323575241e-03 -1.342613673875620115e-03
1.800000000000000000e+02 -1.360418317766719795e-03 -1.235319873643691592e-03 -1.485516761889747999e-03
1.810000000000000000e+02 -1.367812651444740967e-03 -1.269148056730070185e-03 -1.466477246159411749e-03
1.820000000000000000e+02 -1.368907364157545201e-03 -1.241294024849868682e-03 -1.496520703465221503e-03
1.830000000000000000e+02 -1.406656655932770174e-03 -1.356459595211579206e-03 -1.456853716653961142e-03
1.840000000000000000e+02 -1.434248708906570979e-03 -1.339267615680799200e-03 -1.529229802132342757e-03
1.850000000000000000e+02 -1.458057356551823239e-03 -1.382645742835042013e-03 -1.533468970268604681e-03
1.860000000000000000e+02 -1.495856682628435817e-03 -1.413577991892437172e-03 -1.578135373364434463e-03
1.870000000000000000e+02 -1.480573611611676020e-03 -1.421497765387252574e-03 -1.539649457836099467e-03
1.880000000000000000e+02 -1.518148574809889770e-03 -1.432764884639028480e-03 -1.603532264980751061e-03
1.890000000000000000e+02 -1.564207823248798526e-03 -1.482606381024000790e-03 -1.645809265473596262e-03
1.900000000000000000e+02 -1.575295881924459887e-03 -1.509195217432231142e-03 -1.641396546416688633e-03
1.910000000000000000e+02 -1.543186745017929504e-03 -1.457997530035284699e-03 -1.628375960000574309e-03
1.920000000000000000e+02 -1.569063427283687480e-03 -1.483432001373696752e-03 -1.654694853193678424e-03
1.930000000000000000e+02 -1.575595621389026335e-03 -1.523305063037856807e-03 -1.627886179740195864e-03
1.940000000000000000e+02 -1.527433717653628713e-03 -1.465420976422283353e-03 -1.589446458884973858e-03
1.950000000000000000e+02 -1.487048947620208143e-03 -1.383556862044250197e-03 -1.590541033196166089e-03
1.960000000000000000e+02 -1.476217238658083901e-03 -1.358867612472285276e-03 -1.593566864843882743e-03
1.970000000000000000e+02 -1.498581078804483904e-03 -1.453431937778200617e-03 -1.543730219830767407e-03
1.980000000000000000e+02 -1.419200542405179167e-03 -1.338932632329371732e-03 -1.499468452480986601e-03
1.990000000000000000e+02 -1.365202517649280684e-03 -1.260865400935657840e-03 -1.469539634362903528e-03
2.000000000000000000e+02 -1.386463453293951958e-03 -1.335598618399241660e-03 -1.437328288188662474e-03
2.010000000000000000e+02 -1.352762379703932767e-03 -1.298069936867475311e-03 -1.407454822540390440e-03
2.020000000000000000e+02 -1.352064331668413263e-03 -1.252807110000277212e-03 -1.451321553336549098e-03
2.030000000000000000e+02 -1.366562606121993510e-03 -1.290381840649254151e-03 -1.442743371594732869e-03
2.040000000000000000e+02 -1.340103121820449168e-03 -1.280148284634436947e-03 -1.400057959006461173e-03
2.050000000000000000e+02 -1.399675416637978856e-03 -1.305865141978648260e-03 -1.493485691297309452e-03
2.060000000000000000e+02 -1.432946773684056971e-03 -1.367952387131951683e-03 -1.497941160236162042e-03
2.070000000000000000e+02 -1.430349531587271628e-03 -1.376968759558823939e-03 -1.483730303615719316e-03
2.080000000000000000e+02 -1.477077072998884532e-03 -1.449000967449573995e-03 -1.505153178548194852e-03
2.090000000000000000e+02 -1.498245594123871240e-03 -1.423982912365389904e-03 -1.572508275882352575e-03
2.100000000000000000e+02 -1.469369412339604402e-03 -1.381958063254407542e-03 -1.556780761424801261e-03
2.110000000000000000e+02 -1.482355711752722169e-03 -1.428288754024993265e-03 -1.536422669480451073e-03
2.120000000000000000e+02 -1.596276585302485286e-03 -1.546913106971335673e-03 -1.645640063633634900e-03
2.130000000000000000e+02 -1.611988439662339267e-03 -1.530083430074740585e-03 -1.693893449249937950e-03
2.140000000000000000e+02 -1.633036256722418100e-03 -1.534159295237579610e-03 -1.731913218207256806e-03
2.150000000000000000e+02 -1.663725699808320246e-03 -1.626872200663385124e-03 -1.700579198953255586e-03
2.160000000000000000e+02 -1.750789298791231548e-03 -1.672087461265778880e-03 -1.829491136316684216e-03
2.170000000000000000e+02 -1.782130163930836612e-03 -1.701113782026812639e-03 -1.863146545834860369e-03
2.180000000000000000e+02 -1.789983085286596994e-03 -1.704229465883201622e-03 -1.875736704689992367e-03
2.190000000000000000e+02 -1.801713003266901866e-03 -1.719736064293015494e-03 -1.883689942240788454e-03
2.200000000000000000e+02 -1.844421682884157376e-03 -1.791652219382770545e-03 -1.897191146385544423e-03
2.210000000000000000e+02 -1.838858382317220706e-03 -1.786984346166400374e-03 -1.890732418468041038e-03
2.220000000000000000e+02 -1.793361140006704407e-03 -1.711369081373355231e-03 -1.875353198640053367e-03
2.230000000000000000e+02 -1.875752734580756528e-03 -1.777371811899276354e-03 -1.974133657262236701e-03
2.240000000000000000e+02 -1.903840695542496388e-03 -1.837463024835955675e-03 -1.970218366249036884e-03
2.250000000000000000e+02 -1.884941101589590259e-03 -1.817761341603677406e-03 -1.952120861575502896e-03
2.260000000000000000e+02 -1.930219871338678238e-03 -1.791005094642912675e-03 -2.069434648034444019e-03
2.270000000000000000e+02 -1.939819662627672962e-03 -1.889888579639389813e-03 -1.989750745615955895e-03
2.280000000000000000e+02 -1.948991465671876238e-03 -1.864964455065409822e-03 -2.033018476278342437e-03
2.290000000000000000e+02 -1.961905030356155856e-03 -1.901693379745056237e-03 -2.022116680967255692e-03
2.300000000000000000e+02 -2.028803299894321212e-03 -1.968623958776530031e-03 -2.088982641012112826e-03
2.310000000000000000e+02 -1.965193279762304096e-03 -1.891660548644131948e-03 -2.038726010880476027e-03
2.320000000000000000e+02 -2.010118797664609686e-03 -1.920153442746415666e-03 -2.100084152582803922e-03
2.330000000000000000e+02 -2.009237103054000752e-03 -1.957603643686848648e-03 -2.060870562421152855e-03
2.340000000000000000e+02 -2.021313887897468499e-03 -1.973048788083958151e-03 -2.069578987710978847e-03
2.350000000000000000e+02 -2.005246727762166094e-03 -1.942863926095094894e-03 -2.067629529429237511e-03
2.360000000000000000e+02 -2.004517196890474341e-03 -1.981608131175268284e-03 -2.027426262605680398e-03
2.370000000000000000e+02 -1.948925122082961585e-03 -1.883637259384890808e-03 -2.014212984781032362e-03
2.380000000000000000e+02 -1.999420936466170251e-03 -1.954218562530268214e-03 -2.044623310402072722e-03
2.390000000000000000e+02 -2.009969111669492135e-03 -1.956316640747275595e-03 -2.063621582591708675e-03
2.400000000000000000e+02 -1.941310021969592939e-03 -1.872823664618361670e-03 -2.009796379320824208e-03
2.410000000000000000e+02 -1.999654992744014179e-03 -1.921531645485926839e-03 -2.077778340002101303e-03
2.420000000000000000e+02 -1.962240224341904940e-03 -1.905147047322427274e-03 -2.019333401361382823e-03
2.430000000000000000e+02 -1.976579567399953854e-03 -1.907883051502734994e-03 -2.045276083297172930e-03
2.440000000000000000e+02 -1.973046449346824074e-03 -1.945157924136335908e-03 -2.000934974557312240e-03
2.450000000000000000e+02 -1.943794608595213712e-03 -1.923881945863246349e-03 -1.963707271327181075e-03
2.460000000000000000e+02 -1.956081017883161671e-03 -1.902356073428748120e-03 -2.009805962337575438e-03
2.470000000000000000e+02 -1.983844653407103396e-03 -1.895929302201103742e-03 -2.071760004613103050e-03
2.480000000000000000e+02 -1.976495050148919727e-03 -1.864989736652177032e-03 -2.088000363645662206e-03
2.490000000000000000e+02 -1.948024991782442653e-03 -1.882398580730294769e-03 -2.013651402834590320e-03
2.500000000000000000e+02 -1.950202684014590467e-03 -1.890931687904316835e-03 -2.009473680124864315e-03
2.510000000000000000e+02 -1.901543974282802335e-03 -1.803273336236003868e-03 -1.999814612329601018e-03
2.520000000000000000e+02 -1.921457712708548975e-03 -1.889912278439794978e-03 -1.953003146977303189e-03
2.530000000000000000e+02 -1.920852529547154193e-03 -1.872159977680795890e-03 -1.969545081413512280e-03
2.540000000000000000e+02 -1.884081622304353354e-03 -1.841114421400470757e-03 -1.927048823208235952e-03
2.550000000000000000e+02 -1.902647915499172063e-03 -1.844307106612871634e-03 -1.960988724385472493e-03
2.560000000000000000e+02 -1.867757586322749738e-03 -1.797905316929716227e-03 -1.937609855715783248e-03
2.570000000000000000e+02 -1.922003712346255153e-03 -1.848689422984631193e-03 -1.995318001707878895e-03
2.580000000000000000e+02 -1.882709010813901412e-03 -1.807845285563990621e-03 -1.957572736063812203e-03
2.590000000000000000e+02 -1.899509978542754818e-03 -1.825541027830369489e-03 -1.973478929255140148e-03
2.600000000000000000e+02 -1.912233968015499084e-03 -1.867088851785663741e-03 -1.957379084245334210e-03
2.610000000000000000e+02 -1.903469216762726339e-03 -1.803086954067346795e-03 -2.003851479458106100e-03
2.620000000000000000e+02 -1.908728525431565605e-03 -1.855012863464859142e-03 -1.962444187398272068e-03
2.630000000000000000e+02 -1.963501338308655704e-03 -1.857963127199937885e-03 -2.069039549417373090e-03
2.640000000000000000e+02 -1.913545082584566792e-03 -1.874079593159569922e-03 -1.953010572009563663e-03
2.650000000000000000e+02 -1.937344787624981210e-03 -1.881506957309272889e-03 -1.993182617940689530e-03
2.660000000000000000e+02 -1.975070999701152366e-03 -1.978116480600980703e-03 -1.972025518801324463e-03
2.670000000000000000e+02 -1.961808943164477723e-03 -1.917870669721556546e-03 -2.005747216607398683e-03
2.680000000000000000e+02 -1.985480585724568210e-03 -1.954647766551869618e-03 -2.016313404897267236e-03
2.690000000000000000e+02 -1.965903116240676988e-03 -1.906044383586672376e-03 -2.025761848894681600e-03
2.700000000000000000e+02 -1.983114054284930948e-03 -1.983144843399085866e-03 -1.983083265170775596e-03
2.710000000000000000e+02 -1.960422693133230358e-03 -1.892162308696370083e-03 -2.028683077570090851e-03
2.720000000000000000e+02 -2.024715882620568494e-03 -1.962501518174677821e-03 -2.086930247066459600e-03
2.730000000000000000e+02 -2.017250091341881053e-03 -1.954404097830297980e-03 -2.080096084853464561e-03
2.740000000000000000e+02 -1.982188969891392639e-03 -1.994836645222152014e-03 -1.969541294560633263e-03
2.750000000000000000e+02 -1.948908333687834372e-03 -1.922237897852222942e-03 -1.975578769523445802e-03
2.760000000000000000e+02 -1.959425981398073800e-03 -1.928589902061262577e-03 -1.990262060734885458e-03
2.770000000000000000e+02 -1.935660688485780611e-03 -1.921344224933341661e-03 -1.949977152038219561e-03
2.780000000000000000e+02 -1.877740604128503655e-03 -1.856889267339883326e-03 -1.898591940917123983e-03
2.790000000000000000e+02 -1.865457414532526196e-03 -1.832268464166477567e-03 -1.898646364898574825e-03
2.800000000000000000e+02 -1.807641644472920582e-03 -1.726198702821624435e-03 -1.889084586124216729e-03
2.810000000000000000e+02 -1.789133111706146112e-03 -1.718683147631652709e-03 -1.859583075780639515e-03
2.820000000000000000e+02 -1.753763203571889360e-03 -1.698093823912074328e-03 -1.809432583231704392e-03
2.830000000000000000e+02 -1.725338784285250764e-03 -1.654113615233833738e-03 -1.796563953336668008e-03
2.840000000000000000e+02 -1.760818389643620035e-03 -1.740019124997550272e-03 -1.781617654289689798e-03
2.850000000000000000e+02 -1.716160517254274997e-03 -1.707290988085692889e-03 -1.725030046422857321e-03
2.860000000000000000e+02 -1.665374203794197511e-03 -1.637065967566751811e-03 -1.693682440021642994e-03
2.870000000000000000e+02 -1.633107970683410782e-03 -1.616015058478256468e-03 -1.650200882888564879e-03
2.880000000000000000e+02 -1.649204930853543152e-03 -1.620083126003758235e-03 -1.678326735703328070e-03
2.890000000000000000e+02 -1.649848946851748465e-03 -1.625051571674236781e-03 -1.674646322029260150e-03
2.900000000000000000e+02 -1.606345509226774805e-03 -1.560311774488306810e-03 -1.652379243965242583e-03
2.910000000000000000e+02 -1.566040286511520552e-03 -1.522963151551963695e-03 -1.609117421471077626e-03
2.920000000000000000e+02 -1.539554539678795195e-03 -1.463565461219545200e-03 -1.615543618138045191e-03
2.930000000000000000e+02 -1.535211630846194594e-03 -1.519234294586429635e-03 -1.551188967105959554e-03
2.940000000000000000e+02 -1.524036580829627330e-03 -1.503338593694146259e-03 -1.544734567965108619e-03
2.950000000000000000e+02 -1.498993597049617758e-03 -1.449407165943712109e-03 -1.548580028155523624e-03
2.960000000000000000e+02 -1.487366088117914389e-03 -1.372913331459382639e-03 -1.601818844776446357e-03
2.970000000000000000e+02 -1.473342746710555465e-03 -1.395964685508586066e-03 -1.550720807912524864e-03
2.980000000000000000e+02 -1.476630565159775792e-03 -1.438161044445698507e-03 -1.515100085873853294e-03
2.990000000000000000e+02 -1.417321952075297972e-03 -1.391927013760653042e-03 -1.442716890389942903e-03
3.000000000000000000e+02 -1.434018938077924379e-03 -1.422276656531274103e-03 -1.445761219624574654e-03
3.010000000000000000e+02 -1.442384503804491729e-03 -1.428153926804225744e-03 -1.456615080804757930e-03
3.020000000000000000e+02 -1.423670142848698292e-03 -1.398055469161392722e-03 -1.449284816536004078e-03
3.030000000000000000e+02 -1.356819707850342787e-03 -1.347871191635748771e-03 -1.365768224064936804e-03
3.040000000000000000e+02 -1.376367334895506594e-03 -1.342065390270149672e-03 -1.410669279520863299e-03
3.050000000000000000e+02 -1.367550455944170585e-03 -1.322727027428232316e-03 -1.412373884460108855e-03
3.060000000000000000e+02 -1.312413499210536962e-03 -1.294955755962036003e-03 -1.329871242459037921e-03
3.070000000000000000e+02 -1.318366007740899570e-03 -1.320906118191260544e-03 -1.315825897290538596e-03
3.080000000000000000e+02 -1.327977321567061107e-03 -1.251131411715026816e-03 -1.404823231419095398e-03
3.090000000000000000e+02 -1.308869578909487887e-03 -1.227767809495145662e-03 -1.389971348323830111e-03
3.100000000000000000e+02 -1.322841722287226721e-03 -1.312892120787825887e-03 -1.332791323786627555e-03
3.110000000000000000e+02 -1.300903032134471688e-03 -1.288241761783044713e-03 -1.313564302485898880e-03
3.120000000000000000e+02 -1.271319854201327648e-03 -1.226780230239203802e-03 -1.315859478163451494e-03
3.130000000000000000e+02 -1.257249311436510909e-03 -1.204200168313205926e-03 -1.310298454559816108e-03
3.140000000000000000e+02 -1.252593293596271189e-03 -1.250965324525919742e-03 -1.254221262666622852e-03
3.150000000000000000e+02 -1.197111315415723539e-03 -1.107678012590452513e-03 -1.286544618240994566e-03
3.160000000000000000e+02 -1.219162961136545766e-03 -1.181307105676026453e-03 -1.257018816597065079e-03
3.170000000000000000e+02 -1.215578494809350322e-03 -1.134667763955243477e-03 -1.296489225663456949e-03
3.180000000000000000e+02 -1.128919515962707384e-03 -1.108298313718691181e-03 -1.149540718206723371e-03
3.190000000000000000e+02 -1.148759751573216054e-03 -1.101408081752019985e-03 -1.196111421394412339e-03
3.200000000000000000e+02 -1.154326763100737121e-03 -1.153847431210836081e-03 -1.154806094990638160e-03
3.210000000000000000e+02 -1.142148757318640689e-03 -1.080010420044248470e-03 -1.204287094593032908e-03
3.220000000000000000e+02 -1.059120664902747210e-03 -1.036866739528838777e-03 -1.081374590276655643e-03
3.230000000000000000e+02 -1.030798065798335834e-03 -9.505122625825719335e-04 -1.111083869014099518e-03
3.240000000000000000e+02 -1.012575140863510460e-03 -9.840089012590031662e-04 -1.041141380468017970e-03
3.250000000000000000e+02 -9.629885909180800011e-04 -9.731289483847287928e-04 -9.528482334514311010e-04
3.260000000000000000e+02 -9.445985702803418819e-04 -9.406406751520209530e-04 -9.485564654086627023e-04
3.270000000000000000e+02 -9.465218354116429391e-04 -9.173186706062887901e-04 -9.757250002169970881e-04
3.280000000000000000e+02 -8.881147447754394152e-04 -8.686358969605107285e-04 -9.075935925903681019e-04
3.290000000000000000e+02 -8.277457355145105816e-04 -8.526479576153340317e-04 -8.028435134136872398e-04
3.300000000000000000e+02 -7.913805687137700356e-04 -7.528219972848377000e-04 -8.299391401427023713e-04
3.310000000000000000e+02 -8.061713418191067144e-04 -8.414140664115085265e-04 -7.709286172267049023e-04
3.320000000000000000e+02 -7.903694864340904576e-04 -7.611316450721429061e-04 -8.196073277960379006e-04
3.330000000000000000e+02 -7.374420904951604558e-04 -7.070296390341227876e-04 -7.678545419561980155e-04
3.340000000000000000e+02 -7.267087599166967976e-04 -6.929831015132079846e-04 -7.604344183201857191e-04
3.350000000000000000e+02 -7.171537211463846831e-04 -6.944747229689573163e-04 -7.398327193238119414e-04
3.360000000000000000e+02 -6.920368104862381674e-04 -6.299515114930457401e-04 -7.541221094794305947e-04
3.370000000000000000e+02 -6.310301774605270482e-04 -5.678815780432926001e-04 -6.941787768777613879e-04
3.380000000000000000e+02 -6.253959503250180584e-04 -6.150189613550723165e-04 -6.357729392949638004e-04
3.390000000000000000e+02 -6.256284168648435689e-04 -6.204619148124952818e-04 -6.307949189171918559e-04
3.400000000000000000e+02 -6.095640175974863413e-04 -6.193799310872849431e-04 -5.997481041076876311e-04
3.410000000000000000e+02 -5.530350364128110326e-04 -4.854006233598083596e-04 -6.206694494658136513e-04
3.420000000000000000e+02 -5.536561759090224012e-04 -4.871622294552325604e-04 -6.201501223628123503e-04
3.430000000000000000e+02 -5.742124916476528708e-04 -5.325138191225221732e-04 -6.159111641727834600e-04
3.440000000000000000e+02 -4.773098272594463636e-04 -4.439462949044849140e-04 -5.106733596144078131e-04
3.450000000000000000e+02 -5.264664921260292290e-04 -5.152275027527518023e-04 -5.377054814993066558e-04
3.460000000000000000e+02 -4.705035886630800778e-04 -4.706599818771972860e-04 -4.703471954489628695e-04
3.470000000000000000e+02 -4.448677690861840015e-04 -3.633188219182574737e-04 -5.264167162541105293e-04
3.480000000000000000e+02 -3.987150615873492681e-04 -3.834344227756542088e-04 -4.139957003990443274e-04
3.490000000000000000e+02 -3.995983266735098896e-04 -3.507359608700341149e-04 -4.484606924769857185e-04
3.500000000000000000e+02 -3.773907233365340246e-04 -2.937605400514470364e-04 -4.610209066216209585e-04
3.510000000000000000e+02 -3.726800939421362046e-04 -2.738809195110621813e-04 -4.714792683732102821e-04
3.520000000000000000e+02 -3.913149857192905622e-04 -3.591819805179586851e-04 -4.234479909206224392e-04
3.530000000000000000e+02 -3.235257520303085402e-04 -3.142006227933969798e-04 -3.328508812672200464e-04
3.540000000000000000e+02 -2.229475847252689958e-04 -1.310168485090879096e-04 -3.148783209414500548e-04
3.550000000000000000e+02 -2.366870081238346322e-04 -1.396031036943861108e-04 -3.337709125532831536e-04
3.560000000000000000e+02 -2.097364173895662951e-04 -1.049303744091768526e-04 -3.145424603699557104e-04
3.570000000000000000e+02 -2.386556320564915614e-04 -1.481414078525956533e-04 -3.291698562603874423e-04
3.580000000000000000e+02 -2.300504999409903341e-04 -1.735404846531915979e-04 -2.865605152287890975e-04
3.590000000000000000e+02 -1.904925002473848621e-04 -1.520008094751577020e-04 -2.289841910196119951e-04
3.600000000000000000e+02 -2.341297736359591625e-04 -2.813961786252468103e-04 -1.868633686466715147e-04
3.610000000000000000e+02 -1.688734531179532546e-04 -1.614628244644549253e-04 -1.762840817714516110e-04
3.620000000000000000e+02 -1.678391488252614172e-04 -2.205089559251850479e-04 -1.151693417253377730e-04
3.630000000000000000e+02 -1.985852091918042703e-04 -2.429203538480272258e-04 -1.542500645355813149e-04
3.640000000000000000e+02 -1.449943471748911723e-04 -1.174401500201431863e-04 -1.725485443296391854e-04
3.650000000000000000e+02 -4.200065519455157170e-07 8.410499512399428163e-05 -8.494500822788531307e-05
3.660000000000000000e+02 -1.516025706253987422e-04 -2.409261538672117272e-04 -6.227898738358573008e-05
3.670000000000000000e+02 -4.762805330825320291e-05 -2.791442750184558330e-05 -6.734167911466081913e-05
3.680000000000000000e+02 -5.025483884356196477e-05 -1.685878405680829562e-05 -8.365089363031563393e-05
3.690000000000000000e+02 5.954854714583651134e-05 1.943595260818248185e-04 -7.526243179015179585e-05
3.700000000000000000e+02 4.328638827240149288e-05 1.604207244142803377e-04 -7.384794786947735193e-05
3.710000000000000000e+02 1.016089820185217372e-05 1.034128291542968359e-04 -8.309103275059248844e-05
3.720000000000000000e+02 2.540118182320871720e-05 1.646434101831961644e-06 4.915592954458547530e-05
3.730000000000000000e+02 5.918168722187533453e-05 8.052207142365830090e-05 3.784130302009236816e-05
3.740000000000000000e+02 6.457310375534003322e-05 1.092632115151024306e-04 1.988299599557763584e-05
3.750000000000000000e+02 3.117446939456269839e-05 8.165403562574313366e-05 -1.930509683661774028e-05
3.760000000000000000e+02 7.316054306301667247e-05 1.459449571867088655e-04 3.761289393244826351e-07
3.770000000000000000e+02 1.167119326454261672e-04 2.030911923013058987e-04 3.033267298954644921e-05
3.780000000000000000e+02 7.936006984861282757e-05 1.487165976071943522e-04 1.000354209003129281e-05
3.790000000000000000e+02 1.106490441024500217e-04 1.634102642835342210e-04 5.788782392136582232e-05
3.800000000000000000e+02 1.394682756452659850e-04 1.899019317544509079e-04 8.903461953608104854e-05
3.810000000000000000e+02 9.268967653264719797e-05 1.138549415092339229e-04 7.152441155606048659e-05
3.820000000000000000e+02 1.171021884577538288e-04 1.211960040148560844e-04 1.130083729006515732e-04
3.830000000000000000e+02 1.310698761130892369e-04 1.988166965849049806e-04 6.332305564127349313e-05
3.840000000000000000e+02 1.299109765646465397e-04 1.702682792686678191e-04 8.955367386062528727e-05
3.850000000000000000e+02 1.631622708609972673e-04 2.444808254063491628e-04 8.184371631564535822e-05
3.860000000000000000e+02 1.440577587440809986e-04 1.898734079028904364e-04 9.824210958527157436e-05
3.870000000000000000e+02 1.125840213798192659e-04 1.404823406141843061e-04 8.468570214545423933e-05
3.880000000000000000e+02 1.498760256319013454e-04 1.804154315199625440e-04 1.193366197438401334e-04
3.890000000000000000e+02 1.296257160953270988e-04 1.491940995039623427e-04 1.100573326866918279e-04
3.900000000000000000e+02 1.643873599004114173e-04 1.755646792839251583e-04 1.532100405168976764e-04
3.910000000000000000e+02 1.480357064965763308e-04 1.498946819407374117e-04 1.461767310524152499e-04
3.920000000000000000e+02 2.056648607048930876e-04 2.358187405866668594e-04 1.755109808231193429e-04
3.930000000000000000e+02 2.245736862636850861e-04 3.335778916404471802e-04 1.155694808869229786e-04
3.940000000000000000e+02 1.899585396033492534e-04 2.525046192180868741e-04 1.274124599886116056e-04
3.950000000000000000e+02 2.243106297192448738e-04 2.145447734118743910e-04 2.340764860266153567e-04
3.960000000000000000e+02 2.905825246979736043e-04 3.341980736599179150e-04 2.469669757360293478e-04
3.970000000000000000e+02 2.764039295658636715e-04 3.496942885221861804e-04 2.031135706095411626e-04
3.980000000000000000e+02 2.352471311183923540e-04 2.244618376261751176e-04 2.460324246106095633e-04
3.990000000000000000e+02 2.695636030767155811e-04 2.756998924342091237e-04 2.634273137192220384e-04
4.000000000000000000e+02 3.409412175066166002e-04 3.710624990879367422e-04 3.108199359252964583e-04
4.010000000000000000e+02 3.175468010463560224e-04 3.786579768983062435e-04 2.564356251944058555e-04
4.020000000000000000e+02 2.796748108583226988e-04 3.126363112106069603e-04 2.467133105060384914e-04
4.030000000000000000e+02 3.236239270704936027e-04 3.906889556806119961e-04 2.565588984603751552e-04
4.040000000000000000e+02 3.309712867223706719e-04 3.657137286877864212e-04 2.962288447569549768e-04
4.050000000000000000e+02 3.149310203439570528e-04 3.366632407349059259e-04 2.931987999530082339e-04
4.060000000000000000e+02 3.446639433409534104e-04 3.811586642987937470e-04 3.081692223831130738e-04
4.070000000000000000e+02 3.425855211668583271e-04 4.537357249250336625e-04 2.314353174086829375e-04
4.080000000000000000e+02 3.200070163127593853e-04 3.610283331428533102e-04 2.789856994826655145e-04
4.090000000000000000e+02 3.704036716881634744e-04 4.290134015043809649e-04 3.117939418719459840e-04
4.100000000000000000e+02 3.674218718387223552e-04 3.983474075565562791e-04 3.364963361208884855e-04
4.110000000000000000e+02 3.829151847581557170e-04 4.377714648831248817e-04 3.280589046331865524e-04
4.120000000000000000e+02 3.046543979953975035e-04 3.225844656203715778e-04 2.867243303704234293e-04
4.130000000000000000e+02 3.209811809651757011e-04 3.901107968115864288e-04 2.518515651187649192e-04
4.140000000000000000e+02 3.467584673455512720e-04 3.590499838444280835e-04 3.344669508466744604e-04
4.150000000000000000e+02 3.530031376289687766e-04 3.903771983640541522e-04 3.156290768938834011e-04
4.160000000000000000e+02 3.077115529603079765e-04 3.224588718130430034e-04 2.929642341075730039e-04
4.170000000000000000e+02 3.775680006671116033e-04 3.896863179964145016e-04 3.654496833378087050e-04
4.180000000000000000e+02 3.405154244288795219e-04 3.824040426660798501e-04 2.986268061916791394e-04
4.190000000000000000e+02 3.362894367916379390e-04 3.351301459119649089e-04 3.374487276713109690e-04
4.200000000000000000e+02 3.220104534132936340e-04 3.290932570997395844e-04 3.149276497268477379e-04
4.210000000000000000e+02 3.087290638745434496e-04 3.238880038875651150e-04 2.935701238615218383e-04
4.220000000000000000e+02 3.686453867011727837e-04 4.234766237019697865e-04 3.138141497003757809e-04
4.230000000000000000e+02 3.014397102553093444e-04 3.282231351040817220e-04 2.746562854065369669e-04
4.240000000000000000e+02 3.186593316890744265e-04 3.333122203453034145e-04 3.040064430328453843e-04
4.250000000000000000e+02 2.921243168232878166e-04 2.971772104092753751e-04 2.870714232373002581e-04
4.260000000000000000e+02 2.804716503718297609e-04 2.786758406279239166e-04 2.822674601157356593e-04
4.270000000000000000e+02 2.339230555371987308e-04 2.413667924224148693e-04 2.264793186519825652e-04
4.280000000000000000e+02 3.094487400679445718e-04 3.240558199279908050e-04 2.948416602078983927e-04
4.290000000000000000e+02 3.358801275297778515e-04 3.761792244990453077e-04 2.955810305605103411e-04
4.300000000000000000e+02 2.803040069301858004e-04 3.188928376549832275e-04 2.417151762053884004e-04
4.310000000000000000e+02 2.592159946357515594e-04 3.149448707075033294e-04 2.034871185639998165e-04
4.320000000000000000e+02 2.389846759599611558e-04 1.834426400197605202e-04 2.945267119001617915e-04
4.330000000000000000e+02 1.973292597355313352e-04 2.159073897755057266e-04 1.787511296955569438e-04
4.340000000000000000e+02 1.776893644341013851e-04 1.633878391250199839e-04 1.919908897431827862e-04
4.350000000000000000e+02 1.567805011895265395e-04 1.856320055178528584e-04 1.279289968612001935e-04
4.360000000000000000e+02 1.417713151326208533e-04 1.286648705283237565e-04 1.548777597369179772e-04
4.370000000000000000e+02 1.419461522164357985e-04 1.721713089081963201e-04 1.117209955246752903e-04
4.380000000000000000e+02 7.501141602886480446e-05 6.507507068450558096e-05 8.494776137322401441e-05
4.390000000000000000e+02 1.455906452358385751e-04 1.665274920498933703e-04 1.246537984217838070e-04
4.400000000000000000e+02 1.213707863573427245e-04 1.158028247977079835e-04 1.269387479169774519e-04
4.410000000000000000e+02 8.207697837681388249e-05 1.193549604445625137e-04 4.479899630906525126e-05
4.420000000000000000e+02 8.112915062269727300e-05 8.876927573268932926e-05 7.348902551270520319e-05
4.430000000000000000e+02 8.253025844082940358e-05 1.005299869439921749e-04 6.453052993766661871e-05
4.440000000000000000e+02 7.567414192665289222e-05 1.326184127359115658e-04 1.872987111739421524e-05
4.450000000000000000e+02 1.776218738601314991e-05 4.493729763667386588e-05 -9.412922864647566056e-06
4.460000000000000000e+02 -9.737655766842046265e-06 2.879191141399939236e-05 -4.826722294768348489e-05
4.470000000000000000e+02 -2.697539481646543522e-05 -2.323214567047093820e-06 -5.162757506588377959e-05
4.480000000000000000e+02 -2.287278487233873606e-05 4.831508315403043537e-05 -9.406065289870790748e-05
4.490000000000000000e+02 -3.631968040919209196e-05 -3.828292983495184678e-06 -6.881106783488899416e-05
4.500000000000000000e+02 -6.139409978726212782e-05 -6.064783343393254203e-05 -6.214036614059170684e-05
4.510000000000000000e+02 -4.178116186396258023e-05 -6.376320427979975540e-06 -7.718600329994518576e-05
4.520000000000000000e+02 -4.330684766900588534e-05 -2.703881349012504559e-05 -5.957488184788672849e-05
4.530000000000000000e+02 -1.433176605080502828e-04 -9.561763580162341595e-05 -1.910176852144771496e-04
4.540000000000000000e+02 -1.362027587465464216e-04 -8.797606449893346939e-05 -1.844294529941593603e-04
4.550000000000000000e+02 -1.605224131674391915e-04 -1.752833364832269241e-04 -1.457614898516514860e-04
4.560000000000000000e+02 -1.410618191865266606e-04 -1.464100069937578432e-04 -1.357136313792954780e-04
4.570000000000000000e+02 -2.137822707615556533e-04 -1.595634601910793523e-04 -2.680010813320319544e-04
4.580000000000000000e+02 -2.235434255959068350e-04 -2.307971149751223382e-04 -2.162897362166913318e-04
4.590000000000000000e+02 -2.504425344414280960e-04 -2.625041772553169165e-04 -2.383808916275392755e-04
4.600000000000000000e+02 -3.022282341733353796e-04 -2.502258774177242755e-04 -3.542305909289464837e-04
4.610000000000000000e+02 -2.965204240184718507e-04 -3.142032674322295057e-04 -2.788375806047141956e-04
4.620000000000000000e+02 -3.348884587521591813e-04 -3.349882092169929990e-04 -3.347887082873253093e-04
4.630000000000000000e+02 -4.252308702578616161e-04 -3.632221869475184056e-04 -4.872395535682048267e-04
4.640000000000000000e+02 -4.281395570362879878e-04 -3.866089501548969094e-04 -4.696701639176790121e-04
4.650000000000000000e+02 -4.784498411545568008e-04 -4.612907947353091882e-04 -4.956088875738044134e-04
4.660000000000000000e+02 -5.465351882951415344e-04 -5.422030328015225650e-04 -5.508673437887606121e-04
4.670000000000000000e+02 -5.325617946955560778e-04 -5.366319797540729892e-04 -5.284916096370390580e-04
4.680000000000000000e+02 -6.049414885839960766e-04 -5.710705268589756287e-04 -6.388124503090166330e-04
4.690000000000000000e+02 -6.262060441482898698e-04 -5.937614548284690999e-04 -6.586506334681105313e-04
4.700000000000000000e+02 -6.719767457047003730e-04 -6.703911854791109104e-04 -6.735623059302899441e-04
4.710000000000000000e+02 -7.367321403833520035e-04 -7.129536940282997851e-04 -7.605105867384041136e-04
4.720000000000000000e+02 -7.752802328773145905e-04 -7.497156700778715268e-04 -8.008447956767577626e-04
4.730000000000000000e+02 -8.150153736390865645e-04 -7.833564779346284231e-04 -8.466742693435447059e-04
4.740000000000000000e+02 -8.959628545136173478e-04 -9.027287918868266139e-04 -8.891969171404081902e-04
4.750000000000000000e+02 -9.260563559610156259e-04 -9.093576058414447891e-04 -9.427551060805865711e-04
4.760000000000000000e+02 -1.002329068574032023e-03 -9.460356450373958023e-04 -1.058622492110668353e-03
4.770000000000000000e+02 -1.046113998134673428e-03 -1.064426884983775108e-03 -1.027801111285571748e-03
4.780000000000000000e+02 -1.101314259887711767e-03 -1.115102491694236302e-03 -1.087526028081187233e-03
4.790000000000000000e+02 -1.113083799022444517e-03 -1.112011710671682299e-03 -1.114155887373206519e-03
4.800000000000000000e+02 -1.219219426739141104e-03 -1.245848308587757698e-03 -1.192590544890524511e-03
4.810000000000000000e+02 -1.239890158120289434e-03 -1.217776679680941361e-03 -1.262003636559637506e-03
4.820000000000000000e+02 -1.295910018396503015e-03 -1.313846546958363825e-03 -1.277973489834641988e-03
4.830000000000000000e+02 -1.316147809898914577e-03 -1.322476576568381310e-03 -1.309819043229447626e-03
4.840000000000000000e+02 -1.330409956892588449e-03 -1.361819015061179958e-03 -1.299000898723996723e-03
4.850000000000000000e+02 -1.394882162664414556e-03 -1.353804954652206797e-03 -1.435959370676622099e-03
4.860000000000000000e+02 -1.401838780755219026e-03 -1.401072595690585352e-03 -1.402604965819852700e-03
4.870000000000000000e+02 -1.432076661174478890e-03 -1.474603548861733518e-03 -1.389549773487224480e-03
4.880000000000000000e+02 -1.472809316847700258e-03 -1.519902414425111040e-03 -1.425716219270289692e-03
4.890000000000000000e+02 -1.484559386474969093e-03 -1.486411224041110082e-03 -1.482707548908828105e-03
4.900000000000000000e+02 -1.499589003511489667e-03 -1.499328980188757710e-03 -1.499849026834221624e-03
4.910000000000000000e+02 -1.531565631159334355e-03 -1.557130329906359495e-03 -1.506000932412309432e-03
4.920000000000000000e+02 -1.612095430936254584e-03 -1.614693103800524544e-03 -1.609497758071984624e-03
4.930000000000000000e+02 -1.624439059842862961e-03 -1.631392300309509203e-03 -1.617485819376216502e-03
4.940000000000000000e+02 -1.598446168695337542e-03 -1.574263819255699963e-03 -1.622628518134974903e-03
4.950000000000000000e+02 -1.672537668797887279e-03 -1.678420686929852973e-03 -1.666654650665921368e-03
4.960000000000000000e+02 -1.642361302715144786e-03 -1.629130205273551964e-03 -1.655592400156737825e-03
4.970000000000000000e+02 -1.648111476115764282e-03 -1.694543450461517223e-03 -1.601679501770011558e-03
4.980000000000000000e+02 -1.656969821782020361e-03 -1.679787978455623675e-03 -1.634151665108417046e-03
4.990000000000000000e+02 -1.673525101138586147e-03 -1.651500958222061567e-03 -1.695549244055110944e-03
5.000000000000000000e+02 -1.699911190155511693e-03 -1.670393618705876730e-03 -1.729428761605146438e-03
