# delays[ps] delta_averaged scan 0 scan 1
-2.000000000000000000e+01 8.853150985116070375e-05 4.156672490127399829e-05 1.354962948010474024e-04
-1.800000000000000000e+01 8.880775345638180444e-05 7.078885542845081262e-05 1.068266514843128098e-04
-1.600000000000000000e+01 5.260373854666844015e-05 5.457861838269506457e-05 5.062885871064182251e-05
-1.400000000000000000e+01 9.331244588799126032e-05 9.400841581576913097e-05 9.261647596021338968e-05
-1.200000000000000000e+01 5.977463875378685688e-05 4.616893434574842453e-05 7.338034316182529600e-05
-1.000000000000000000e+01 -4.614447704814283755e-06 -2.813816070926267074e-05 1.890926529963410323e-05
-8.000000000000000000e+00 3.101041898916867366e-05 2.816666120394428928e-05 3.385417677439306143e-05
-6.000000000000000000e+00 2.595255352326047914e-05 6.625707889615184518e-05 -1.435197184963088521e-05
-4.000000000000000000e+00 2.811993939700779989e-05 1.401292501440754018e-05 4.222695377960805960e-05
-2.000000000000000000e+00 1.177560201927352492e-05 1.323948576354361321e-05 1.031171827500343493e-05
-1.899999999999999911e+00 5.340584495962990755e-05 3.606322104607384354e-05 7.074846887318597156e-05
-1.800000000000000044e+00 4.162207848792715166e-05 5.596848618683214385e-05 2.727567078902215608e-05
-1.699999999999999956e+00 1.809905635949760205e-05 6.238661749001117375e-06 2.995945096999408418e-05
-1.600000000000000089e+00 -9.134561461335788878e-06 9.211077136046075904e-06 -2.748020005871765366e-05
-1.500000000000000000e+00 1.573496089410958312e-05 1.704874193322214360e-06 2.976504759489695379e-05
-1.399999999999999911e+00 1.782539137682509278e-05 -3.581936438798616503e-05 7.147014714163635058e-05
-1.300000000000000044e+00 4.082098632624420203e-05 -5.653648560846491200e-06 8.729562121333489272e-05
-1.199999999999999956e+00 1.447564310008980922e-05 -1.386182089862619811e-05 4.281310709880581486e-05
-1.100000000000000089e+00 5.231175669751230696e-06 -4.445204127881963166e-07 1.090687175229065824e-05
-1.000000000000000000e+00 7.796695489525052301e-06 9.618389646997792976e-06 5.975001332052309931e-06
-9.000000000000000222e-01 1.119470186665694725e-06 -6.390732575276891440e-06 8.629672948608280890e-06
-8.000000000000000444e-01 -1.342968163925456509e-05 -2.633529311252802476e-05 -5.240701659811053158e-07
-6.999999999999999556e-01 -8.103541582214935315e-06 1.777333630770183820e-05 -3.398041947213170883e-05
-5.999999999999999778e-01 -8.220164099054016121e-06 -4.888207770763563858e-05 3.244174950952760634e-05
-5.000000000000000000e-01 -2.227085921960858392e-07 3.084152364308589817e-06 -3.529569548700761496e-06
-4.000000000000000222e-01 3.474210995540160925e-05 -3.891524163431525609e-06 7.337574407423474326e-05
-2.999999999999999889e-01 -5.002167188329920144e-05 -6.168217261982633431e-05 -3.836117114677206857e-05
-2.000000000000000111e-01 -2.327533957052848224e-04 -1.842711640971608116e-04 -2.812356273134088060e-04
-1.000000000000000056e-01 -6.157096802064936526e-04 -5.822648319807467547e-04 -6.491545284322406588e-04
-0.000000000000000000e+00 -1.065819004441489028e-03 -1.163797830104708764e-03 -9.678401787782691832e-04
1.000000000000000056e-01 -1.357499028409602654e-03 -1.473343910801218088e-03 -1.241654146017987436e-03
2.000000000000000111e-01 -1.444611896493646838e-03 -1.452451120589870123e-03 -1.436772672397423336e-03
2.999999999999999889e-01 -1.521074376165871102e-03 -1.558523996937378813e-03 -1.483624755394363391e-03
4.000000000000000222e-01 -1.556341959150284084e-03 -1.600984998345823720e-03 -1.511698919954744449e-03
5.000000000000000000e-01 -1.511583644195884941e-03 -1.582528055419112805e-03 -1.440639232972657077e-03
5.999999999999999778e-01 -1.571116642045099817e-03 -1.620485752720037843e-03 -1.521747531370162007e-03
6.999999999999999556e-01 -1.542212893351327212e-03 -1.616615302968878133e-03 -1.467810483733776507e-03
8.000000000000000444e-01 -1.545612030659886983e-03 -1.569163608252747803e-03 -1.522060453067026380e-03
9.000000000000000222e-01 -1.533910100745335342e-03 -1.551720771860347695e-03 -1.516099429630322990e-03
1.000000000000000000e+00 -1.604296477877703835e-03 -1.706708158413892604e-03 -1.501884797341514850e-03
1.100000000000000089e+00 -1.659278317461573230e-03 -1.687454187773782541e-03 -1.631102447149364136e-03
1.199999999999999956e+00 -1.658641695638248155e-03 -1.764546692727494157e-03 -1.552736698549001936e-03
1.300000000000000044e+00 -1.698456804524971697e-03 -1.777828806237519415e-03 -1.619084802812423979e-03
1.399999999999999911e+00 -1.718730895231773605e-03 -1.790064982359652890e-03 -1.647396808103894538e-03
1.500000000000000000e+00 -1.690935881627412748e-03 -1.773397863586466351e-03 -1.608473899668358929e-03
1.600000000000000089e+00 -1.693174780757996213e-03 -1.766516756655437618e-03 -1.619832804860554809e-03
1.699999999999999956e+00 -1.739832391811315781e-03 -1.823528850203275011e-03 -1.656135933419356551e-03
1.800000000000000044e+00 -1.759729301750781721e-03 -1.808663172976142158e-03 -1.710795430525421284e-03
1.899999999999999911e+00 -1.736670961486529770e-03 -1.809661759924592172e-03 -1.663680163048467369e-03
2.000000000000000000e+00 -1.735831528647181765e-03 -1.803826733095352779e-03 -1.667836324199010534e-03
2.100000000000000089e+00 -1.750485680125293299e-03 -1.869370923811105277e-03 -1.631600436439481104e-03
2.200000000000000178e+00 -1.780779548858571135e-03 -1.861749839759915467e-03 -1.699809257957226802e-03
2.299999999999999822e+00 -1.830129282830669259e-03 -1.867926714147451249e-03 -1.792331851513887268e-03
2.399999999999999911e+00 -1.864613207721692702e-03 -1.972986504669749924e-03 -1.756239910773635480e-03
2.500000000000000000e+00 -1.835014029376820684e-03 -1.862567077989301517e-03 -1.807460980764339850e-03
2.600000000000000089e+00 -1.849403325717114636e-03 -1.914790369310957448e-03 -1.784016282123272040e-03
2.700000000000000178e+00 -1.900325161124848290e-03 -1.995089442320246206e-03 -1.805560879929450158e-03
2.799999999999999822e+00 -1.909056153202425476e-03 -2.012875606404178515e-03 -1.805236700000672437e-03
2.899999999999999911e+00 -1.952996052589300348e-03 -2.005922679815434241e-03 -1.900069425363166238e-03
3.000000000000000000e+00 -1.948805030345325279e-03 -2.056468794284967323e-03 -1.841141266405683452e-03
3.100000000000000089e+00 -1.902017019394715205e-03 -2.002393925945826405e-03 -1.801640112843603788e-03
3.200000000000000178e+00 -1.917958084913510240e-03 -2.011925259981471158e-03 -1.823990909845549322e-03
3.299999999999999822e+00 -1.932787563832337636e-03 -2.032349470141984072e-03 -1.833225657522690984e-03
3.399999999999999911e+00 -1.999668013890678990e-03 -2.045914787225475151e-03 -1.953421240555882395e-03
3.500000000000000000e+00 -1.945744741214265215e-03 -2.010330749503878075e-03 -1.881158732924652355e-03
3.600000000000000089e+00 -1.984608972243932616e-03 -2.071058923433705557e-03 -1.898159021054159892e-03
3.700000000000000178e+00 -1.966518650513260011e-03 -2.008344412515614998e-03 -1.924692888510905458e-03
3.799999999999999822e+00 -2.050562041848263701e-03 -2.128432131669234523e-03 -1.972691952027292878e-03
3.899999999999999911e+00 -2.046312274563644173e-03 -2.131226609481841686e-03 -1.961397939645447095e-03
4.000000000000000000e+00 -2.065074281953673593e-03 -2.182089764907555601e-03 -1.948058798999791367e-03
5.000000000000000000e+00 -2.175976056639404577e-03 -2.278977871050780722e-03 -2.072974242228027997e-03
6.000000000000000000e+00 -2.270975101964394123e-03 -2.361347108609751586e-03 -2.180603095319036660e-03
7.000000000000000000e+00 -2.234306844981929184e-03 -2.380677215117191735e-03 -2.087936474846666200e-03
8.000000000000000000e+00 -2.266833323819657502e-03 -2.366537569118009818e-03 -2.167129078521305187e-03
9.000000000000000000e+00 -2.384654791416671287e-03 -2.464811879932319195e-03 -2.304497702901023379e-03
1.000000000000000000e+01 -2.439026950451244572e-03 -2.624254119543140487e-03 -2.253799781359348657e-03
1.100000000000000000e+01 -2.498535907538582557e-03 -2.653452806091220403e-03 -2.343619008985944711e-03
1.200000000000000000e+01 -2.618298474593742584e-03 -2.805545311968683526e-03 -2.431051637218801208e-03
1.300000000000000000e+01 -2.754776152998611623e-03 -2.995219587177422489e-03 -2.514332718819800756e-03
1.400000000000000000e+01 -2.841882644660228413e-03 -3.157256791687961493e-03 -2.526508497632494899e-03
1.500000000000000000e+01 -3.022749037634402461e-03 -3.236799361711245430e-03 -2.808698713557559491e-03
1.600000000000000000e+01 -3.054900364061406172e-03 -3.261912342929066278e-03 -2.847888385193746499e-03
1.700000000000000000e+01 -2.960139653086513341e-03 -3.172943214180657702e-03 -2.747336091992368546e-03
1.800000000000000000e+01 -2.890109378808610428e-03 -3.102556877695713655e-03 -2.677661879921507202e-03
1.900000000000000000e+01 -2.939107460584705622e-03 -3.047041963749923515e-03 -2.831172957419487730e-03
2.000000000000000000e+01 -2.813242062791556329e-03 -2.963212581280201281e-03 -2.663271544302910944e-03
2.100000000000000000e+01 -2.737535003803344066e-03 -2.880543117438176537e-03 -2.594526890168511596e-03
2.200000000000000000e+01 -2.628327826617492952e-03 -2.776887866551166779e-03 -2.479767786683819124e-03
2.300000000000000000e+01 -2.605175542786092920e-03 -2.705401658445194708e-03 -2.504949427126991132e-03
2.400000000000000000e+01 -2.548728128468429575e-03 -2.661113729750485841e-03 -2.436342527186372876e-03
2.500000000000000000e+01 -2.503735098663321858e-03 -2.640117640347837673e-03 -2.367352556978806043e-03
2.600000000000000000e+01 -2.391226915523097206e-03 -2.476695077256189838e-03 -2.305758753790004573e-03
2.700000000000000000e+01 -2.357999272000168862e-03 -2.456506257322974354e-03 -2.259492286677363369e-03
2.800000000000000000e+01 -2.335899322463376969e-03 -2.431375535548141800e-03 -2.240423109378612571e-03
2.900000000000000000e+01 -2.315487257464258434e-03 -2.399297460656047484e-03 -2.231677054272469384e-03
3.000000000000000000e+01 -2.246134976853176798e-03 -2.378516083154952766e-03 -2.113753870551401265e-03
3.100000000000000000e+01 -2.213416948533124609e-03 -2.317637397350425996e-03 -2.109196499715823223e-03
3.200000000000000000e+01 -2.220378247239743717e-03 -2.347202423869964791e-03 -2.093554070609522644e-03
3.300000000000000000e+01 -2.216458524543484312e-03 -2.353987789785707847e-03 -2.078929259301260778e-03
3.400000000000000000e+01 -2.205223424067816532e-03 -2.327423704585296696e-03 -2.083023143550335934e-03
3.500000000000000000e+01 -2.276646468998583250e-03 -2.422896435433110479e-03 -2.130396502564055588e-03
3.600000000000000000e+01 -2.227443450361984642e-03 -2.373867080136839863e-03 -2.081019820587129421e-03
3.700000000000000000e+01 -2.161335352207474463e-03 -2.246853414200146015e-03 -2.075817290214802477e-03
3.800000000000000000e+01 -2.155976034268350730e-03 -2.309307520383405230e-03 -2.002644548153296230e-03
3.900000000000000000e+01 -2.138899720930897107e-03 -2.235840048035561429e-03 -2.041959393826233218e-03
4.000000000000000000e+01 -2.214210364286750381e-03 -2.353544740860356518e-03 -2.074875987713144677e-03
4.100000000000000000e+01 -2.179039354383465951e-03 -2.300037634724126992e-03 -2.058041074042804910e-03
4.200000000000000000e+01 -2.262877707599521455e-03 -2.385944249270356178e-03 -2.139811165928686299e-03
4.300000000000000000e+01 -2.304719333781673953e-03 -2.419633158169203456e-03 -2.189805509394144450e-03
4.400000000000000000e+01 -2.368918581420851807e-03 -2.509359780484373380e-03 -2.228477382357329801e-03
4.500000000000000000e+01 -2.314020788233637181e-03 -2.455305226457762339e-03 -2.172736350009512023e-03
4.600000000000000000e+01 -2.298004672257984281e-03 -2.433568795617671674e-03 -2.162440548898296889e-03
4.700000000000000000e+01 -2.339474463225035827e-03 -2.496956606884764493e-03 -2.181992319565307595e-03
4.800000000000000000e+01 -2.375764683960904233e-03 -2.526662362761111780e-03 -2.224867005160696253e-03
4.900000000000000000e+01 -2.393570741950312199e-03 -2.479914378538138064e-03 -2.307227105362485899e-03
5.000000000000000000e+01 -2.413591979979116606e-03 -2.534098780827034360e-03 -2.293085179131198852e-03
5.100000000000000000e+01 -2.374421289264192284e-03 -2.432492171894123575e-03 -2.316350406634261425e-03
5.200000000000000000e+01 -2.377368266865077708e-03 -2.464781756184190008e-03 -2.289954777545965409e-03
5.300000000000000000e+01 -2.343959053703389452e-03 -2.411020735084047715e-03 -2.276897372322730755e-03
5.400000000000000000e+01 -2.372936854833347306e-03 -2.487887991067856078e-03 -2.257985718598838100e-03
5.500000000000000000e+01 -2.400413287362644643e-03 -2.483332561947615598e-03 -2.317494012777674122e-03
5.600000000000000000e+01 -2.368951361045555214e-03 -2.423179028750347287e-03 -2.314723693340763142e-03
5.700000000000000000e+01 -2.361241178109679817e-03 -2.507947094543081651e-03 -2.214535261676278417e-03
5.800000000000000000e+01 -2.322643433071308085e-03 -2.469411589661187414e-03 -2.175875276481428321e-03
5.900000000000000000e+01 -2.367759207549807298e-03 -2.476811007907741072e-03 -2.258707407191873524e-03
6.000000000000000000e+01 -2.334152004637988272e-03 -2.426005250064362188e-03 -2.242298759211614357e-03
6.100000000000000000e+01 -2.308859471692426349e-03 -2.416134428985532330e-03 -2.201584514399320368e-03
6.200000000000000000e+01 -2.254726037327730616e-03 -2.394590573319454671e-03 -2.114861501336006127e-03
6.300000000000000000e+01 -2.284095930006429381e-03 -2.368323144196408589e-03 -2.199868715816450174e-03
6.400000000000000000e+01 -2.319992755809661272e-03 -2.408396362942529477e-03 -2.231589148676792634e-03
6.500000000000000000e+01 -2.284180143395379142e-03 -2.358253105699644175e-03 -2.210107181091114543e-03
6.600000000000000000e+01 -2.318001206418796208e-03 -2.389399404988991511e-03 -2.246603007848600904e-03
6.700000000000000000e+01 -2.250958917452586510e-03 -2.339975761356853211e-03 -2.161942073548319809e-03
6.800000000000000000e+01 -2.233308921278820414e-03 -2.331400860392963004e-03 -2.135216982164677823e-03
6.900000000000000000e+01 -2.254771006058233808e-03 -2.367867597276666122e-03 -2.141674414839801061e-03
7.000000000000000000e+01 -2.265033048305540187e-03 -2.353579057596666760e-03 -2.176487039014413614e-03
7.100000000000000000e+01 -2.304706272426413141e-03 -2.368416129297281573e-03 -2.240996415555545143e-03
7.200000000000000000e+01 -2.283334572888716212e-03 -2.341203353872451775e-03 -2.225465791904980214e-03
7.300000000000000000e+01 -2.335675335656264666e-03 -2.409462947622780828e-03 -2.261887723689748071e-03
7.400000000000000000e+01 -2.369545333887215430e-03 -2.427037362840979862e-03 -2.312053304933451431e-03
7.500000000000000000e+01 -2.335559629665111357e-03 -2.403660112605677992e-03 -2.267459146724544721e-03
7.600000000000000000e+01 -2.397959162355136568e-03 -2.410385254269107637e-03 -2.385533070441165499e-03
7.700000000000000000e+01 -2.388389996847979906e-03 -2.438382243740516275e-03 -2.338397749955443538e-03
7.800000000000000000e+01 -2.386951751048082236e-03 -2.438377518879539414e-03 -2.335525983216625492e-03
7.900000000000000000e+01 -2.467769526672446839e-03 -2.503839400907273850e-03 -2.431699652437620263e-03
8.000000000000000000e+01 -2.439620583002195982e-03 -2.534874682918838995e-03 -2.344366483085552968e-03
8.100000000000000000e+01 -2.432198405033643776e-03 -2.550514366247167396e-03 -2.313882443820120156e-03
8.200000000000000000e+01 -2.465214669977666088e-03 -2.554324179490251832e-03 -2.376105160465080343e-03
8.300000000000000000e+01 -2.442615214945682324e-03 -2.575628980983016552e-03 -2.309601448908347662e-03
8.400000000000000000e+01 -2.459259581224888629e-03 -2.581250073732256622e-03 -2.337269088717520635e-03
8.500000000000000000e+01 -2.481494240494898189e-03 -2.584566187662951531e-03 -2.378422293326844413e-03
8.600000000000000000e+01 -2.463999731942747434e-03 -2.559923735403444277e-03 -2.368075728482051025e-03
8.700000000000000000e+01 -2.452573010014872604e-03 -2.471170389613347625e-03 -2.433975630416397584e-03
8.800000000000000000e+01 -2.437425200094581971e-03 -2.526264031520542106e-03 -2.348586368668621836e-03
8.900000000000000000e+01 -2.430745855326294814e-03 -2.478742090807677274e-03 -2.382749619844911921e-03
9.000000000000000000e+01 -2.443906166307178562e-03 -2.531582225375016929e-03 -2.356230107239340194e-03
9.100000000000000000e+01 -2.429596213642419740e-03 -2.462275086391945995e-03 -2.396917340892893485e-03
9.200000000000000000e+01 -2.560580269574930321e-03 -2.660089356992688045e-03 -2.461071182157172597e-03
9.300000000000000000e+01 -2.605127377746443117e-03 -2.681764897162746981e-03 -2.528489858330138819e-03
9.400000000000000000e+01 -2.721409778967109287e-03 -2.807471753389400096e-03 -2.635347804544818477e-03
9.500000000000000000e+01 -2.797254863670517802e-03 -2.857695938275620334e-03 -2.736813789065415271e-03
9.600000000000000000e+01 -2.817054342583987913e-03 -2.920646807211393914e-03 -2.713461877956581912e-03
9.700000000000000000e+01 -2.891157844917665014e-03 -2.980055299109905364e-03 -2.802260390725424665e-03
9.800000000000000000e+01 -2.937625689875561757e-03 -3.064983718894987667e-03 -2.810267660856135847e-03
9.900000000000000000e+01 -2.964892049183137385e-03 -3.082266379817191759e-03 -2.847517718549083011e-03
1.000000000000000000e+02 -3.069594442179043522e-03 -3.182223287859883582e-03 -2.956965596498203896e-03
1.010000000000000000e+02 -3.082726075188987891e-03 -3.113428247426645260e-03 -3.052023902951330088e-03
1.020000000000000000e+02 -3.034193742583960601e-03 -3.116280390653679462e-03 -2.952107094514241740e-03
1.030000000000000000e+02 -3.112132905649720241e-03 -3.147577894112682257e-03 -3.076687917186758658e-03
1.040000000000000000e+02 -3.113296918416047845e-03 -3.167726623786204163e-03 -3.058867213045891528e-03
1.050000000000000000e+02 -3.142443474606045409e-03 -3.174781126757582513e-03 -3.110105822454507871e-03
1.060000000000000000e+02 -3.156046401325141547e-03 -3.169225762654996788e-03 -3.142867039995286740e-03
1.070000000000000000e+02 -3.112341050354432669e-03 -3.177399500631893602e-03 -3.047282600076972169e-03
1.080000000000000000e+02 -3.183963487171584915e-03 -3.285251985930329882e-03 -3.082674988412840381e-03
1.090000000000000000e+02 -3.116707463397623903e-03 -3.227794032532062089e-03 -3.005620894263185284e-03
1.100000000000000000e+02 -3.162675565118952710e-03 -3.215601979316897330e-03 -3.109749150921008089e-03
1.110000000000000000e+02 -3.137742739984109800e-03 -3.241718165335701063e-03 -3.033767314632518537e-03
1.120000000000000000e+02 -3.190618671577809089e-03 -3.261326871675079061e-03 -3.119910471480539117e-03
1.130000000000000000e+02 -3.224049902501294716e-03 -3.314630662543579295e-03 -3.133469142459010138e-03
1.140000000000000000e+02 -3.250551369838103246e-03 -3.330356488597564779e-03 -3.170746251078641713e-03
1.150000000000000000e+02 -3.272854285452819322e-03 -3.353431402286033512e-03 -3.192277168619605133e-03
1.160000000000000000e+02 -3.207328109727245261e-03 -3.277757896233655065e-03 -3.136898323220835890e-03
1.170000000000000000e+02 -3.254710350382036821e-03 -3.284452401959642425e-03 -3.224968298804431650e-03
1.180000000000000000e+02 -3.310694986946214301e-03 -3.340226770480522224e-03 -3.281163203411906811e-03
1.190000000000000000e+02 -3.365774208207579846e-03 -3.408970593127311471e-03 -3.322577823287848654e-03
1.200000000000000000e+02 -3.416309397523274900e-03 -3.502339735005493681e-03 -3.330279060041055686e-03
1.210000000000000000e+02 -3.499323701210446842e-03 -3.591214376271968135e-03 -3.407433026148925549e-03
1.220000000000000000e+02 -3.563856655931343757e-03 -3.626904487675288846e-03 -3.500808824187398235e-03
1.230000000000000000e+02 -3.603285201714218587e-03 -3.618344281509809721e-03 -3.588226121918627887e-03
1.240000000000000000e+02 -3.664723011318237085e-03 -3.692713892465457684e-03 -3.636732130171016486e-03
1.250000000000000000e+02 -3.705582178293766703e-03 -3.719632376052679941e-03 -3.691531980534853465e-03
1.260000000000000000e+02 -3.762850137651425290e-03 -3.800698610209170009e-03 -3.725001665093680570e-03
1.270000000000000000e+02 -3.828839463817471089e-03 -3.857975131317413573e-03 -3.799703796317529039e-03
1.280000000000000000e+02 -3.860209111742456296e-03 -3.903504510725723780e-03 -3.816913712759188813e-03
1.290000000000000000e+02 -3.821397500991619532e-03 -3.806523777955158651e-03 -3.836271224028080414e-03
1.300000000000000000e+02 -3.885506229579815604e-03 -3.889104710742010383e-03 -3.881907748417620825e-03
1.310000000000000000e+02 -3.924959341637186856e-03 -4.019033522764745535e-03 -3.830885160509628178e-03
1.320000000000000000e+02 -3.852176805552135104e-03 -3.873163100909138897e-03 -3.831190510195131745e-03
1.330000000000000000e+02 -3.800744177743614095e-03 -3.856163204879957743e-03 -3.745325150607270014e-03
1.340000000000000000e+02 -3.742047361972466839e-03 -3.804689465804535990e-03 -3.679405258140397254e-03
1.350000000000000000e+02 -3.694698813683951547e-03 -3.792641146964824232e-03 -3.596756480403078861e-03
1.360000000000000000e+02 -3.675800022090423141e-03 -3.768635610340154065e-03 -3.582964433840692652e-03
1.370000000000000000e+02 -3.643026370592881633e-03 -3.718457562656413314e-03 -3.567595178529350385e-03
1.380000000000000000e+02 -3.623535203958481391e-03 -3.717103321743145394e-03 -3.529967086173817388e-03
1.390000000000000000e+02 -3.527908597072464125e-03 -3.634647429435644561e-03 -3.421169764709283256e-03
1.400000000000000000e+02 -3.445510072377104896e-03 -3.595705847360132837e-03 -3.295314297394076955e-03
1.410000000000000000e+02 -3.410224000156968950e-03 -3.540429633566978714e-03 -3.280018366746959187e-03
1.420000000000000000e+02 -3.432085041644571122e-03 -3.505042651731575705e-03 -3.359127431557566972e-03
1.430000000000000000e+02 -3.357746037078238044e-03 -3.367594684595681155e-03 -3.347897389560794933e-03
1.440000000000000000e+02 -3.383956106440815827e-03 -3.448901371082206940e-03 -3.319010841799424280e-03
1.450000000000000000e+02 -3.327555297889260404e-03 -3.347763436815872663e-03 -3.307347158962647710e-03
1.460000000000000000e+02 -3.283878357029079102e-03 -3.247813670995334384e-03 -3.319943043062823819e-03
1.470000000000000000e+02 -3.322481446193943297e-03 -3.373968019653631346e-03 -3.270994872734254814e-03
1.480000000000000000e+02 -3.347942987702341375e-03 -3.436421032431074152e-03 -3.259464942973608163e-03
1.490000000000000000e+02 -3.325299039387738173e-03 -3.416402889336243778e-03 -3.234195189439232569e-03
1.500000000000000000e+02 -3.288177798960003825e-03 -3.348236071824613191e-03 -3.228119526095394459e-03
1.510000000000000000e+02 -3.274826103540314989e-03 -3.358012699363424440e-03 -3.191639507717205539e-03
1.520000000000000000e+02 -3.277679297595650736e-03 -3.385025697114989272e-03 -3.170332898076311766e-03
1.530000000000000000e+02 -3.257566765881690900e-03 -3.313341081246588046e-03 -3.201792450516793755e-03
1.540000000000000000e+02 -3.273247865108216362e-03 -3.338067789938576040e-03 -3.208427940277856685e-03
1.550000000000000000e+02 -3.311209537884221826e-03 -3.395925975071133803e-03 -3.226493100697309848e-03
1.560000000000000000e+02 -3.319465466480893585e-03 -3.400737097420230334e-03 -3.238193835541556837e-03
1.570000000000000000e+02 -3.309623760270389431e-03 -3.350503285425371607e-03 -3.268744235115407688e-03
1.580000000000000000e+02 -3.330845542745509372e-03 -3.406655311526601577e-03 -3.255035773964417168e-03
1.590000000000000000e+02 -3.359107277957332997e-03 -3.391495008068796078e-03 -3.326719547845869915e-03
1.600000000000000000e+02 -3.378554981203680564e-03 -3.455391012542422761e-03 -3.301718949864937934e-03
1.610000000000000000e+02 -3.410081138093262656e-03 -3.468771909175918412e-03 -3.351390367010606899e-03
1.620000000000000000e+02 -3.434753543952973401e-03 -3.497093517162796258e-03 -3.372413570743150544e-03
1.630000000000000000e+02 -3.419912959166640856e-03 -3.473513453484619335e-03 -3.366312464848662377e-03
1.640000000000000000e+02 -3.373052543154077786e-03 -3.428920513414833882e-03 -3.317184572893321689e-03
1.650000000000000000e+02 -3.390401801862149515e-03 -3.438432270930757376e-03 -3.342371332793541653e-03
1.660000000000000000e+02 -3.397989397511669112e-03 -3.464195268403687071e-03 -3.331783526619650718e-03
1.670000000000000000e+02 -3.372529390019199207e-03 -3.461698905770991229e-03 -3.283359874267406751e-03
1.680000000000000000e+02 -3.356374416052554897e-03 -3.363134820123599069e-03 -3.349614011981510292e-03
1.690000000000000000e+02 -3.351249174426206706e-03 -3.395951082192366979e-03 -3.306547266660046433e-03
1.700000000000000000e+02 -3.324258312273365226e-03 -3.401087227701911266e-03 -3.247429396844819186e-03
1.710000000000000000e+02 -3.278050974068965479e-03 -3.302267929303859349e-03 -3.253834018834072042e-03
1.720000000000000000e+02 -3.257189903978493367e-03 -3.295199714826946725e-03 -3.219180093130040443e-03
1.730000000000000000e+02 -3.274520706024265475e-03 -3.283639081519202068e-03 -3.265402330529328882e-03
1.740000000000000000e+02 -3.220355111338693739e-03 -3.237946369050502191e-03 -3.202763853626885721e-03
1.750000000000000000e+02 -3.219852816231198560e-03 -3.268253951630024391e-03 -3.171451680832372728e-03
1.760000000000000000e+02 -3.198045654390533569e-03 -3.230010826415095817e-03 -3.166080482365971321e-03
1.770000000000000000e+02 -3.257553856910845938e-03 -3.268018624831062029e-03 -3.247089088990630281e-03
1.780000000000000000e+02 -3.236279804842775651e-03 -3.256133753657955085e-03 -3.216425856027596650e-03
1.790000000000000000e+02 -3.216789671444541740e-03 -3.261740418074137327e-03 -3.171838924814946586e-03
1.800000000000000000e+02 -3.237555171308473083e-03 -3.264794671136922195e-03 -3.210315671480023971e-03
1.810000000000000000e+02 -3.221793669079711913e-03 -3.244169026292479784e-03 -3.199418311866944042e-03
1.820000000000000000e+02 -3.213041034541127584e-03 -3.303732267141938975e-03 -3.122349801940316628e-03
1.830000000000000000e+02 -3.205230659611346764e-03 -3.238187732838875531e-03 -3.172273586383817998e-03
1.840000000000000000e+02 -3.159842549933377862e-03 -3.212231293834955353e-03 -3.107453806031800804e-03
1.850000000000000000e+02 -3.130833296246302196e-03 -3.190432053755850889e-03 -3.071234538736753502e-03
1.860000000000000000e+02 -3.175290283026689642e-03 -3.216563932529458575e-03 -3.134016633523920275e-03
1.870000000000000000e+02 -3.117495262313717697e-03 -3.157589797960257474e-03 -3.077400726667177920e-03
1.880000000000000000e+02 -3.160704692445128437e-03 -3.215721207948817398e-03 -3.105688176941439910e-03
1.890000000000000000e+02 -3.181622887977345569e-03 -3.266184504645831300e-03 -3.097061271308859838e-03
1.900000000000000000e+02 -3.182453808976602738e-03 -3.223099801403670958e-03 -3.141807816549534085e-03
1.910000000000000000e+02 -3.131062973247512957e-03 -3.128815085379768862e-03 -3.133310861115257053e-03
1.920000000000000000e+02 -3.177273188708038335e-03 -3.134049118538935041e-03 -3.220497258877142062e-03
1.930000000000000000e+02 -3.225402940424245898e-03 -3.250586970228292859e-03 -3.200218910620198504e-03
1.940000000000000000e+02 -3.241105124546375584e-03 -3.328698295888364751e-03 -3.153511953204386417e-03
1.950000000000000000e+02 -3.184997986062607610e-03 -3.201803728272315745e-03 -3.168192243852899475e-03
1.960000000000000000e+02 -3.194773075262221512e-03 -3.194535535251528079e-03 -3.195010615272914512e-03
1.970000000000000000e+02 -3.117096350214221961e-03 -3.137883037990977283e-03 -3.096309662437466206e-03
1.980000000000000000e+02 -3.115282020437562700e-03 -3.183553434417717501e-03 -3.047010606457407900e-03
1.990000000000000000e+02 -3.113341809753127770e-03 -3.128456159834018795e-03 -3.098227459672236745e-03
2.000000000000000000e+02 -3.098668643572108101e-03 -3.133561567548243630e-03 -3.063775719595972571e-03
2.010000000000000000e+02 -3.035023815557529470e-03 -3.019959685552297234e-03 -3.050087945562761707e-03
2.020000000000000000e+02 -3.057089294962217658e-03 -3.024058675649728481e-03 -3.090119914274707270e-03
2.030000000000000000e+02 -3.112512970844519798e-03 -3.155631551231301377e-03 -3.069394390457738653e-03
2.040000000000000000e+02 -3.057800194956351685e-03 -3.084905159938954641e-03 -3.030695229973749162e-03
2.050000000000000000e+02 -3.116748612783058585e-03 -3.113352600500258246e-03 -3.120144625065859358e-03
2.060000000000000000e+02 -3.055347000694004674e-03 -3.034166578466015573e-03 -3.076527422921993774e-03
2.070000000000000000e+02 -3.043215383610387102e-03 -3.021029118681627622e-03 -3.065401648539146581e-03
2.080000000000000000e+02 -3.064851285480394913e-03 -3.034123111165668799e-03 -3.095579459795120593e-03
2.090000000000000000e+02 -3.118869345326760485e-03 -3.115174143998128593e-03 -3.122564546655392376e-03
2.100000000000000000e+02 -3.196195581060734883e-03 -3.222594043484750155e-03 -3.169797118636720045e-03
2.110000000000000000e+02 -3.187506997441791161e-03 -3.149755893031044689e-03 -3.225258101852538067e-03
2.120000000000000000e+02 -3.193164876686405401e-03 -3.175309778895958005e-03 -3.211019974476852796e-03
2.130000000000000000e+02 -3.239934698056515239e-03 -3.213440703792804984e-03 -3.266428692320225927e-03
2.140000000000000000e+02 -3.265311484641484404e-03 -3.235721953400918973e-03 -3.294901015882049835e-03
2.150000000000000000e+02 -3.235338878581043350e-03 -3.228659663706836495e-03 -3.242018093455250206e-03
2.160000000000000000e+02 -3.244677280188172641e-03 -3.253723292182984870e-03 -3.235631268193360412e-03
2.170000000000000000e+02 -3.345594688662782527e-03 -3.370417785958410017e-03 -3.320771591367155471e-03
2.180000000000000000e+02 -3.282862011790169642e-03 -3.283525630231738570e-03 -3.282198393348600279e-03
2.190000000000000000e+02 -3.269381922241403494e-03 -3.256812250602170947e-03 -3.281951593880636040e-03
2.200000000000000000e+02 -3.334170579570725629e-03 -3.315805340792051491e-03 -3.352535818349400201e-03
2.210000000000000000e+02 -3.314057376695817361e-03 -3.277476090739682348e-03 -3.350638662651951941e-03
2.220000000000000000e+02 -3.324342577416998859e-03 -3.297523260533282569e-03 -3.351161894300715583e-03
2.230000000000000000e+02 -3.352646665549331717e-03 -3.263262079705342000e-03 -3.442031251393321434e-03
2.240000000000000000e+02 -3.395947609848258553e-03 -3.361839513986710978e-03 -3.430055705709805693e-03
2.250000000000000000e+02 -3.405991780387281412e-03 -3.396664565648444076e-03 -3.415318995126119181e-03
2.260000000000000000e+02 -3.382655589515386196e-03 -3.408648049736946566e-03 -3.356663129293825393e-03
2.270000000000000000e+02 -3.396040032901532536e-03 -3.379812579290658679e-03 -3.412267486512406828e-03
2.280000000000000000e+02 -3.429786756900309996e-03 -3.413977807457412895e-03 -3.445595706343207096e-03
2.290000000000000000e+02 -3.457142977906535117e-03 -3.409441417093971374e-03 -3.504844538719098426e-03
2.300000000000000000e+02 -3.446858755946080599e-03 -3.471674477122326571e-03 -3.422043034769834194e-03
2.310000000000000000e+02 -3.472002870706955395e-03 -3.450653228755837763e-03 -3.493352512658072593e-03
2.320000000000000000e+02 -3.392440973990304681e-03 -3.396814326025935152e-03 -3.388067621954674209e-03
2.330000000000000000e+02 -3.499778675003538571e-03 -3.473141839470150413e-03 -3.526415510536926728e-03
2.340000000000000000e+02 -3.436987505991701518e-03 -3.469953806831330492e-03 -3.404021205152072977e-03
2.350000000000000000e+02 -3.479858033063708625e-03 -3.439758469083061682e-03 -3.519957597044355135e-03
2.360000000000000000e+02 -3.484995407686599170e-03 -3.469618143241039957e-03 -3.500372672132158816e-03
2.370000000000000000e+02 -3.494936678623456611e-03 -3.417771241589582544e-03 -3.572102115657330677e-03
2.380000000000000000e+02 -3.539824966481613499e-03 -3.496477663855474503e-03 -3.583172269107752494e-03
2.390000000000000000e+02 -3.518899421601767198e-03 -3.456895084946009621e-03 -3.580903758257525209e-03
2.400000000000000000e+02 -3.468229679571630496e-03 -3.409094861689956901e-03 -3.527364497453303657e-03
2.410000000000000000e+02 -3.428080818967242129e-03 -3.373896297146865633e-03 -3.482265340787619057e-03
2.420000000000000000e+02 -3.484060947760157442e-03 -3.443427424711857469e-03 -3.524694470808456982e-03
2.430000000000000000e+02 -3.507047609399041328e-03 -3.484953520742912168e-03 -3.529141698055170487e-03
2.440000000000000000e+02 -3.530488707897693184e-03 -3.530749187291912141e-03 -3.530228228503474227e-03
2.450000000000000000e+02 -3.481575295960818127e-03 -3.444365285127337552e-03 -3.518785306794298268e-03
2.460000000000000000e+02 -3.460813434956781613e-03 -3.367550332654265649e-03 -3.554076537259298011e-03
2.470000000000000000e+02 -3.438330998794937240e-03 -3.438093969770970697e-03 -3.438568027818903784e-03
2.480000000000000000e+02 -3.458374790259541569e-03 -3.407559705651244143e-03 -3.509189874867838996e-03
2.490000000000000000e+02 -3.437906695566442239e-03 -3.461459826158671919e-03 -3.414353564974212558e-03
2.500000000000000000e+02 -3.432247731405910045e-03 -3.465003892461342595e-03 -3.399491570350477495e-03
2.510000000000000000e+02 -3.491847713249663070e-03 -3.448565702524612059e-03 -3.535129723974714082e-03
2.520000000000000000e+02 -3.432152185841324914e-03 -3.471793522172360834e-03 -3.392510849510288994e-03
2.530000000000000000e+02 -3.423811188233224709e-03 -3.328458847535642213e-03 -3.519163528930807205e-03
2.540000000000000000e+02 -3.368731096409252786e-03 -3.340255806673808354e-03 -3.397206386144697218e-03
2.550000000000000000e+02 -3.488937760170209013e-03 -3.536768669408145264e-03 -3.441106850932272327e-03
2.560000000000000000e+02 -3.388514688531148351e-03 -3.379076727448261305e-03 -3.397952649614035831e-03
2.570000000000000000e+02 -3.370732193712402437e-03 -3.393875323612899689e-03 -3.347589063811905619e-03
2.580000000000000000e+02 -3.367035185053163758e-03 -3.421178182277754935e-03 -3.312892187828573014e-03
2.590000000000000000e+02 -3.396122438119689516e-03 -3.371879881824118869e-03 -3.420364994415260596e-03
2.600000000000000000e+02 -3.362047930969632500e-03 -3.391804072820261539e-03 -3.332291789119003460e-03
2.610000000000000000e+02 -3.337223330109450031e-03 -3.368563801749134296e-03 -3.305882858469765765e-03
2.620000000000000000e+02 -3.324511777539549285e-03 -3.313887510191125627e-03 -3.335136044887972943e-03
2.630000000000000000e+02 -3.378636757842490984e-03 -3.371526308449424979e-03 -3.385747207235556989e-03
2.640000000000000000e+02 -3.318248063743679810e-03 -3.321090747003833422e-03 -3.315405380483526197e-03
2.650000000000000000e+02 -3.385388131614486262e-03 -3.390852187485749337e-03 -3.379924075743222754e-03
2.660000000000000000e+02 -3.318655269521621383e-03 -3.363597718913783827e-03 -3.273712820129458939e-03
2.670000000000000000e+02 -3.310662318727679038e-03 -3.306223711132519685e-03 -3.315100926322838391e-03
2.680000000000000000e+02 -3.369969416995763876e-03 -3.363810668358407311e-03 -3.376128165633120008e-03
2.690000000000000000e+02 -3.370513960341773446e-03 -3.409672187505407345e-03 -3.331355733178139981e-03
2.700000000000000000e+02 -3.354971781042906127e-03 -3.342723331741782617e-03 -3.367220230344029636e-03
2.710000000000000000e+02 -3.305995428703083390e-03 -3.318696980311819020e-03 -3.293293877094348194e-03
2.720000000000000000e+02 -3.268935912091422077e-03 -3.300572422700665583e-03 -3.237299401482179005e-03
2.730000000000000000e+02 -3.285242243143785771e-03 -3.331321599145439360e-03 -3.239162887142132182e-03
2.740000000000000000e+02 -3.166304051193485208e-03 -3.206113279365765348e-03 -3.126494823021205068e-03
2.750000000000000000e+02 -3.212331653059375368e-03 -3.223318361632310225e-03 -3.201344944486440077e-03
2.760000000000000000e+02 -3.199569370740328825e-03 -3.263248228245783662e-03 -3.135890513234873989e-03
2.770000000000000000e+02 -3.190015278911579634e-03 -3.220307977042913099e-03 -3.159722580780245735e-03
2.780000000000000000e+02 -3.159154585134508943e-03 -3.201232101129566996e-03 -3.117077069139450891e-03
2.790000000000000000e+02 -3.109295568644455943e-03 -3.177089994246713733e-03 -3.041501143042198586e-03
2.800000000000000000e+02 -3.120001056438679969e-03 -3.127172815387341525e-03 -3.112829297490018847e-03
2.810000000000000000e+02 -3.089050736017375821e-03 -3.059270934365183967e-03 -3.118830537669567676e-03
2.820000000000000000e+02 -3.061564426304146623e-03 -3.066671330738559784e-03 -3.056457521869733896e-03
2.830000000000000000e+02 -3.054442837532222489e-03 -3.089123682602326702e-03 -3.019761992462118710e-03
2.840000000000000000e+02 -2.949512023624195969e-03 -2.962978860587728910e-03 -2.936045186660663029e-03
2.850000000000000000e+02 -2.993941048991387299e-03 -2.996442604233928286e-03 -2.991439493748846747e-03
2.860000000000000000e+02 -2.860132635596600564e-03 -2.937368523952279663e-03 -2.782896747240921464e-03
2.870000000000000000e+02 -2.893262810428883468e-03 -2.941376033075720001e-03 -2.845149587782046935e-03
2.880000000000000000e+02 -2.929644809100065937e-03 -2.932507046124493109e-03 -2.926782572075638765e-03
2.890000000000000000e+02 -2.925967139975175352e-03 -2.952616128572537520e-03 -2.899318151377813617e-03
2.900000000000000000e+02 -2.859044081964553022e-03 -2.817841644346654774e-03 -2.900246519582450836e-03
2.910000000000000000e+02 -2.803257746630130089e-03 -2.808585152955405881e-03 -2.797930340304853863e-03
2.920000000000000000e+02 -2.859885236960232197e-03 -2.853430384781681459e-03 -2.866340089138782500e-03
2.930000000000000000e+02 -2.826406150308677021e-03 -2.846282463052478631e-03 -2.806529837564874976e-03
2.940000000000000000e+02 -2.806898718562849792e-03 -2.827412882972665537e-03 -2.786384554153034047e-03
2.950000000000000000e+02 -2.764485469438872009e-03 -2.785133857131384498e-03 -2.743837081746359520e-03
2.960000000000000000e+02 -2.742740345039312681e-03 -2.747477130004553469e-03 -2.738003560074072328e-03
2.970000000000000000e+02 -2.773536740358044893e-03 -2.835293464326867768e-03 -2.711780016389221584e-03
2.980000000000000000e+02 -2.697858009345526116e-03 -2.697022056777088114e-03 -2.698693961913964118e-03
2.990000000000000000e+02 -2.727900691591201091e-03 -2.807568859421555058e-03 -2.648232523760847557e-03
3.000000000000000000e+02 -2.706843660095433618e-03 -2.688019471595158149e-03 -2.725667848595709087e-03
3.010000000000000000e+02 -2.634540540694868104e-03 -2.615106506373061825e-03 -2.653974575016674383e-03
3.020000000000000000e+02 -2.725941971706342948e-03 -2.752154617564984539e-03 -2.699729325847701356e-03
3.030000000000000000e+02 -2.659895862959066413e-03 -2.677827817842281556e-03 -2.641963908075851269e-03
3.040000000000000000e+02 -2.700424755437622060e-03 -2.711688413084338296e-03 -2.689161097790905390e-03
3.050000000000000000e+02 -2.709415338433027003e-03 -2.755152392015256489e-03 -2.663678284850797082e-03
3.060000000000000000e+02 -2.679742520566157603e-03 -2.683234958142023240e-03 -2.676250082990292399e-03
3.070000000000000000e+02 -2.733994014933142404e-03 -2.713630955644313978e-03 -2.754357074221971263e-03
3.080000000000000000e+02 -2.740360641765865121e-03 -2.769640749993033686e-03 -2.711080533538696991e-03
3.090000000000000000e+02 -2.711244685095383442e-03 -2.759736765762534592e-03 -2.662752604428232292e-03
3.100000000000000000e+02 -2.748473476348873949e-03 -2.765974854781957058e-03 -2.730972097915790840e-03
3.110000000000000000e+02 -2.691526488538193047e-03 -2.696857531468262615e-03 -2.686195445608123480e-03
3.120000000000000000e+02 -2.750759040395876071e-03 -2.729610315605826131e-03 -2.771907765185925576e-03
3.130000000000000000e+02 -2.702123892351255240e-03 -2.708159523550754746e-03 -2.696088261151755733e-03
3.140000000000000000e+02 -2.732698118700093576e-03 -2.769373223635534023e-03 -2.696023013764653562e-03
3.150000000000000000e+02 -2.755408756233325950e-03 -2.755440079886275172e-03 -2.755377432580376727e-03
3.160000000000000000e+02 -2.657660130636281797e-03 -2.664618617220114102e-03 -2.650701644052449492e-03
3.170000000000000000e+02 -2.720143447131841488e-03 -2.734938872716615246e-03 -2.705348021547067730e-03
3.180000000000000000e+02 -2.699683287555119070e-03 -2.720982536944313492e-03 -2.678384038165925081e-03
3.190000000000000000e+02 -2.714922909178499669e-03 -2.693494591207892808e-03 -2.736351227149106096e-03
3.200000000000000000e+02 -2.747299937951788642e-03 -2.785297503051781601e-03 -2.709302372851795683e-03
3.210000000000000000e+02 -2.724865521114828298e-03 -2.758409570725593382e-03 -2.691321471504062781e-03
3.220000000000000000e+02 -2.595349804625284636e-03 -2.599960461685059225e-03 -2.590739147565510048e-03
3.230000000000000000e+02 -2.618367203948255770e-03 -2.678605409277342187e-03 -2.558128998619168919e-03
3.240000000000000000e+02 -2.614808514485028081e-03 -2.608737738148777206e-03 -2.620879290821278955e-03
3.250000000000000000e+02 -2.570219334946485801e-03 -2.556520656972391912e-03 -2.583918012920580123e-03
3.260000000000000000e+02 -2.594642406961130028e-03 -2.586896400743842611e-03 -2.602388413178417011e-03
3.270000000000000000e+02 -2.545643905893418650e-03 -2.561148064201647541e-03 -2.530139747585189326e-03
3.280000000000000000e+02 -2.601327578162585148e-03 -2.586404459889025346e-03 -2.616250696436144951e-03
3.290000000000000000e+02 -2.572359687370504456e-03 -2.549996823729728211e-03 -2.594722551011280701e-03
3.300000000000000000e+02 -2.551453097426786658e-03 -2.580378125509316407e-03 -2.522528069344257343e-03
3.310000000000000000e+02 -2.519050171397115793e-03 -2.553728458375351031e-03 -2.484371884418880554e-03
3.320000000000000000e+02 -2.518497183003270707e-03 -2.556954948465303863e-03 -2.480039417541237551e-03
3.330000000000000000e+02 -2.537548860671864220e-03 -2.573071035690149312e-03 -2.502026685653579129e-03
3.340000000000000000e+02 -2.482594236389788246e-03 -2.474253508605414771e-03 -2.490934964174161721e-03
3.350000000000000000e+02 -2.466132651312941300e-03 -2.427606126780058361e-03 -2.504659175845824239e-03
3.360000000000000000e+02 -2.508618513122326532e-03 -2.535095414358418033e-03 -2.482141611886235465e-03
3.370000000000000000e+02 -2.490650697336322435e-03 -2.526455470965642287e-03 -2.454845923707002584e-03
3.380000000000000000e+02 -2.475868001932319748e-03 -2.560585816346736508e-03 -2.391150187517902988e-03
3.390000000000000000e+02 -2.463624993492947828e-03 -2.494109377082514949e-03 -2.433140609903381140e-03
3.400000000000000000e+02 -2.470815895534769074e-03 -2.456264877883998238e-03 -2.485366913185540344e-03
3.410000000000000000e+02 -2.413873774415269732e-03 -2.430970757078545867e-03 -2.396776791751993596e-03
3.420000000000000000e+02 -2.462498931248102534e-03 -2.571006812201400999e-03 -2.353991050294803634e-03
3.430000000000000000e+02 -2.428977545630418150e-03 -2.457879719086933715e-03 -2.400075372173903019e-03
3.440000000000000000e+02 -2.287213781987804985e-03 -2.309993145335106565e-03 -2.264434418640503405e-03
3.450000000000000000e+02 -2.421794904198260219e-03 -2.474929475267649299e-03 -2.368660333128871573e-03
3.460000000000000000e+02 -2.408545035782958844e-03 -2.452221589209745319e-03 -2.364868482356172370e-03
3.470000000000000000e+02 -2.393688534737534786e-03 -2.420109101574606947e-03 -2.367267967900462625e-03
3.480000000000000000e+02 -2.353825150572174014e-03 -2.351907090702795404e-03 -2.355743210441552625e-03
3.490000000000000000e+02 -2.327788923527140518e-03 -2.383967559254848885e-03 -2.271610287799432151e-03
3.500000000000000000e+02 -2.376283699561664541e-03 -2.435428916564284871e-03 -2.317138482559044210e-03
3.510000000000000000e+02 -2.328733298241049410e-03 -2.366033966712339977e-03 -2.291432629769758408e-03
3.520000000000000000e+02 -2.310221078408981020e-03 -2.306266794702096189e-03 -2.314175362115865851e-03
3.530000000000000000e+02 -2.325867000247359116e-03 -2.375280788961826005e-03 -2.276453211532891794e-03
3.540000000000000000e+02 -2.296447080774859963e-03 -2.286867888396382220e-03 -2.306026273153337271e-03
3.550000000000000000e+02 -2.273288401337157129e-03 -2.278618658181581769e-03 -2.267958144492732923e-03
3.560000000000000000e+02 -2.249348938141414785e-03 -2.248599776606582858e-03 -2.250098099676246712e-03
3.570000000000000000e+02 -2.176289709475899559e-03 -2.179225861936141297e-03 -2.173353557015657387e-03
3.580000000000000000e+02 -2.194281964720488573e-03 -2.193895296027313299e-03 -2.194668633413663847e-03
3.590000000000000000e+02 -2.196321572535918192e-03 -2.266470386610413418e-03 -2.126172758461422965e-03
3.600000000000000000e+02 -2.168250317304320010e-03 -2.223050690197975448e-03 -2.113449944410664572e-03
3.610000000000000000e+02 -2.190768295956923087e-03 -2.194641933420346438e-03 -2.186894658493499302e-03
3.620000000000000000e+02 -2.132290743454575907e-03 -2.166882278810277132e-03 -2.097699208098874682e-03
3.630000000000000000e+02 -2.129259944406967225e-03 -2.129942499607529946e-03 -2.128577389206404939e-03
3.640000000000000000e+02 -2.081542746411286539e-03 -2.099692569624105488e-03 -2.063392923198468024e-03
3.650000000000000000e+02 -2.154910615066117727e-03 -2.155545021618812673e-03 -2.154276208513422781e-03
3.660000000000000000e+02 -2.104349796923756302e-03 -2.124995697843494111e-03 -2.083703896004018494e-03
3.670000000000000000e+02 -2.110124503470355364e-03 -2.147442346104945325e-03 -2.072806660835765837e-03
3.680000000000000000e+02 -2.108372378817138966e-03 -2.082347413438241125e-03 -2.134397344196037240e-03
3.690000000000000000e+02 -2.009763640110685291e-03 -2.012524403910035103e-03 -2.007002876311335480e-03
3.700000000000000000e+02 -2.080100215101345681e-03 -2.090603382289998174e-03 -2.069597047912693187e-03
3.710000000000000000e+02 -2.045196614216684017e-03 -2.128274994639097091e-03 -1.962118233794270944e-03
3.720000000000000000e+02 -2.034784475646117530e-03 -2.008333996040734867e-03 -2.061234955251499759e-03
3.730000000000000000e+02 -1.996764439874019852e-03 -2.014559373463190896e-03 -1.978969506284848374e-03
3.740000000000000000e+02 -1.915436380709074037e-03 -1.935925728219224304e-03 -1.894947033198923552e-03
3.750000000000000000e+02 -1.933073140714505799e-03 -1.924788516063132091e-03 -1.941357765365879506e-03
3.760000000000000000e+02 -1.951736181223371735e-03 -1.972563333648787946e-03 -1.930909028797955307e-03
3.770000000000000000e+02 -1.928203456985827513e-03 -1.923895827891154839e-03 -1.932511086080499971e-03
3.780000000000000000e+02 -1.926340192873622799e-03 -1.914852986135660417e-03 -1.937827399611585181e-03
3.790000000000000000e+02 -1.931833340068847202e-03 -1.973836666178520848e-03 -1.889830013959173339e-03
3.800000000000000000e+02 -1.909790346358374242e-03 -1.918952913436006548e-03 -1.900627779280741935e-03
3.810000000000000000e+02 -1.913298248499934948e-03 -1.984832088644733223e-03 -1.841764408355136889e-03
3.820000000000000000e+02 -1.960563924492658879e-03 -2.004345010364530239e-03 -1.916782838620787952e-03
3.830000000000000000e+02 -1.889474848407464436e-03 -1.892674342649320381e-03 -1.886275354165608707e-03
3.840000000000000000e+02 -1.932917001292925110e-03 -1.941340221713325383e-03 -1.924493780872524838e-03
3.850000000000000000e+02 -1.904629672325880213e-03 -1.893172086606300297e-03 -1.916087258045460128e-03
3.860000000000000000e+02 -1.873722886299698104e-03 -1.903749077467412846e-03 -1.843696695131983145e-03
3.870000000000000000e+02 -1.911201782837769828e-03 -1.897519847063421647e-03 -1.924883718612118225e-03
3.880000000000000000e+02 -1.872364642328726726e-03 -1.898496455895613095e-03 -1.846232828761840139e-03
3.890000000000000000e+02 -1.851914912027134447e-03 -1.841500758042309950e-03 -1.862329066011959161e-03
3.900000000000000000e+02 -1.816994180660038739e-03 -1.871245377314165702e-03 -1.762742984005911994e-03
3.910000000000000000e+02 -1.888662879917666661e-03 -1.878780159276182121e-03 -1.898545600559151201e-03
3.920000000000000000e+02 -1.907143606952775615e-03 -1.922101487884982259e-03 -1.892185726020568972e-03
3.930000000000000000e+02 -1.804553949908753192e-03 -1.853196329522856581e-03 -1.755911570294649586e-03
3.940000000000000000e+02 -1.854833551290477854e-03 -1.829822029880922218e-03 -1.879845072700033490e-03
3.950000000000000000e+02 -1.838379571534547998e-03 -1.799829582580010461e-03 -1.876929560489085536e-03
3.960000000000000000e+02 -1.812427123996304896e-03 -1.871449936984172831e-03 -1.753404311008436960e-03
3.970000000000000000e+02 -1.819423349413992232e-03 -1.882709063400314067e-03 -1.756137635427670396e-03
3.980000000000000000e+02 -1.810754377628819413e-03 -1.792921839845507213e-03 -1.828586915412131614e-03
3.990000000000000000e+02 -1.749757031132384653e-03 -1.733452112947642034e-03 -1.766061949317127271e-03
4.000000000000000000e+02 -1.725263718739695681e-03 -1.700884889362506329e-03 -1.749642548116885250e-03
4.010000000000000000e+02 -1.765153316541390530e-03 -1.753211183708174286e-03 -1.777095449374606773e-03
4.020000000000000000e+02 -1.791529079847731763e-03 -1.823803589228309083e-03 -1.759254570467154227e-03
4.030000000000000000e+02 -1.736726907638569406e-03 -1.765337534099425780e-03 -1.708116281177713032e-03
4.040000000000000000e+02 -1.799655582885435713e-03 -1.785846793072456019e-03 -1.813464372698415407e-03
4.050000000000000000e+02 -1.756867580610446504e-03 -1.803697773730834116e-03 -1.710037387490059109e-03
4.060000000000000000e+02 -1.728171333663432088e-03 -1.724271588361155029e-03 -1.732071078965709363e-03
4.070000000000000000e+02 -1.731696141267882174e-03 -1.693569216094198979e-03 -1.769823066441565370e-03
4.080000000000000000e+02 -1.757605710510028174e-03 -1.762224843063558369e-03 -1.752986577956498196e-03
4.090000000000000000e+02 -1.743440902992888109e-03 -1.777397997716836020e-03 -1.709483808268940416e-03
4.100000000000000000e+02 -1.721808401110145551e-03 -1.705947482841146164e-03 -1.737669319379144721e-03
4.110000000000000000e+02 -1.777857135225073201e-03 -1.818755958377688648e-03 -1.736958312072457971e-03
4.120000000000000000e+02 -1.758700041884179478e-03 -1.772155962780317794e-03 -1.745244120988041379e-03
4.130000000000000000e+02 -1.749200629871632950e-03 -1.707344136942717762e-03 -1.791057122800547921e-03
4.140000000000000000e+02 -1.789265553482814221e-03 -1.794678218410477926e-03 -1.783852888555150732e-03
4.150000000000000000e+02 -1.798229964779715466e-03 -1.790232228065714859e-03 -1.806227701493716073e-03
4.160000000000000000e+02 -1.769782958776190077e-03 -1.801038039622754978e-03 -1.738527877929624960e-03
4.170000000000000000e+02 -1.785449828875954568e-03 -1.811912128300579086e-03 -1.758987529451330268e-03
4.180000000000000000e+02 -1.791020385069755100e-03 -1.789513003361981871e-03 -1.792527766777528330e-03
4.190000000000000000e+02 -1.833596746747281469e-03 -1.818774756050709884e-03 -1.848418737443852837e-03
4.200000000000000000e+02 -1.771075798368859514e-03 -1.806632183859431008e-03 -1.735519412878288020e-03
4.210000000000000000e+02 -1.843011240922442454e-03 -1.804907529751892219e-03 -1.881114952092992690e-03
4.220000000000000000e+02 -1.856415188924437657e-03 -1.838929715027509204e-03 -1.873900662821366110e-03
4.230000000000000000e+02 -1.867243351598755303e-03 -1.823358349967220101e-03 -1.911128353230290506e-03
4.240000000000000000e+02 -1.852813893346030860e-03 -1.888715377813190467e-03 -1.816912408878871253e-03
4.250000000000000000e+02 -1.842075704977219272e-03 -1.859704474108389268e-03 -1.824446935846049493e-03
4.260000000000000000e+02 -1.932005174158370111e-03 -1.941484006635659084e-03 -1.922526341681081137e-03
4.270000000000000000e+02 -1.911339383860574150e-03 -1.861792017357672075e-03 -1.960886750363476441e-03
4.280000000000000000e+02 -1.904390801791330107e-03 -1.926034482238237052e-03 -1.882747121344423161e-03
4.290000000000000000e+02 -1.955471897074793214e-03 -1.975733620099592684e-03 -1.935210174049993527e-03
4.300000000000000000e+02 -1.875882580452095834e-03 -1.886269247718281314e-03 -1.865495913185910137e-03
4.310000000000000000e+02 -1.968354926438110539e-03 -2.018904085617769135e-03 -1.917805767258452159e-03
4.320000000000000000e+02 -1.981717895084312252e-03 -1.983673695415986982e-03 -1.979762094752637522e-03
4.330000000000000000e+02 -1.982825432946151711e-03 -2.005776162156612270e-03 -1.959874703735691153e-03
4.340000000000000000e+02 -2.025162267572641617e-03 -2.040207655836464174e-03 -2.010116879308819059e-03
4.350000000000000000e+02 -1.970079469482838470e-03 -1.962869134554905744e-03 -1.977289804410771630e-03
4.360000000000000000e+02 -2.010593670479744830e-03 -2.005242976960585743e-03 -2.015944363998903918e-03
4.370000000000000000e+02 -2.069217136512090192e-03 -2.075649570877898930e-03 -2.062784702146281453e-03
4.380000000000000000e+02 -2.084019510196981340e-03 -2.054235698285783972e-03 -2.113803322108178707e-03
4.390000000000000000e+02 -2.061547172240425427e-03 -2.063761340360876963e-03 -2.059333004119973890e-03
4.400000000000000000e+02 -2.067573153652066831e-03 -2.053232889770913519e-03 -2.081913417533220144e-03
4.410000000000000000e+02 -2.132409852692888561e-03 -2.127588393706161991e-03 -2.137231311679615563e-03
4.420000000000000000e+02 -2.174731603441800928e-03 -2.236930373624312733e-03 -2.112532833259289124e-03
4.430000000000000000e+02 -2.115578779540347541e-03 -2.101681154605140964e-03 -2.129476404475554117e-03
4.440000000000000000e+02 -2.198582932582856565e-03 -2.219474616459297597e-03 -2.177691248706415100e-03
4.450000000000000000e+02 -2.139589127903850606e-03 -2.108672018739219181e-03 -2.170506237068482464e-03
4.460000000000000000e+02 -2.232715058476263462e-03 -2.171853849158158784e-03 -2.293576267794368573e-03
4.470000000000000000e+02 -2.240443067900460376e-03 -2.219482948578800630e-03 -2.261403187222119689e-03
4.480000000000000000e+02 -2.226114384852357839e-03 -2.242863293232072192e-03 -2.209365476472643485e-03
4.490000000000000000e+02 -2.205716729176056268e-03 -2.156310438678230718e-03 -2.255123019673881384e-03
4.500000000000000000e+02 -2.226010667122422029e-03 -2.259561069786510980e-03 -2.192460264458332645e-03
4.510000000000000000e+02 -2.282157532445792253e-03 -2.284095234837761525e-03 -2.280219830053822980e-03
4.520000000000000000e+02 -2.306632779764459032e-03 -2.312028675210733505e-03 -2.301236884318184125e-03
4.530000000000000000e+02 -2.317353553378258442e-03 -2.338570442333254111e-03 -2.296136664423263207e-03
4.540000000000000000e+02 -2.339035806329804734e-03 -2.297081355766228405e-03 -2.380990256893381063e-03
4.550000000000000000e+02 -2.354005246282901784e-03 -2.356904135296830106e-03 -2.351106357268973462e-03
4.560000000000000000e+02 -2.360321971005851973e-03 -2.382599136880600172e-03 -2.338044805131103774e-03
4.570000000000000000e+02 -2.396832502341971621e-03 -2.401846858258236198e-03 -2.391818146425707045e-03
4.580000000000000000e+02 -2.379931577009537433e-03 -2.342734414981307526e-03 -2.417128739037767773e-03
4.590000000000000000e+02 -2.457895777136202917e-03 -2.460994201228550084e-03 -2.454797353043855750e-03
4.600000000000000000e+02 -2.472820845260226101e-03 -2.489958171959212943e-03 -2.455683518561239259e-03
4.610000000000000000e+02 -2.563021964561091118e-03 -2.572346567966163344e-03 -2.553697361156019325e-03
4.620000000000000000e+02 -2.552190649008251842e-03 -2.539264351363015350e-03 -2.565116946653487901e-03
4.630000000000000000e+02 -2.556234362148946358e-03 -2.522527926878451697e-03 -2.589940797419441020e-03
4.640000000000000000e+02 -2.579529663464009102e-03 -2.544435176458172132e-03 -2.614624150469845639e-03
4.650000000000000000e+02 -2.635360835293920623e-03 -2.645186797661899965e-03 -2.625534872925941714e-03
4.660000000000000000e+02 -2.708171901914750018e-03 -2.719821759385751634e-03 -2.696522044443747969e-03
4.670000000000000000e+02 -2.673270786436321607e-03 -2.672531278534101724e-03 -2.674010294338541056e-03
4.680000000000000000e+02 -2.713328535069911215e-03 -2.705663615592291630e-03 -2.720993454547530367e-03
4.690000000000000000e+02 -2.733424786221252088e-03 -2.717780279166236938e-03 -2.749069293276266805e-03
4.700000000000000000e+02 -2.715690570824496816e-03 -2.761034420413787001e-03 -2.670346721235206632e-03
4.710000000000000000e+02 -2.745922358872996023e-03 -2.708440188068767483e-03 -2.783404529677224563e-03
4.720000000000000000e+02 -2.757073482976834817e-03 -2.811076805348444643e-03 -2.703070160605224991e-03
4.730000000000000000e+02 -2.796500905241743485e-03 -2.773355255213416290e-03 -2.819646555270070680e-03
4.740000000000000000e+02 -2.872891614294581161e-03 -2.802420245741931489e-03 -2.943362982847230833e-03
4.750000000000000000e+02 -2.880402944741013074e-03 -2.853789053777096296e-03 -2.907016835704929851e-03
4.760000000000000000e+02 -2.891502149928115717e-03 -2.901442592597509428e-03 -2.881561707258722006e-03
4.770000000000000000e+02 -2.911198244938325956e-03 -2.852518621525294840e-03 -2.969877868351357506e-03
4.780000000000000000e+02 -2.981770130970944933e-03 -3.013505332533317812e-03 -2.950034929408572055e-03
4.790000000000000000e+02 -2.995429358416318300e-03 -3.004552629006526296e-03 -2.986306087826109869e-03
4.800000000000000000e+02 -3.014991957171796536e-03 -3.056736191964039284e-03 -2.973247722379553787e-03
4.810000000000000000e+02 -3.113541850312152772e-03 -3.062634149938709728e-03 -3.164449550685595816e-03
4.820000000000000000e+02 -3.083595137488976540e-03 -3.078615834014820571e-03 -3.088574440963132509e-03
4.830000000000000000e+02 -3.110001851774174021e-03 -3.087665979637059695e-03 -3.132337723911287914e-03
4.840000000000000000e+02 -3.124063900710199841e-03 -3.116857842639445854e-03 -3.131269958780954262e-03
4.850000000000000000e+02 -3.103698769053446146e-03 -3.041285380923167483e-03 -3.166112157183724810e-03
4.860000000000000000e+02 -3.143276705841985090e-03 -3.119060261038259473e-03 -3.167493150645710707e-03
4.870000000000000000e+02 -3.259506318722797408e-03 -3.264580066348670047e-03 -3.254432571096924770e-03
4.880000000000000000e+02 -3.217167846214124324e-03 -3.268140948817378939e-03 -3.166194743610869708e-03
4.890000000000000000e+02 -3.212688090323475264e-03 -3.230289408139395014e-03 -3.195086772507555080e-03
4.900000000000000000e+02 -3.296006305051706747e-03 -3.279233640212989714e-03 -3.312778969890423780e-03
4.910000000000000000e+02 -3.275728939956799347e-03 -3.279092916490696213e-03 -3.272364963422902048e-03
4.920000000000000000e+02 -3.231496937594108623e-03 -3.271339090223233242e-03 -3.191654784964984438e-03
4.930000000000000000e+02 -3.266611776628818974e-03 -3.273753060408624189e-03 -3.259470492849013759e-03
4.940000000000000000e+02 -3.260619560956126359e-03 -3.211984134624080740e-03 -3.309254987288172412e-03
4.950000000000000000e+02 -3.257257720033408278e-03 -3.261444805986872791e-03 -3.253070634079943332e-03
4.960000000000000000e+02 -3.286511345496729089e-03 -3.283373300730163882e-03 -3.289649390263294296e-03
4.970000000000000000e+02 -3.281336258763260967e-03 -3.290954282269235778e-03 -3.271718235257285723e-03
4.980000000000000000e+02 -3.287964395153946881e-03 -3.290525308080110775e-03 -3.285403482227783421e-03
4.990000000000000000e+02 -3.260802349480151560e-03 -3.229905291504663219e-03 -3.291699407455639468e-03
5.000000000000000000e+02 -3.306569463774985083e-03 -3.299954619741730499e-03 -3.313184307808240102e-03
