# delays[ps] delta_averaged scan 0 scan 1
-2.000000000000000000e+01 -4.228798795308325113e-05 -6.120628973935782798e-05 -2.336968616680867766e-05
-1.800000000000000000e+01 -6.196572302680103546e-05 -7.111907007061091560e-05 -5.281237598299115532e-05
-1.600000000000000000e+01 -7.715184868102209948e-05 -8.623420106038970649e-05 -6.806949630165449246e-05
-1.400000000000000000e+01 -2.352779804633464681e-05 -1.960898895375917515e-05 -2.744660713891011847e-05
-1.200000000000000000e+01 -7.812375173358947732e-05 -8.855978313670787071e-05 -6.768772033047109748e-05
-1.000000000000000000e+01 -7.337647365658289222e-05 -4.885168419511409506e-05 -9.790126311805168939e-05
-8.000000000000000000e+00 -1.113156669977949820e-04 -1.054549335682324280e-04 -1.171764004273575496e-04
-6.000000000000000000e+00 -7.175340353459824935e-05 -7.014857766120552462e-05 -7.335822940799097407e-05
-4.000000000000000000e+00 -1.008921195948954787e-04 -1.040492552160763331e-04 -9.773498397371461078e-05
-2.000000000000000000e+00 -9.199200447179378096e-05 -9.690708701154793594e-05 -8.707692193203963953e-05
-1.899999999999999911e+00 -7.373126945980157463e-05 -6.637209897623841338e-05 -8.109043994336473588e-05
-1.800000000000000044e+00 -9.299352390474302944e-05 -7.836582471250586003e-05 -1.076212230969801853e-04
-1.699999999999999956e+00 -8.647194257825624323e-05 -1.125965801319788232e-04 -6.034730502453367003e-05
-1.600000000000000089e+00 -8.916803941775452600e-05 -1.052047645749616423e-04 -7.313131426054742326e-05
-1.500000000000000000e+00 -1.126882926497527274e-04 -1.028097542334058853e-04 -1.225668310660995696e-04
-1.399999999999999911e+00 -7.462731835835850357e-05 -8.801734018093387217e-05 -6.123729653578313496e-05
-1.300000000000000044e+00 -9.094726332945291046e-05 -9.884999098759638758e-05 -8.304453567130943333e-05
-1.199999999999999956e+00 -7.189309183596736294e-05 -5.505657213870285207e-05 -8.872961153323188736e-05
-1.100000000000000089e+00 -8.482731587219639316e-05 -1.044426094185334463e-04 -6.521202232585932641e-05
-1.000000000000000000e+00 -7.777526316590761086e-05 -5.615110328239403546e-05 -9.939942304942117949e-05
-9.000000000000000222e-01 -1.066463997566017717e-04 -1.271874894742572825e-04 -8.610531003894627449e-05
-8.000000000000000444e-01 -8.037208321933647388e-05 -8.461187963680616431e-05 -7.613228680186678345e-05
-6.999999999999999556e-01 -9.044809452240881959e-05 -7.116456769246448720e-05 -1.097316213523531520e-04
-5.999999999999999778e-01 -1.153502723113422021e-04 -1.356937096133919898e-04 -9.500683500929241448e-05
-5.000000000000000000e-01 -1.025738706529574263e-04 -1.285093548216849043e-04 -7.663838648422993487e-05
-4.000000000000000222e-01 -1.385563790596294081e-04 -1.805853049360180932e-04 -9.652745318324073653e-05
-2.999999999999999889e-01 -1.293977350180932728e-04 -1.548115929859176176e-04 -1.039838770502689010e-04
-2.000000000000000111e-01 -9.668229956449807890e-05 -9.898266360158192406e-05 -9.438193552741424729e-05
-1.000000000000000056e-01 -1.638491590044058159e-04 -1.424372472225647992e-04 -1.852610707862468596e-04
-0.000000000000000000e+00 -4.075269330206943022e-04 -3.293820163273701996e-04 -4.856718497140183506e-04
1.000000000000000056e-01 -7.079088231366273670e-04 -6.565912225102011170e-04 -7.592264237630537253e-04
2.000000000000000111e-01 -1.042808019635770109e-03 -1.062556601716179794e-03 -1.023059437555360641e-03
2.999999999999999889e-01 -1.332792816519017508e-03 -1.376469268379162166e-03 -1.289116364658873066e-03
4.000000000000000222e-01 -1.521116769282588894e-03 -1.568932611492284204e-03 -1.473300927072893800e-03
5.000000000000000000e-01 -1.592775575984545266e-03 -1.712663742291623470e-03 -1.472887409677467061e-03
5.999999999999999778e-01 -1.721477257420587787e-03 -1.856818268150313249e-03 -1.586136246690862108e-03
6.999999999999999556e-01 -1.757901270663077969e-03 -1.858660857763900316e-03 -1.657141683562255406e-03
8.000000000000000444e-01 -1.878108953210620756e-03 -1.982898547305490290e-03 -1.773319359115751222e-03
9.000000000000000222e-01 -1.937588089490123282e-03 -2.106203216208191176e-03 -1.768972962772055388e-03
1.000000000000000000e+00 -1.904999042564924777e-03 -2.077893040559606382e-03 -1.732105044570243172e-03
1.100000000000000089e+00 -1.833688860210286233e-03 -1.986457493396127840e-03 -1.680920227024444626e-03
1.199999999999999956e+00 -1.885932281554884762e-03 -2.058411616924925649e-03 -1.713452946184843657e-03
1.300000000000000044e+00 -1.974706477374985579e-03 -2.173905830363751564e-03 -1.775507124386219377e-03
1.399999999999999911e+00 -1.976945386986722532e-03 -2.207447316564607395e-03 -1.746443457408837887e-03
1.500000000000000000e+00 -1.840860726013304315e-03 -2.032182282919724539e-03 -1.649539169106883875e-03
1.600000000000000089e+00 -1.961583962827431315e-03 -2.097673797644782675e-03 -1.825494128010080172e-03
1.699999999999999956e+00 -2.010420192241459906e-03 -2.174581531959852987e-03 -1.846258852523067042e-03
1.800000000000000044e+00 -1.957784225540810594e-03 -2.156923219300016775e-03 -1.758645231781604196e-03
1.899999999999999911e+00 -1.979906544952851101e-03 -2.132012476778250964e-03 -1.827800613127450804e-03
2.000000000000000000e+00 -2.007767630090161182e-03 -2.242042535432262410e-03 -1.773492724748060171e-03
2.100000000000000089e+00 -2.061633063318259705e-03 -2.232017140788437534e-03 -1.891248985848082310e-03
2.200000000000000178e+00 -2.105043519305265908e-03 -2.236798218738423986e-03 -1.973288819872107830e-03
2.299999999999999822e+00 -2.082192416466405269e-03 -2.258222072475685877e-03 -1.906162760457124662e-03
2.399999999999999911e+00 -1.999543542123588102e-03 -2.210618511492513406e-03 -1.788468572754663014e-03
2.500000000000000000e+00 -2.061132590011236290e-03 -2.203098633547543976e-03 -1.919166546474928171e-03
2.600000000000000089e+00 -2.014581360642476050e-03 -2.165972915645223654e-03 -1.863189805639728445e-03
2.700000000000000178e+00 -2.008151871851671707e-03 -2.203923509392920199e-03 -1.812380234310423215e-03
2.799999999999999822e+00 -2.004869940512447705e-03 -2.163819611219275265e-03 -1.845920269805620146e-03
2.899999999999999911e+00 -2.016281292622653515e-03 -2.161532122758164608e-03 -1.871030462487142205e-03
3.000000000000000000e+00 -2.065277057814947619e-03 -2.246712936571827138e-03 -1.883841179058067883e-03
3.100000000000000089e+00 -2.014877360159158127e-03 -2.241233513939731511e-03 -1.788521206378584742e-03
3.200000000000000178e+00 -1.971621452994946032e-03 -2.185625810622909143e-03 -1.757617095366982921e-03
3.299999999999999822e+00 -1.949673630310083932e-03 -2.143651345528397017e-03 -1.755695915091770630e-03
3.399999999999999911e+00 -2.037483143745786630e-03 -2.218328026148883286e-03 -1.856638261342689975e-03
3.500000000000000000e+00 -1.995557476246920172e-03 -2.114081903690881968e-03 -1.877033048802958593e-03
3.600000000000000089e+00 -1.976354035930636549e-03 -2.127359891510097190e-03 -1.825348180351175475e-03
3.700000000000000178e+00 -1.972991065215725509e-03 -2.064811476821970092e-03 -1.881170653609481143e-03
3.799999999999999822e+00 -1.954148912040778140e-03 -2.065260248503913813e-03 -1.843037575577642466e-03
3.899999999999999911e+00 -1.950412881300557597e-03 -2.114104785236823377e-03 -1.786720977364292034e-03
4.000000000000000000e+00 -1.894515766720992946e-03 -2.016007588620778203e-03 -1.773023944821207907e-03
6.000000000000000000e+00 -1.747131537339816814e-03 -1.934143448819656283e-03 -1.560119625859977344e-03
8.000000000000000000e+00 -1.558448668485781091e-03 -1.679301799619309582e-03 -1.437595537352252817e-03
1.000000000000000000e+01 -1.464443722995753495e-03 -1.652039508731843005e-03 -1.276847937259663985e-03
1.200000000000000000e+01 -1.407709771486756033e-03 -1.563793198579673275e-03 -1.251626344393838791e-03
1.400000000000000000e+01 -1.281722171499753531e-03 -1.417879328254853565e-03 -1.145565014744653496e-03
1.600000000000000000e+01 -1.291600953759348795e-03 -1.418433875520755698e-03 -1.164768031997942110e-03
1.800000000000000000e+01 -1.245854486778317106e-03 -1.336114258739544772e-03 -1.155594714817089223e-03
2.000000000000000000e+01 -1.276897247202283744e-03 -1.402406758265453170e-03 -1.151387736139114319e-03
2.200000000000000000e+01 -1.168751929328774300e-03 -1.312974644708259390e-03 -1.024529213949289209e-03
2.400000000000000000e+01 -1.070711079909850020e-03 -1.176115160188301138e-03 -9.653069996313990092e-04
2.600000000000000000e+01 -1.054126199130659726e-03 -1.176087059701873142e-03 -9.321653385594462016e-04
2.800000000000000000e+01 -1.071739126283161817e-03 -1.222353763414063760e-03 -9.211244891522599827e-04
3.000000000000000000e+01 -1.020000836616650379e-03 -1.128882384607480735e-03 -9.111192886258199152e-04
3.200000000000000000e+01 -9.749511408901227532e-04 -1.025944868717885376e-03 -9.239574130623601309e-04
3.400000000000000000e+01 -9.224843802399327469e-04 -9.691823899404901268e-04 -8.757863705393752586e-04
3.600000000000000000e+01 -9.065658708966328229e-04 -1.049154746835759527e-03 -7.639769949575060106e-04
3.800000000000000000e+01 -9.272807084986425114e-04 -1.026017203519880797e-03 -8.285442134774041170e-04
4.000000000000000000e+01 -9.368345822298977535e-04 -1.039534145233335285e-03 -8.341350192264602222e-04
4.200000000000000000e+01 -9.415402850974231418e-04 -1.043018382842679156e-03 -8.400621873521670188e-04
4.400000000000000000e+01 -9.243224393829281441e-04 -1.002807491450458327e-03 -8.458373873153979608e-04
4.600000000000000000e+01 -8.762892771207631167e-04 -9.292925404985027992e-04 -8.232860137430235425e-04
4.800000000000000000e+01 -8.723455690193698819e-04 -9.508778379951238506e-04 -7.938133000436158049e-04
5.000000000000000000e+01 -8.318025279910018065e-04 -9.228344904301336591e-04 -7.407705655518698456e-04
5.200000000000000000e+01 -8.057930150729400356e-04 -8.125577766898528335e-04 -7.990282534560273460e-04
5.400000000000000000e+01 -8.261534285037015323e-04 -8.819622129905895988e-04 -7.703446440168133574e-04
5.600000000000000000e+01 -7.708120917673849833e-04 -8.502702895376561959e-04 -6.913538939971137706e-04
5.800000000000000000e+01 -7.124507958040588243e-04 -7.394495304550673370e-04 -6.854520611530502032e-04
6.000000000000000000e+01 -7.183155110377635079e-04 -7.783468724160240437e-04 -6.582841496595030805e-04
6.200000000000000000e+01 -6.618470847005887949e-04 -6.914300836686769524e-04 -6.322640857325006374e-04
6.400000000000000000e+01 -6.703787223555467004e-04 -7.477114610844463102e-04 -5.930459836266470906e-04
6.600000000000000000e+01 -6.835679239813563209e-04 -7.311980026320769174e-04 -6.359378453306357244e-04
6.800000000000000000e+01 -6.795206177611324769e-04 -7.391218809934254827e-04 -6.199193545288394711e-04
7.000000000000000000e+01 -6.379427195347725423e-04 -6.693029889662421069e-04 -6.065824501033029777e-04
7.200000000000000000e+01 -7.221287630436985881e-04 -7.711015797783013796e-04 -6.731559463090957965e-04
7.400000000000000000e+01 -7.946486561913445462e-04 -8.169452322156128604e-04 -7.723520801670761236e-04
7.600000000000000000e+01 -7.675006448752645779e-04 -8.095132871058427753e-04 -7.254880026446863805e-04
7.800000000000000000e+01 -7.993401005362129816e-04 -8.515267237215072213e-04 -7.471534773509186335e-04
8.000000000000000000e+01 -7.740771199603470711e-04 -8.598414394525953760e-04 -6.883128004680987662e-04
8.200000000000000000e+01 -8.290661014283506837e-04 -8.866085788014788516e-04 -7.715236240552225157e-04
8.400000000000000000e+01 -8.012284594861986218e-04 -8.867595079244978019e-04 -7.156974110478995501e-04
8.600000000000000000e+01 -7.242966210619710896e-04 -8.042625049438200790e-04 -6.443307371801221001e-04
8.800000000000000000e+01 -7.052335517388767967e-04 -7.800896010696990908e-04 -6.303775024080543942e-04
9.000000000000000000e+01 -7.209951921227932513e-04 -7.521757673788382085e-04 -6.898146168667481856e-04
9.200000000000000000e+01 -7.157006949961483002e-04 -7.862739498513858982e-04 -6.451274401409107023e-04
9.400000000000000000e+01 -8.362284317753132610e-04 -8.887298305533515661e-04 -7.837270329972748474e-04
9.600000000000000000e+01 -9.144367215018775821e-04 -9.535704232577502928e-04 -8.753030197460049799e-04
9.800000000000000000e+01 -9.966987067805414997e-04 -1.078715696127322292e-03 -9.146817174337607079e-04
1.000000000000000000e+02 -1.020258636528458647e-03 -1.096101523287507009e-03 -9.444157497694103927e-04
1.020000000000000000e+02 -1.081799425809585116e-03 -1.163280551117021853e-03 -1.000318300502148596e-03
1.040000000000000000e+02 -1.101028834074273613e-03 -1.166895808851068196e-03 -1.035161859297478813e-03
1.060000000000000000e+02 -1.097487178926555718e-03 -1.151301139601420241e-03 -1.043673218251690979e-03
1.080000000000000000e+02 -1.123298824943094309e-03 -1.218422913088357349e-03 -1.028174736797831485e-03
1.100000000000000000e+02 -1.121939135262344043e-03 -1.174765466903458311e-03 -1.069112803621229991e-03
1.120000000000000000e+02 -1.138667182796748549e-03 -1.159143914573344423e-03 -1.118190451020152458e-03
1.140000000000000000e+02 -1.163626478475674082e-03 -1.231390740942850436e-03 -1.095862216008497512e-03
1.160000000000000000e+02 -1.264967459164694635e-03 -1.294486977060577701e-03 -1.235447941268811569e-03
1.180000000000000000e+02 -1.257285892717353946e-03 -1.347829948826365391e-03 -1.166741836608342717e-03
1.200000000000000000e+02 -1.287909500006843497e-03 -1.386440658999449045e-03 -1.189378341014238165e-03
1.220000000000000000e+02 -1.399703276681920835e-03 -1.489587171772630524e-03 -1.309819381591211364e-03
1.240000000000000000e+02 -1.472242473758005824e-03 -1.553792282005455466e-03 -1.390692665510555965e-03
1.260000000000000000e+02 -1.553834789875902130e-03 -1.664177439084672241e-03 -1.443492140667131801e-03
1.280000000000000000e+02 -1.625701391946292491e-03 -1.662310260717326160e-03 -1.589092523175259040e-03
1.300000000000000000e+02 -1.580389043592684770e-03 -1.664600944991214641e-03 -1.496177142194154899e-03
1.320000000000000000e+02 -1.544896707320627012e-03 -1.594072653330762951e-03 -1.495720761310491073e-03
1.340000000000000000e+02 -1.505975301402745752e-03 -1.523270262795415383e-03 -1.488680340010076122e-03
1.360000000000000000e+02 -1.458509616466953200e-03 -1.520154316457132324e-03 -1.396864916476773860e-03
1.380000000000000000e+02 -1.373028285564029333e-03 -1.483572018535181912e-03 -1.262484552592876754e-03
1.400000000000000000e+02 -1.346753246828533753e-03 -1.509212001521443788e-03 -1.184294492135623718e-03
1.420000000000000000e+02 -1.336061430693832961e-03 -1.441094176155334429e-03 -1.231028685232331494e-03
1.440000000000000000e+02 -1.274189652794741664e-03 -1.384902869717785992e-03 -1.163476435871697119e-03
1.460000000000000000e+02 -1.303785383346659117e-03 -1.432455279904452060e-03 -1.175115486788865958e-03
1.480000000000000000e+02 -1.252430144288233394e-03 -1.386634966682972255e-03 -1.118225321893494533e-03
1.500000000000000000e+02 -1.255249487234727339e-03 -1.347025772365570548e-03 -1.163473202103884130e-03
1.520000000000000000e+02 -1.244337324805054905e-03 -1.338587980965886669e-03 -1.150086668644223140e-03
1.540000000000000000e+02 -1.266109855248361135e-03 -1.324401949901977396e-03 -1.207817760594744874e-03
1.560000000000000000e+02 -1.282679479589010543e-03 -1.379827178107116432e-03 -1.185531781070904870e-03
1.580000000000000000e+02 -1.306136082374624759e-03 -1.399756789410240348e-03 -1.212515375339008952e-03
1.600000000000000000e+02 -1.322359725310584761e-03 -1.350501280830267072e-03 -1.294218169790902449e-03
1.620000000000000000e+02 -1.341940389607850772e-03 -1.403483166974238546e-03 -1.280397612241462998e-03
1.640000000000000000e+02 -1.310482025939499213e-03 -1.404081259458894856e-03 -1.216882792420103570e-03
1.660000000000000000e+02 -1.331606715425141590e-03 -1.424730791989593185e-03 -1.238482638860689995e-03
1.680000000000000000e+02 -1.299686261642211136e-03 -1.411504841303186895e-03 -1.187867681981235376e-03
1.700000000000000000e+02 -1.306223927068150131e-03 -1.432625145949774706e-03 -1.179822708186525340e-03
1.720000000000000000e+02 -1.258677132091084311e-03 -1.363762061299335750e-03 -1.153592202882832872e-03
1.740000000000000000e+02 -1.239285420333326431e-03 -1.351496156308840861e-03 -1.127074684357812001e-03
1.760000000000000000e+02 -1.215305323206307062e-03 -1.317151890194610863e-03 -1.113458756218003477e-03
1.780000000000000000e+02 -1.185567682070448733e-03 -1.270160335610320563e-03 -1.100975028530576903e-03
1.800000000000000000e+02 -1.220933386096305102e-03 -1.300335742665355765e-03 -1.141531029527254439e-03
1.820000000000000000e+02 -1.213558330683412291e-03 -1.318394690208294674e-03 -1.108721971158529909e-03
1.840000000000000000e+02 -1.249841191891685284e-03 -1.341078143181395014e-03 -1.158604240601975553e-03
1.860000000000000000e+02 -1.273693091968731463e-03 -1.332853126647920612e-03 -1.214533057289542530e-03
1.880000000000000000e+02 -1.287468950282122469e-03 -1.338138247862417441e-03 -1.236799652701827713e-03
1.900000000000000000e+02 -1.270013068875607866e-03 -1.285595843602183388e-03 -1.254430294149032343e-03
1.920000000000000000e+02 -1.214644444578471226e-03 -1.245403538445898940e-03 -1.183885350711043512e-03
1.940000000000000000e+02 -1.251937458458632878e-03 -1.261516257452309974e-03 -1.242358659464955781e-03
1.960000000000000000e+02 -1.199059430056335094e-03 -1.226290057116097331e-03 -1.171828802996572856e-03
1.980000000000000000e+02 -1.181926503277655471e-03 -1.251813077028639601e-03 -1.112039929526671125e-03
2.000000000000000000e+02 -1.111031314868038498e-03 -1.136548476106219365e-03 -1.085514153629857413e-03
2.020000000000000000e+02 -1.083242866623418746e-03 -1.174269618687417624e-03 -9.922161145594198678e-04
2.040000000000000000e+02 -1.080769996429433409e-03 -1.092670694071416889e-03 -1.068869298787449712e-03
2.060000000000000000e+02 -1.068775512667158398e-03 -1.099997159317525879e-03 -1.037553866016790918e-03
2.080000000000000000e+02 -1.115412238887179656e-03 -1.191786366742797606e-03 -1.039038111031561924e-03
2.100000000000000000e+02 -1.134034011160878989e-03 -1.167670296844615721e-03 -1.100397725477142473e-03
2.120000000000000000e+02 -1.095388756515393823e-03 -1.199300138213104956e-03 -9.914773748176824737e-04
2.140000000000000000e+02 -1.131822191009327922e-03 -1.204394079981889725e-03 -1.059250302036765902e-03
2.160000000000000000e+02 -1.140499047088648632e-03 -1.204286024965579675e-03 -1.076712069211717589e-03
2.180000000000000000e+02 -1.150128346166742234e-03 -1.216329986414647381e-03 -1.083926705918836870e-03
2.200000000000000000e+02 -1.162267697883722847e-03 -1.239219531298233227e-03 -1.085315864469212251e-03
2.220000000000000000e+02 -1.179242849700655807e-03 -1.249195396638232277e-03 -1.109290302763079553e-03
2.240000000000000000e+02 -1.167252181723242056e-03 -1.171875521164324543e-03 -1.162628842282159352e-03
2.260000000000000000e+02 -1.122722982971116222e-03 -1.165450103838720991e-03 -1.079995862103511452e-03
2.280000000000000000e+02 -1.096052925464158136e-03 -1.121449261451022347e-03 -1.070656589477294142e-03
2.300000000000000000e+02 -1.093437249213714390e-03 -1.137018650221256668e-03 -1.049855848206171895e-03
2.320000000000000000e+02 -1.172310147279117913e-03 -1.177279732652265504e-03 -1.167340561905970539e-03
2.340000000000000000e+02 -1.141230458737607385e-03 -1.141706573934394729e-03 -1.140754343540820257e-03
2.360000000000000000e+02 -1.109158349105896814e-03 -1.211463590394474274e-03 -1.006853107817319137e-03
2.380000000000000000e+02 -1.117152466977026437e-03 -1.153407731074513817e-03 -1.080897202879539058e-03
2.400000000000000000e+02 -1.195052869764991199e-03 -1.261923235155746302e-03 -1.128182504374236313e-03
2.420000000000000000e+02 -1.211432177494760343e-03 -1.271399502217376290e-03 -1.151464852772144396e-03
2.440000000000000000e+02 -1.165397865698539854e-03 -1.248040810828421505e-03 -1.082754920568658203e-03
2.460000000000000000e+02 -1.158847742316661223e-03 -1.225138551642876526e-03 -1.092556932990445921e-03
2.480000000000000000e+02 -1.107482054429480799e-03 -1.143062971774670309e-03 -1.071901137084291288e-03
2.500000000000000000e+02 -1.134613759361375891e-03 -1.206716834598060622e-03 -1.062510684124691159e-03
2.520000000000000000e+02 -1.126365867090525080e-03 -1.186920959408366500e-03 -1.065810774772683661e-03
2.540000000000000000e+02 -1.120402296463682106e-03 -1.175565248583014359e-03 -1.065239344344350069e-03
2.560000000000000000e+02 -1.087516854399175935e-03 -1.081064859714283991e-03 -1.093968849084067880e-03
2.580000000000000000e+02 -1.062736445433829901e-03 -1.106691668338554346e-03 -1.018781222529105456e-03
2.600000000000000000e+02 -1.063740548239746437e-03 -1.135814056322810312e-03 -9.916670401566825624e-04
2.620000000000000000e+02 -1.089010688156503200e-03 -1.105645578205258564e-03 -1.072375798107747620e-03
2.640000000000000000e+02 -1.105836187434259101e-03 -1.184380547929028389e-03 -1.027291826939489812e-03
2.660000000000000000e+02 -1.100570557114682445e-03 -1.222374850923964567e-03 -9.787662633054005409e-04
2.680000000000000000e+02 -1.124196608700723989e-03 -1.239327101699455418e-03 -1.009066115701992778e-03
2.700000000000000000e+02 -1.059122914001531159e-03 -1.127333322115409977e-03 -9.909125058876523413e-04
2.720000000000000000e+02 -1.055824258604631111e-03 -1.123731090276288824e-03 -9.879174269329733978e-04
2.740000000000000000e+02 -1.013445055941476682e-03 -1.096333334471771143e-03 -9.305567774111822218e-04
2.760000000000000000e+02 -1.028538793219219323e-03 -1.049367955725138838e-03 -1.007709630713300025e-03
2.780000000000000000e+02 -1.012314577711749585e-03 -1.059342718772029535e-03 -9.652864366514697430e-04
2.800000000000000000e+02 -1.011927009883163003e-03 -1.042980039277970842e-03 -9.808739804883549480e-04
2.820000000000000000e+02 -9.858647220210810854e-04 -1.020602757771163971e-03 -9.511266862709982003e-04
2.840000000000000000e+02 -9.199331924634309918e-04 -9.595073062526334557e-04 -8.803590786742286362e-04
2.860000000000000000e+02 -8.526865115484001710e-04 -9.008004392854921999e-04 -8.045725838113081422e-04
2.880000000000000000e+02 -8.850573053017540045e-04 -9.649640009928528396e-04 -8.051506096106552778e-04
2.900000000000000000e+02 -8.384423332921894269e-04 -8.636988369314991306e-04 -8.131858296528797232e-04
2.920000000000000000e+02 -8.345218553634893089e-04 -8.441912261110436208e-04 -8.248524846159349970e-04
2.940000000000000000e+02 -8.580921327666859609e-04 -8.546108611240766728e-04 -8.615734044092952489e-04
2.960000000000000000e+02 -8.103028853893830610e-04 -8.531126494716821098e-04 -7.674931213070841206e-04
2.980000000000000000e+02 -8.016132640578654822e-04 -8.118323897449629357e-04 -7.913941383707679203e-04
3.000000000000000000e+02 -8.220901167515586548e-04 -8.787175303933595456e-04 -7.654627031097578724e-04
3.020000000000000000e+02 -8.009374416740055753e-04 -8.487037525136460368e-04 -7.531711308343650053e-04
3.040000000000000000e+02 -8.000711921154203239e-04 -8.473004167261120011e-04 -7.528419675047286468e-04
3.060000000000000000e+02 -7.983082111289801445e-04 -8.210273178848875733e-04 -7.755891043730727156e-04
3.080000000000000000e+02 -7.845039126650437799e-04 -8.390794818503710803e-04 -7.299283434797164795e-04
3.100000000000000000e+02 -8.363746133585410122e-04 -8.774942870188300742e-04 -7.952549396982518419e-04
3.120000000000000000e+02 -8.001288007187343666e-04 -8.628544998718107491e-04 -7.374031015656580925e-04
3.140000000000000000e+02 -8.511961631545046907e-04 -8.979187445776479551e-04 -8.044735817313613179e-04
3.160000000000000000e+02 -7.558477347609183702e-04 -8.040096924430468637e-04 -7.076857770787897683e-04
3.180000000000000000e+02 -7.678492602736504240e-04 -8.009646237017799307e-04 -7.347338968455209172e-04
3.200000000000000000e+02 -7.454202800845693630e-04 -8.280826122281119070e-04 -6.627579479410267106e-04
3.220000000000000000e+02 -7.420925567136195085e-04 -7.858719988537954089e-04 -6.983131145734436081e-04
3.240000000000000000e+02 -7.082150616061454185e-04 -7.239632010182354711e-04 -6.924669221940552575e-04
3.260000000000000000e+02 -7.218231814154966834e-04 -7.416199558007754425e-04 -7.020264070302180328e-04
3.280000000000000000e+02 -6.534604943751722234e-04 -6.728929133975283155e-04 -6.340280753528161313e-04
3.300000000000000000e+02 -6.643186746568858093e-04 -6.906031440858348717e-04 -6.380342052279368553e-04
3.320000000000000000e+02 -6.848405449775066267e-04 -7.443968970398886923e-04 -6.252841929151245612e-04
3.340000000000000000e+02 -6.845079514185368336e-04 -7.456550048331637244e-04 -6.233608980039098343e-04
3.360000000000000000e+02 -6.681127001272085981e-04 -7.437473732611673150e-04 -5.924780269932498813e-04
3.380000000000000000e+02 -6.496469640817827563e-04 -7.466543991454448019e-04 -5.526395290181206022e-04
3.400000000000000000e+02 -6.447105069069462673e-04 -6.838035221863277870e-04 -6.056174916275646391e-04
3.420000000000000000e+02 -6.068809761282862366e-04 -6.597517907807928230e-04 -5.540101614757795417e-04
3.440000000000000000e+02 -6.242510946312016754e-04 -6.847544470558276702e-04 -5.637477422065757891e-04
3.460000000000000000e+02 -6.483355998060317659e-04 -7.125164088964831399e-04 -5.841547907155803920e-04
3.480000000000000000e+02 -6.348092938450883033e-04 -6.611105602872323177e-04 -6.085080274029442890e-04
3.500000000000000000e+02 -6.036703755025336340e-04 -6.774166521494807058e-04 -5.299240988555865622e-04
3.520000000000000000e+02 -5.633577201456384416e-04 -5.650534986837989389e-04 -5.616619416074780527e-04
3.540000000000000000e+02 -5.598944918787825131e-04 -5.876935259652849150e-04 -5.320954577922802197e-04
3.560000000000000000e+02 -5.575001253266402860e-04 -5.733870215690952147e-04 -5.416132290841853573e-04
3.580000000000000000e+02 -5.621885379514632471e-04 -5.600642474956055899e-04 -5.643128284073209043e-04
3.600000000000000000e+02 -4.959644320626929118e-04 -5.191119736735635938e-04 -4.728168904518221757e-04
3.620000000000000000e+02 -5.297061091610690865e-04 -5.448919485500989656e-04 -5.145202697720390990e-04
3.640000000000000000e+02 -5.441556498625893567e-04 -5.651170140421883821e-04 -5.231942856829903312e-04
3.660000000000000000e+02 -5.030612933265380402e-04 -5.198959228499246609e-04 -4.862266638031514736e-04
3.680000000000000000e+02 -4.965519298737151605e-04 -5.203034733172889632e-04 -4.728003864301414663e-04
3.700000000000000000e+02 -5.001717840905386915e-04 -5.324925385924276795e-04 -4.678510295886497577e-04
3.720000000000000000e+02 -4.666241255882515597e-04 -4.747041646384206814e-04 -4.585440865380824380e-04
3.740000000000000000e+02 -5.010369031726101107e-04 -4.973068860380883702e-04 -5.047669203071317428e-04
3.760000000000000000e+02 -4.705980014144774994e-04 -4.722146215999686435e-04 -4.689813812289863552e-04
3.780000000000000000e+02 -4.327586023362936822e-04 -4.171280474006655407e-04 -4.483891572719218778e-04
3.800000000000000000e+02 -4.544305137824566541e-04 -4.183468795428086978e-04 -4.905141480221046103e-04
3.820000000000000000e+02 -4.408622404415857851e-04 -4.326514121323292829e-04 -4.490730687508422874e-04
3.840000000000000000e+02 -4.094054173018124099e-04 -4.494446946227176505e-04 -3.693661399809071693e-04
3.860000000000000000e+02 -4.200675367764237535e-04 -4.423844016045721736e-04 -3.977506719482753876e-04
3.880000000000000000e+02 -4.082203308834455799e-04 -3.871113314949089297e-04 -4.293293302719822842e-04
3.900000000000000000e+02 -3.875506538442565841e-04 -3.853925946228658919e-04 -3.897087130656472762e-04
3.920000000000000000e+02 -4.005314520669438607e-04 -4.220623289546192531e-04 -3.790005751792684141e-04
3.940000000000000000e+02 -3.758678259987767532e-04 -3.685150318909312796e-04 -3.832206201066221726e-04
3.960000000000000000e+02 -4.149244691138537743e-04 -4.156257331066640580e-04 -4.142232051210434905e-04
3.980000000000000000e+02 -3.460292828950708435e-04 -3.666979134751977487e-04 -3.253606523149439383e-04
4.000000000000000000e+02 -3.689654032998366303e-04 -3.843154318388703090e-04 -3.536153747608029516e-04
4.020000000000000000e+02 -3.606941176906958927e-04 -3.625587135097967312e-04 -3.588295218715950000e-04
4.040000000000000000e+02 -3.644375178294673558e-04 -3.812080113980531419e-04 -3.476670242608815697e-04
4.060000000000000000e+02 -3.480902528489355921e-04 -3.261357653279785837e-04 -3.700447403698925463e-04
4.080000000000000000e+02 -3.889990422036128988e-04 -3.817013328598790607e-04 -3.962967515473467912e-04
4.100000000000000000e+02 -3.843088188935011120e-04 -3.841421554517011764e-04 -3.844754823353010477e-04
4.120000000000000000e+02 -3.927375151552723264e-04 -3.876446542995133095e-04 -3.978303760110313433e-04
4.140000000000000000e+02 -3.366913460926396467e-04 -3.098721502624433204e-04 -3.635105419228360272e-04
4.160000000000000000e+02 -3.396535605633346105e-04 -3.298940260655064253e-04 -3.494130950611627957e-04
4.180000000000000000e+02 -3.193409983194715664e-04 -3.059745198915809930e-04 -3.327074767473621399e-04
4.200000000000000000e+02 -3.610896712792775374e-04 -3.494849430248568828e-04 -3.726943995336981920e-04
4.220000000000000000e+02 -3.548352836315137428e-04 -3.195678985804302095e-04 -3.901026686825972219e-04
4.240000000000000000e+02 -3.752749926069318554e-04 -3.688561362945967908e-04 -3.816938489192669200e-04
4.260000000000000000e+02 -4.032392316721981418e-04 -4.305191091769340161e-04 -3.759593541674622675e-04
4.280000000000000000e+02 -3.966241779175648388e-04 -4.236381240793711794e-04 -3.696102317557585525e-04
4.300000000000000000e+02 -3.908665273532224184e-04 -3.949247546862394475e-04 -3.868083000202053893e-04
4.320000000000000000e+02 -4.117363348065431698e-04 -4.125393066529752179e-04 -4.109333629601111758e-04
4.340000000000000000e+02 -4.315539203999337785e-04 -3.996352346931204792e-04 -4.634726061067470236e-04
4.360000000000000000e+02 -4.663371772763337400e-04 -4.704478918363704638e-04 -4.622264627162970705e-04
4.380000000000000000e+02 -4.346404777782760616e-04 -4.285523435204855618e-04 -4.407286120360665070e-04
4.400000000000000000e+02 -4.893083297774506119e-04 -4.388618259435593939e-04 -5.397548336113418841e-04
4.420000000000000000e+02 -4.618683505930217263e-04 -4.473483574445617154e-04 -4.763883437414817373e-04
4.440000000000000000e+02 -5.168163347395551051e-04 -5.082422474101975845e-04 -5.253904220689125174e-04
4.460000000000000000e+02 -4.796977535257013203e-04 -4.741676493383041569e-04 -4.852278577130984837e-04
4.480000000000000000e+02 -5.386338368800066504e-04 -5.108535517807607541e-04 -5.664141219792524383e-04
4.500000000000000000e+02 -4.915209487687841961e-04 -4.828801555389667819e-04 -5.001617419986016102e-04
4.520000000000000000e+02 -5.567152323608035025e-04 -5.661167542991264951e-04 -5.473137104224806183e-04
4.540000000000000000e+02 -5.361977091541067237e-04 -5.175458659378402108e-04 -5.548495523703731282e-04
4.560000000000000000e+02 -5.889822921452683106e-04 -5.552755961464368338e-04 -6.226889881440996789e-04
4.580000000000000000e+02 -6.061520298286167830e-04 -5.738323344877246587e-04 -6.384717251695089073e-04
4.600000000000000000e+02 -6.221186496366840285e-04 -6.087371434954142639e-04 -6.355001557779537931e-04
4.620000000000000000e+02 -6.010803478398405201e-04 -5.986041896679042970e-04 -6.035565060117767432e-04
4.640000000000000000e+02 -6.203731456301579076e-04 -6.233800482037599785e-04 -6.173662430565557283e-04
4.660000000000000000e+02 -6.687283734895042419e-04 -6.103547304741861485e-04 -7.271020165048223353e-04
4.680000000000000000e+02 -6.686458152463487740e-04 -6.759389892997273762e-04 -6.613526411929701717e-04
4.700000000000000000e+02 -7.242637720262100516e-04 -6.845994155896956146e-04 -7.639281284627244886e-04
4.720000000000000000e+02 -7.002026658958131287e-04 -6.892175900638884819e-04 -7.111877417277377754e-04
4.740000000000000000e+02 -7.677852606465082781e-04 -7.735001520715095637e-04 -7.620703692215069925e-04
4.760000000000000000e+02 -7.701504345602480737e-04 -7.379022503102790386e-04 -8.023986188102172172e-04
4.780000000000000000e+02 -7.910547787198859027e-04 -7.851171422828354682e-04 -7.969924151569363372e-04
4.800000000000000000e+02 -8.067255896386257927e-04 -8.292732496479918950e-04 -7.841779296292596905e-04
4.820000000000000000e+02 -8.522234309954365402e-04 -8.510684142601153239e-04 -8.533784477307577564e-04
4.840000000000000000e+02 -9.283713028286258830e-04 -9.339259456574369603e-04 -9.228166599998148057e-04
4.860000000000000000e+02 -9.041638301915687391e-04 -8.901370820389497901e-04 -9.181905783441876882e-04
4.880000000000000000e+02 -8.522918535059443353e-04 -7.947602167785225826e-04 -9.098234902333661965e-04
4.900000000000000000e+02 -9.155631961815062503e-04 -9.313286760550321987e-04 -8.997977163079804103e-04
4.920000000000000000e+02 -8.789420720198453437e-04 -8.522633477090824691e-04 -9.056207963306083268e-04
4.940000000000000000e+02 -8.975002729865457721e-04 -8.404765714553315628e-04 -9.545239745177599815e-04
4.960000000000000000e+02 -8.823331934479098282e-04 -8.528004870941429272e-04 -9.118658998016767291e-04
4.980000000000000000e+02 -9.199922942613107495e-04 -9.104854592742270963e-04 -9.294991292483942942e-04
5.000000000000000000e+02 -8.916553177921719047e-04 -8.636890275584995945e-04 -9.196216080258442149e-04
5.020000000000000000e+02 -8.930092287648183419e-04 -8.336926480316128813e-04 -9.523258094980238024e-04
5.040000000000000000e+02 -8.878746568149749980e-04 -8.787582458997970436e-04 -8.969910677301529524e-04
5.060000000000000000e+02 -8.997296496248013715e-04 -8.714256115094478955e-04 -9.280336877401548475e-04
5.080000000000000000e+02 -8.597782414383768395e-04 -8.400222943377574567e-04 -8.795341885389962224e-04
5.100000000000000000e+02 -9.552757424547188032e-04 -9.089476435036513086e-04 -1.001603841405786406e-03
5.120000000000000000e+02 -9.046444437250663684e-04 -8.889070117040400593e-04 -9.203818757460926776e-04
5.140000000000000000e+02 -9.116367497054592367e-04 -8.668309651914387834e-04 -9.564425342194796901e-04
5.160000000000000000e+02 -9.587232037860288257e-04 -9.552960193655905211e-04 -9.621503882064671304e-04
5.180000000000000000e+02 -9.942625705997021335e-04 -9.445213330609745573e-04 -1.044003808138429601e-03
5.200000000000000000e+02 -9.746046974610997338e-04 -9.609050070750455898e-04 -9.883043878471538778e-04
5.220000000000000000e+02 -9.742030754954333471e-04 -9.261774700659731584e-04 -1.022228680924893536e-03
5.240000000000000000e+02 -9.366189400172921517e-04 -9.373816483764297377e-04 -9.358562316581545658e-04
5.260000000000000000e+02 -9.255349701650958209e-04 -9.372330338693145692e-04 -9.138369064608771811e-04
5.280000000000000000e+02 -8.855887961942046204e-04 -8.310095059685115122e-04 -9.401680864198978371e-04
5.300000000000000000e+02 -9.286711627952313423e-04 -8.892106147085412091e-04 -9.681317108819215839e-04
5.320000000000000000e+02 -9.983935845565292469e-04 -9.546059939569207561e-04 -1.042181175156137955e-03
5.340000000000000000e+02 -9.592310103080112314e-04 -9.510664607984297726e-04 -9.673955598175926901e-04
5.360000000000000000e+02 -9.873142192858338356e-04 -9.927781777941007725e-04 -9.818502607775668987e-04
5.380000000000000000e+02 -9.783076731135723503e-04 -9.194587045265906634e-04 -1.037156641700554037e-03
5.400000000000000000e+02 -9.696440277826572259e-04 -9.762651837908650461e-04 -9.630228717744495140e-04
5.420000000000000000e+02 -1.019422628027197167e-03 -1.072121612723633648e-03 -9.667236433307606867e-04
5.440000000000000000e+02 -1.014146452560167784e-03 -1.053092264239012229e-03 -9.752006408813231227e-04
5.460000000000000000e+02 -1.003062792275105208e-03 -1.047105436151711316e-03 -9.590201483984989910e-04
5.480000000000000000e+02 -1.030807935779646167e-03 -1.041591933419030351e-03 -1.020023938140261982e-03
5.500000000000000000e+02 -1.073723393893093007e-03 -1.049204746993226802e-03 -1.098242040792958996e-03
5.520000000000000000e+02 -9.885664159524003118e-04 -9.855565695006244555e-04 -9.915762624041759513e-04
5.540000000000000000e+02 -1.033008144860370634e-03 -1.020032796256236871e-03 -1.045983493464504397e-03
5.560000000000000000e+02 -1.000729534913935093e-03 -1.021339787908594069e-03 -9.801192819192761172e-04
5.580000000000000000e+02 -9.998351302635700294e-04 -1.053383938047396887e-03 -9.462863224797431715e-04
5.600000000000000000e+02 -9.603448953419641086e-04 -9.431615811607639132e-04 -9.775282095231643039e-04
5.620000000000000000e+02 -9.647099242745672647e-04 -9.874239164762179093e-04 -9.419959320729166200e-04
5.640000000000000000e+02 -9.572765235771084954e-04 -9.917210452775543708e-04 -9.228320018766626200e-04
5.660000000000000000e+02 -9.450069253565966578e-04 -9.611546845136733708e-04 -9.288591661995198364e-04
5.680000000000000000e+02 -9.187408010193941817e-04 -8.984177240989522266e-04 -9.390638779398362453e-04
5.700000000000000000e+02 -9.405563203410843322e-04 -9.412387969094633891e-04 -9.398738437727051668e-04
5.720000000000000000e+02 -9.221308582102449034e-04 -9.555914893925680212e-04 -8.886702270279217856e-04
5.740000000000000000e+02 -9.067672279474160973e-04 -9.101599488346590744e-04 -9.033745070601730117e-04
5.760000000000000000e+02 -9.369747697017172163e-04 -9.310546279422105519e-04 -9.428949114612237723e-04
5.780000000000000000e+02 -9.154873454902342795e-04 -9.123221721491662573e-04 -9.186525188313023017e-04
5.800000000000000000e+02 -9.228392545971768422e-04 -8.903607182341547474e-04 -9.553177909601989369e-04
5.820000000000000000e+02 -9.224032967144503437e-04 -9.246342224086401404e-04 -9.201723710202604385e-04
5.840000000000000000e+02 -8.967937370961330491e-04 -9.647954146815799353e-04 -8.287920595106861629e-04
5.860000000000000000e+02 -9.094442417358651869e-04 -9.449789673137470782e-04 -8.739095161579834041e-04
5.880000000000000000e+02 -8.673478977206142918e-04 -8.738415909144802004e-04 -8.608542045267483832e-04
5.900000000000000000e+02 -8.689391251442689671e-04 -8.690504975436591679e-04 -8.688277527448787663e-04
5.920000000000000000e+02 -8.907496463915516452e-04 -8.954452565490642491e-04 -8.860540362340390413e-04
5.940000000000000000e+02 -9.022873544419510389e-04 -9.014020574042641088e-04 -9.031726514796379690e-04
5.960000000000000000e+02 -8.339860693356340162e-04 -8.599850454983429000e-04 -8.079870931729251325e-04
5.980000000000000000e+02 -8.536878671720532410e-04 -8.483937878871288234e-04 -8.589819464569776585e-04
6.000000000000000000e+02 -8.223252982421881598e-04 -8.755387129347143348e-04 -7.691118835496620933e-04
6.020000000000000000e+02 -8.235418788753219197e-04 -8.380969487192161229e-04 -8.089868090314277166e-04
6.040000000000000000e+02 -7.882416168264914317e-04 -7.984922788271232126e-04 -7.779909548258596508e-04
6.060000000000000000e+02 -7.754910003881514309e-04 -7.738346055030972514e-04 -7.771473952732057188e-04
6.080000000000000000e+02 -7.667926411276807571e-04 -7.624176602894212722e-04 -7.711676219659402420e-04
6.100000000000000000e+02 -7.636338765102345088e-04 -8.133847986873763303e-04 -7.138829543330926872e-04
6.120000000000000000e+02 -7.830933675919762860e-04 -8.402259492910764101e-04 -7.259607858928761618e-04
6.140000000000000000e+02 -7.245191333955170376e-04 -7.476998599430993665e-04 -7.013384068479347087e-04
6.160000000000000000e+02 -7.306870335789192056e-04 -7.421819817345989573e-04 -7.191920854232393455e-04
6.180000000000000000e+02 -7.223044443269403684e-04 -7.236163494952165725e-04 -7.209925391586641643e-04
6.200000000000000000e+02 -7.072578676431725674e-04 -7.338380925932229144e-04 -6.806776426931222205e-04
6.220000000000000000e+02 -7.068862575124233803e-04 -6.867616599527695499e-04 -7.270108550720773190e-04
6.240000000000000000e+02 -6.977827578627613520e-04 -7.154597399451927868e-04 -6.801057757803299171e-04
6.260000000000000000e+02 -6.808409533653206553e-04 -7.035004552603382408e-04 -6.581814514703030698e-04
6.280000000000000000e+02 -6.471585345367870121e-04 -6.798019307423974929e-04 -6.145151383311765313e-04
6.300000000000000000e+02 -7.033648040564615452e-04 -7.560061525518929236e-04 -6.507234555610301669e-04
6.320000000000000000e+02 -6.109310470442527122e-04 -6.341830959021334257e-04 -5.876789981863718903e-04
6.340000000000000000e+02 -6.399198272519396628e-04 -7.058452641832826469e-04 -5.739943903205966787e-04
6.360000000000000000e+02 -6.064264924723018410e-04 -6.271561292667343851e-04 -5.856968556778692969e-04
6.380000000000000000e+02 -5.766279600574574903e-04 -6.053772248905226958e-04 -5.478786952243921765e-04
6.400000000000000000e+02 -6.363217987503469193e-04 -6.678293239679060963e-04 -6.048142735327878506e-04
6.420000000000000000e+02 -5.679270294924607457e-04 -6.058696447584613386e-04 -5.299844142264602612e-04
6.440000000000000000e+02 -5.402042358433742017e-04 -5.602572689661233394e-04 -5.201512027206251724e-04
6.460000000000000000e+02 -5.356543785285797828e-04 -5.755139933824622708e-04 -4.957947636746974033e-04
6.480000000000000000e+02 -5.139906148981169924e-04 -5.162816582732091073e-04 -5.116995715230248775e-04
6.500000000000000000e+02 -5.105854623251914002e-04 -5.016706705510849944e-04 -5.195002540992979144e-04
6.520000000000000000e+02 -4.608638353722613237e-04 -4.698894079285291991e-04 -4.518382628159933940e-04
6.540000000000000000e+02 -4.735409343847084914e-04 -4.879592440040732889e-04 -4.591226247653436938e-04
6.560000000000000000e+02 -4.438162345285315584e-04 -4.467497312039748927e-04 -4.408827378530882782e-04
6.580000000000000000e+02 -4.494118928211824206e-04 -4.810770653697015158e-04 -4.177467202726633253e-04
6.600000000000000000e+02 -4.150134272828453824e-04 -4.391489653853980230e-04 -3.908778891802927417e-04
6.620000000000000000e+02 -4.650727077837351264e-04 -4.809440772144424358e-04 -4.492013383530277628e-04
6.640000000000000000e+02 -4.635774832530383449e-04 -4.428711096630403221e-04 -4.842838568430363135e-04
6.660000000000000000e+02 -4.688265616224708467e-04 -4.546643417418721827e-04 -4.829887815030694566e-04
6.680000000000000000e+02 -4.652242813279650231e-04 -4.958524410174198170e-04 -4.345961216385102292e-04
6.700000000000000000e+02 -4.521941397255214100e-04 -4.382491036275507523e-04 -4.661391758234920677e-04
6.720000000000000000e+02 -4.344849593790588984e-04 -4.761807996350750989e-04 -3.927891191230426979e-04
6.740000000000000000e+02 -4.525461244015122715e-04 -4.483353796863655824e-04 -4.567568691166590147e-04
6.760000000000000000e+02 -4.236777122814770888e-04 -4.251435041468031397e-04 -4.222119204161510920e-04
6.780000000000000000e+02 -4.462207160336052855e-04 -4.339108285623514039e-04 -4.585306035048591672e-04
6.800000000000000000e+02 -4.485020302449988167e-04 -4.804402431385641336e-04 -4.165638173514334456e-04
6.820000000000000000e+02 -4.207844469924215940e-04 -4.013541424984069339e-04 -4.402147514864363084e-04
6.840000000000000000e+02 -4.583036860429880090e-04 -4.970703375786637629e-04 -4.195370345073122552e-04
6.860000000000000000e+02 -4.679116806200921868e-04 -4.622227340714704191e-04 -4.736006271687140086e-04
6.880000000000000000e+02 -4.260160128635482072e-04 -4.392123093897380812e-04 -4.128197163373582791e-04
6.900000000000000000e+02 -4.527727641623614753e-04 -4.653717439055289336e-04 -4.401737844191939628e-04
6.920000000000000000e+02 -4.730556129870028487e-04 -4.744983750956347380e-04 -4.716128508783709052e-04
6.940000000000000000e+02 -5.059266174842452345e-04 -5.037104243412533116e-04 -5.081428106272372659e-04
6.960000000000000000e+02 -4.718189434905923360e-04 -4.808904717269821684e-04 -4.627474152542025037e-04
6.980000000000000000e+02 -4.749691954810299080e-04 -4.735292444360504876e-04 -4.764091465260093827e-04
7.000000000000000000e+02 -4.458739679043146990e-04 -4.706203363392874660e-04 -4.211275994693419863e-04
7.020000000000000000e+02 -4.360590075560154179e-04 -4.745536161673765698e-04 -3.975643989446542119e-04
7.040000000000000000e+02 -4.839774452800006069e-04 -4.755029406437295630e-04 -4.924519499162717051e-04
7.060000000000000000e+02 -4.470325485204451957e-04 -4.743201035273563100e-04 -4.197449935135341356e-04
7.080000000000000000e+02 -4.618328277537234400e-04 -5.025633969021841120e-04 -4.211022586052627138e-04
7.100000000000000000e+02 -4.566737962913043755e-04 -4.745581619064568072e-04 -4.387894306761519437e-04
7.120000000000000000e+02 -4.731868117104237083e-04 -5.050368196111319416e-04 -4.413368038097154208e-04
7.140000000000000000e+02 -4.632994094850757544e-04 -4.886420786654043381e-04 -4.379567403047471708e-04
7.160000000000000000e+02 -4.971203922235973346e-04 -4.902495236176484823e-04 -5.039912608295461869e-04
7.180000000000000000e+02 -4.902930123279967403e-04 -4.983728816210948858e-04 -4.822131430348985948e-04
7.200000000000000000e+02 -4.416433704777335875e-04 -4.660853745187950800e-04 -4.172013664366721491e-04
7.220000000000000000e+02 -4.701180276850199131e-04 -4.800525769890559981e-04 -4.601834783809838282e-04
7.240000000000000000e+02 -4.634172647990144060e-04 -4.517069380905131080e-04 -4.751275915075157041e-04
7.260000000000000000e+02 -4.928021078619594653e-04 -5.003362290768366980e-04 -4.852679866470821241e-04
7.280000000000000000e+02 -4.790135086150364022e-04 -4.877337864856252838e-04 -4.702932307444475206e-04
7.300000000000000000e+02 -4.390669844348024480e-04 -4.133946472703291654e-04 -4.647393215992757847e-04
7.320000000000000000e+02 -4.683998114316782367e-04 -4.883608606788193045e-04 -4.484387621845371688e-04
7.340000000000000000e+02 -4.920289078969298764e-04 -5.068204320951549607e-04 -4.772373836987047380e-04
7.360000000000000000e+02 -5.005217842402518141e-04 -5.214613234420933940e-04 -4.795822450384101799e-04
7.380000000000000000e+02 -4.376694123554140427e-04 -4.672417302469004051e-04 -4.080970944639277344e-04
7.400000000000000000e+02 -4.439268021017537006e-04 -4.441778236121646066e-04 -4.436757805913428489e-04
7.420000000000000000e+02 -4.745640292537238111e-04 -5.214831334143461882e-04 -4.276449250931014883e-04
7.440000000000000000e+02 -4.633571314518167869e-04 -4.751374570342285926e-04 -4.515768058694049811e-04
7.460000000000000000e+02 -4.532577546957195880e-04 -4.475948175227336431e-04 -4.589206918687055328e-04
7.480000000000000000e+02 -4.618683577406109417e-04 -5.035948668241115164e-04 -4.201418486571103670e-04
7.500000000000000000e+02 -4.119733499857624790e-04 -4.245986660084123633e-04 -3.993480339631125947e-04
7.520000000000000000e+02 -4.690224291939068513e-04 -5.008182890363458437e-04 -4.372265693514678590e-04
7.540000000000000000e+02 -4.284240438084343681e-04 -4.432924039195942478e-04 -4.135556836972744885e-04
7.560000000000000000e+02 -4.260865460784124688e-04 -4.511213921407903997e-04 -4.010517000160345380e-04
7.580000000000000000e+02 -4.773956623914409384e-04 -4.781498327117087561e-04 -4.766414920711731207e-04
7.600000000000000000e+02 -4.632400057558109380e-04 -4.432656276632411844e-04 -4.832143838483806916e-04
7.620000000000000000e+02 -4.591285424991339934e-04 -4.269534153184894958e-04 -4.913036696797784368e-04
7.640000000000000000e+02 -4.415929446046430772e-04 -4.638629920238773762e-04 -4.193228971854087240e-04
7.660000000000000000e+02 -4.685291010108068419e-04 -5.020029141473074212e-04 -4.350552878743062625e-04
7.680000000000000000e+02 -4.421564147707209968e-04 -4.547582907183440773e-04 -4.295545388230979163e-04
7.700000000000000000e+02 -4.621640612623446323e-04 -5.065064066928861740e-04 -4.178217158318030364e-04
7.720000000000000000e+02 -4.614230134474427885e-04 -4.615837640968373451e-04 -4.612622627980482860e-04
7.740000000000000000e+02 -4.223993946198562749e-04 -4.019017087124378837e-04 -4.428970805272747203e-04
7.760000000000000000e+02 -4.447128280427172864e-04 -4.411581916072766286e-04 -4.482674644781579985e-04
7.780000000000000000e+02 -4.293817278199018412e-04 -4.356544377053459807e-04 -4.231090179344576476e-04
7.800000000000000000e+02 -4.306530088545074846e-04 -4.649591867262830138e-04 -3.963468309827319555e-04
7.820000000000000000e+02 -3.772708605560918518e-04 -3.646368128822370506e-04 -3.899049082299467072e-04
7.840000000000000000e+02 -4.323073290141392767e-04 -4.083525152762549422e-04 -4.562621427520236112e-04
7.860000000000000000e+02 -4.182087595400132323e-04 -3.897840415178394123e-04 -4.466334775621870522e-04
7.880000000000000000e+02 -4.485371811381486887e-04 -4.381647350959192496e-04 -4.589096271803780737e-04
7.900000000000000000e+02 -4.252484232705506942e-04 -4.191571071739190707e-04 -4.313397393671822636e-04
7.920000000000000000e+02 -4.210751252192974719e-04 -4.004489659392826873e-04 -4.417012844993122565e-04
7.940000000000000000e+02 -4.081409232555482719e-04 -4.039784189104543804e-04 -4.123034276006421091e-04
7.960000000000000000e+02 -4.396355562117271361e-04 -4.717533214081088893e-04 -4.075177910153453286e-04
7.980000000000000000e+02 -4.152088701388494552e-04 -4.095876240073514809e-04 -4.208301162703473753e-04
8.000000000000000000e+02 -3.867373056377622310e-04 -3.898232131669233740e-04 -3.836513981086010338e-04
8.020000000000000000e+02 -3.960893943248035721e-04 -3.951319769341656799e-04 -3.970468117154415185e-04
8.040000000000000000e+02 -4.014815108250116039e-04 -3.813327835756784778e-04 -4.216302380743447301e-04
8.060000000000000000e+02 -4.145173629106326321e-04 -4.078917294110575567e-04 -4.211429964102077076e-04
8.080000000000000000e+02 -3.745819509829885615e-04 -3.843617885180087559e-04 -3.648021134479684214e-04
8.100000000000000000e+02 -3.581236028711006023e-04 -3.822622272845929139e-04 -3.339849784576082365e-04
8.120000000000000000e+02 -3.541592203284168018e-04 -3.643342386251950823e-04 -3.439842020316384672e-04
8.140000000000000000e+02 -3.848901578186367223e-04 -3.338836974202444817e-04 -4.358966182170289630e-04
8.160000000000000000e+02 -3.734880711789305332e-04 -3.427224179007086697e-04 -4.042537244571524509e-04
8.180000000000000000e+02 -3.694150033018052262e-04 -3.701745831384173520e-04 -3.686554234651931005e-04
8.200000000000000000e+02 -3.895892950839236315e-04 -3.677456370427634267e-04 -4.114329531250837820e-04
8.220000000000000000e+02 -3.708814126917643226e-04 -3.987238652749135388e-04 -3.430389601086151065e-04
8.240000000000000000e+02 -3.989001627836023995e-04 -3.711944201899954662e-04 -4.266059053772093329e-04
8.260000000000000000e+02 -3.891331158315351757e-04 -3.924590905944447109e-04 -3.858071410686255863e-04
8.280000000000000000e+02 -3.701697599534843099e-04 -3.823642173034703571e-04 -3.579753026034982084e-04
8.300000000000000000e+02 -3.590121637004764846e-04 -3.352628112798300614e-04 -3.827615161211229619e-04
8.320000000000000000e+02 -3.689417115899270823e-04 -3.585614710937457981e-04 -3.793219520861084207e-04
8.340000000000000000e+02 -3.388077554652275903e-04 -3.020295739559778424e-04 -3.755859369744772840e-04
8.360000000000000000e+02 -3.401306712940943252e-04 -3.229685092349719819e-04 -3.572928333532167226e-04
8.380000000000000000e+02 -3.117544829723962584e-04 -3.234868168017430491e-04 -3.000221491430494678e-04
8.400000000000000000e+02 -2.996543220951556697e-04 -3.147071270866856922e-04 -2.846015171036255930e-04
8.420000000000000000e+02 -3.097766380210311863e-04 -2.579585339557711717e-04 -3.615947420862912552e-04
8.440000000000000000e+02 -3.304228522682601176e-04 -2.954037819299959217e-04 -3.654419226065243136e-04
8.460000000000000000e+02 -2.792035700872558344e-04 -2.924573842017287356e-04 -2.659497559727829331e-04
8.480000000000000000e+02 -3.075040053222219947e-04 -3.417661134634098039e-04 -2.732418971810341855e-04
8.500000000000000000e+02 -3.417766607771151148e-04 -3.165302456259044698e-04 -3.670230759283258141e-04
8.520000000000000000e+02 -3.017202407709208920e-04 -2.810732634600476799e-04 -3.223672180817940499e-04
8.540000000000000000e+02 -2.971880230708362448e-04 -2.662441580573884198e-04 -3.281318880842840698e-04
8.560000000000000000e+02 -2.754387860312101466e-04 -2.858175570382446369e-04 -2.650600150241756562e-04
8.580000000000000000e+02 -2.864062258730157751e-04 -2.617766389650295639e-04 -3.110358127810019862e-04
8.600000000000000000e+02 -2.801431342284344157e-04 -2.719759489669863013e-04 -2.883103194898825302e-04
8.620000000000000000e+02 -2.674584797849129570e-04 -2.720665154562612858e-04 -2.628504441135646281e-04
8.640000000000000000e+02 -2.645063473755791122e-04 -2.440175976151140978e-04 -2.849950971360440725e-04
8.660000000000000000e+02 -2.788727577226632554e-04 -2.733069260745196564e-04 -2.844385893708069085e-04
8.680000000000000000e+02 -2.590680714787754746e-04 -2.245440260637109465e-04 -2.935921168938400026e-04
8.700000000000000000e+02 -2.435909768458085513e-04 -2.216998085225189074e-04 -2.654821451690981952e-04
8.720000000000000000e+02 -2.610062858464992901e-04 -2.532184882921533343e-04 -2.687940834008453002e-04
8.740000000000000000e+02 -2.644626866549833915e-04 -2.647026062815544889e-04 -2.642227670284122941e-04
8.760000000000000000e+02 -2.703941274529523533e-04 -2.729043765708508650e-04 -2.678838783350537874e-04
8.780000000000000000e+02 -2.344550117683192876e-04 -2.451567730227556248e-04 -2.237532505138829504e-04
8.800000000000000000e+02 -2.607011500031498853e-04 -2.463418080771465567e-04 -2.750604919291531596e-04
8.820000000000000000e+02 -2.776013655447968388e-04 -2.791566601032631424e-04 -2.760460709863304810e-04
8.840000000000000000e+02 -2.714076309273749459e-04 -2.764069273200430018e-04 -2.664083345347068900e-04
8.860000000000000000e+02 -2.529164069399145480e-04 -2.719858918778048779e-04 -2.338469220020242723e-04
8.880000000000000000e+02 -2.149109063461664268e-04 -2.152318132338439810e-04 -2.145899994584888996e-04
8.900000000000000000e+02 -2.801258267121759220e-04 -2.645961900386064594e-04 -2.956554633857453305e-04
8.920000000000000000e+02 -2.427150478089228460e-04 -2.556494416654341430e-04 -2.297806539524115490e-04
8.940000000000000000e+02 -2.863592166098460272e-04 -2.765619418448208677e-04 -2.961564913748711866e-04
8.960000000000000000e+02 -2.449624353581227520e-04 -2.489292024429519976e-04 -2.409956682732935607e-04
8.980000000000000000e+02 -2.721434619125898016e-04 -3.134028134838527679e-04 -2.308841103413268353e-04
9.000000000000000000e+02 -2.524304938832756329e-04 -2.636567331515686681e-04 -2.412042546149826248e-04
9.020000000000000000e+02 -2.973136804095176866e-04 -3.117321833895006912e-04 -2.828951774295347362e-04
9.040000000000000000e+02 -2.445261928496322151e-04 -2.083661561810637994e-04 -2.806862295182006579e-04
9.060000000000000000e+02 -2.486830048755484554e-04 -2.539223576835303222e-04 -2.434436520675665615e-04
9.080000000000000000e+02 -2.303683475965462735e-04 -2.201555616752007706e-04 -2.405811335178917765e-04
9.100000000000000000e+02 -2.630883027986469680e-04 -2.701489690999604384e-04 -2.560276364973334976e-04
9.120000000000000000e+02 -2.703042342047672531e-04 -2.382936867107414837e-04 -3.023147816987930224e-04
9.140000000000000000e+02 -2.329069877970109718e-04 -2.340028062839638568e-04 -2.318111693100580867e-04
9.160000000000000000e+02 -2.585070937587200229e-04 -2.631610203612426771e-04 -2.538531671561973144e-04
9.180000000000000000e+02 -2.192575798517263318e-04 -2.529861774376425073e-04 -1.855289822658101563e-04
9.200000000000000000e+02 -2.723152127028452703e-04 -2.762020253722228462e-04 -2.684284000334676945e-04
9.220000000000000000e+02 -2.608788535786726740e-04 -2.440171906867035878e-04 -2.777405164706418144e-04
9.240000000000000000e+02 -2.551436041225697794e-04 -2.763388160684664336e-04 -2.339483921766731794e-04
9.260000000000000000e+02 -2.757843552150050347e-04 -2.649608850655743347e-04 -2.866078253644357347e-04
9.280000000000000000e+02 -2.745744345657282685e-04 -2.594731270424280919e-04 -2.896757420890284452e-04
9.300000000000000000e+02 -2.819878472102825421e-04 -2.504718596777091139e-04 -3.135038347428560244e-04
9.320000000000000000e+02 -2.636762056566957892e-04 -2.312604906119194493e-04 -2.960919207014721562e-04
9.340000000000000000e+02 -2.213190379799990690e-04 -2.100517625841056158e-04 -2.325863133758925222e-04
9.360000000000000000e+02 -2.433662044869205204e-04 -2.456663908241874818e-04 -2.410660181496535590e-04
9.380000000000000000e+02 -2.322194355883387890e-04 -2.137815703957643854e-04 -2.506573007809131926e-04
9.400000000000000000e+02 -3.000741064111713246e-04 -3.186320779264266586e-04 -2.815161348959159906e-04
9.420000000000000000e+02 -2.745809989027741529e-04 -2.590912360232577719e-04 -2.900707617822905339e-04
9.440000000000000000e+02 -2.786068528580767315e-04 -3.007883059177588652e-04 -2.564253997983946521e-04
9.460000000000000000e+02 -2.733548244918759893e-04 -2.666591665366207934e-04 -2.800504824471311311e-04
9.480000000000000000e+02 -2.726449973397036082e-04 -2.928111589447074652e-04 -2.524788357346997511e-04
9.500000000000000000e+02 -2.700759228806959549e-04 -2.784829449925543495e-04 -2.616689007688375061e-04
9.520000000000000000e+02 -2.648634180200617637e-04 -2.574366084292788485e-04 -2.722902276108446246e-04
9.540000000000000000e+02 -2.438337969821156056e-04 -2.835632790780836360e-04 -2.041043148861475481e-04
9.560000000000000000e+02 -2.732978308219353742e-04 -3.041557817477180637e-04 -2.424398798961526847e-04
9.580000000000000000e+02 -2.917201102482780417e-04 -2.761076015841597026e-04 -3.073326189123963808e-04
9.600000000000000000e+02 -2.823186840112772416e-04 -2.897599741538380556e-04 -2.748773938687164818e-04
9.620000000000000000e+02 -2.816217400431913521e-04 -2.464783486642386557e-04 -3.167651314221439944e-04
9.640000000000000000e+02 -2.721690971467233397e-04 -2.838519449590463993e-04 -2.604862493344003343e-04
9.660000000000000000e+02 -2.654790421339524656e-04 -2.814951793414956888e-04 -2.494629049264091881e-04
9.680000000000000000e+02 -2.857572431234583587e-04 -2.699185753250843531e-04 -3.015959109218323644e-04
9.700000000000000000e+02 -2.713435047986527014e-04 -2.578601924561851042e-04 -2.848268171411203527e-04
9.720000000000000000e+02 -2.408552615005969981e-04 -2.155223045158651885e-04 -2.661882184853288347e-04
9.740000000000000000e+02 -2.598847511065444137e-04 -2.839313628043502722e-04 -2.358381394087385552e-04
9.760000000000000000e+02 -2.491811141395073193e-04 -2.544406851424758855e-04 -2.439215431365388074e-04
9.780000000000000000e+02 -2.484607568976153740e-04 -2.773838951282124620e-04 -2.195376186670182589e-04
9.800000000000000000e+02 -2.033571974334815217e-04 -2.073003097423653529e-04 -1.994140851245976905e-04
9.820000000000000000e+02 -2.905426132875770515e-04 -3.166541456221926162e-04 -2.644310809529614326e-04
9.840000000000000000e+02 -2.756018926586776543e-04 -2.613890864177441636e-04 -2.898146988996110908e-04
9.860000000000000000e+02 -2.520809002109146674e-04 -2.357224340840930019e-04 -2.684393663377363328e-04
9.880000000000000000e+02 -2.716607734714659777e-04 -2.705111004881250087e-04 -2.728104464548070009e-04
9.900000000000000000e+02 -2.487939721443017190e-04 -2.463607749235755505e-04 -2.512271693650278874e-04
9.920000000000000000e+02 -2.646906088824260207e-04 -2.556478131406478738e-04 -2.737334046242041676e-04
9.940000000000000000e+02 -2.462341420962661917e-04 -2.528131696980185023e-04 -2.396551144945138268e-04
9.960000000000000000e+02 -2.403593281698683894e-04 -2.063322052573900395e-04 -2.743864510823467123e-04
9.980000000000000000e+02 -2.566633327042810823e-04 -2.836426586630973364e-04 -2.296840067454648554e-04
1.000000000000000000e+03 -2.617133298101844861e-04 -2.765009008558387636e-04 -2.469257587645301544e-04
