# delays[ps] delta_averaged scan 0
-2.000000000000000000e+01 -1.178641143243386330e-05 -1.178641143243386330e-05
-1.800000000000000000e+01 8.582512620568483143e-05 8.582512620568483143e-05
-1.600000000000000000e+01 6.355898638557055719e-05 6.355898638557055719e-05
-1.400000000000000000e+01 1.145430571017136477e-04 1.145430571017136477e-04
-1.200000000000000000e+01 7.618936209600290610e-05 7.618936209600290610e-05
-1.000000000000000000e+01 8.806533013937245524e-05 8.806533013937245524e-05
-8.000000000000000000e+00 5.204004793564798078e-05 5.204004793564798078e-05
-6.000000000000000000e+00 1.397591682253018812e-05 1.397591682253018812e-05
-4.000000000000000000e+00 1.294821849499283562e-05 1.294821849499283562e-05
-2.000000000000000000e+00 5.803748017527843176e-05 5.803748017527843176e-05
-1.000000000000000000e+00 1.300419404744638336e-04 1.300419404744638336e-04
-9.000000000000000222e-01 -1.628679919874154126e-05 -1.628679919874154126e-05
-8.000000000000000444e-01 8.653990559278624520e-06 8.653990559278624520e-06
-6.999999999999999556e-01 -6.653608345838168972e-06 -6.653608345838168972e-06
-5.999999999999999778e-01 1.032566537031951468e-04 1.032566537031951468e-04
-5.000000000000000000e-01 -2.987005542011034146e-05 -2.987005542011034146e-05
-4.000000000000000222e-01 -3.101988435023272852e-05 -3.101988435023272852e-05
-2.999999999999999889e-01 5.164419311281609140e-05 5.164419311281609140e-05
-2.000000000000000111e-01 4.781778821819238242e-05 4.781778821819238242e-05
-1.000000000000000056e-01 -1.508139934116438201e-04 -1.508139934116438201e-04
0.000000000000000000e+00 -5.368174939963979127e-04 -5.368174939963979127e-04
1.000000000000000056e-01 -1.024675744325189005e-03 -1.024675744325189005e-03
2.000000000000000111e-01 -1.487513072843201075e-03 -1.487513072843201075e-03
2.999999999999999889e-01 -1.767310940669813762e-03 -1.767310940669813762e-03
4.000000000000000222e-01 -2.074346120734588475e-03 -2.074346120734588475e-03
5.000000000000000000e-01 -2.340375459293066694e-03 -2.340375459293066694e-03
5.999999999999999778e-01 -2.231875664497990405e-03 -2.231875664497990405e-03
6.999999999999999556e-01 -2.341325369980988991e-03 -2.341325369980988991e-03
8.000000000000000444e-01 -2.351059965134424164e-03 -2.351059965134424164e-03
9.000000000000000222e-01 -2.445548396769276801e-03 -2.445548396769276801e-03
1.000000000000000000e+00 -2.422062331057709458e-03 -2.422062331057709458e-03
1.100000000000000089e+00 -2.453327119584670663e-03 -2.453327119584670663e-03
1.199999999999999956e+00 -2.557608634041309750e-03 -2.557608634041309750e-03
1.300000000000000044e+00 -2.550135509672643314e-03 -2.550135509672643314e-03
1.399999999999999911e+00 -2.529014553684782486e-03 -2.529014553684782486e-03
1.500000000000000000e+00 -2.606311860168311189e-03 -2.606311860168311189e-03
1.600000000000000089e+00 -2.558655323611695124e-03 -2.558655323611695124e-03
1.699999999999999956e+00 -2.684509229199045881e-03 -2.684509229199045881e-03
1.800000000000000044e+00 -2.659673966519963441e-03 -2.659673966519963441e-03
1.899999999999999911e+00 -2.711198754545178675e-03 -2.711198754545178675e-03
2.000000000000000000e+00 -2.717630802360232033e-03 -2.717630802360232033e-03
3.000000000000000000e+00 -2.647972968587487732e-03 -2.647972968587487732e-03
4.000000000000000000e+00 -2.689640179738332377e-03 -2.689640179738332377e-03
5.000000000000000000e+00 -2.557782658718876518e-03 -2.557782658718876518e-03
6.000000000000000000e+00 -2.346341412303780145e-03 -2.346341412303780145e-03
7.000000000000000000e+00 -2.156784378014021258e-03 -2.156784378014021258e-03
8.000000000000000000e+00 -2.160859858700557492e-03 -2.160859858700557492e-03
9.000000000000000000e+00 -2.004602621721250730e-03 -2.004602621721250730e-03
1.000000000000000000e+01 -1.976820087120392290e-03 -1.976820087120392290e-03
1.100000000000000000e+01 -1.985891529569608696e-03 -1.985891529569608696e-03
1.200000000000000000e+01 -1.920016481008397259e-03 -1.920016481008397259e-03
1.300000000000000000e+01 -1.885075395478023321e-03 -1.885075395478023321e-03
1.400000000000000000e+01 -1.916011513645013041e-03 -1.916011513645013041e-03
1.500000000000000000e+01 -1.982594582342001293e-03 -1.982594582342001293e-03
1.600000000000000000e+01 -1.994707989889094816e-03 -1.994707989889094816e-03
1.700000000000000000e+01 -2.022583303764619901e-03 -2.022583303764619901e-03
1.800000000000000000e+01 -2.075113986974941836e-03 -2.075113986974941836e-03
1.900000000000000000e+01 -2.053000259300876915e-03 -2.053000259300876915e-03
2.000000000000000000e+01 -1.932514778241936149e-03 -1.932514778241936149e-03
2.100000000000000000e+01 -1.970041951232118314e-03 -1.970041951232118314e-03
2.200000000000000000e+01 -1.782080563068840157e-03 -1.782080563068840157e-03
2.300000000000000000e+01 -1.875243766749622523e-03 -1.875243766749622523e-03
2.400000000000000000e+01 -1.968286168645603205e-03 -1.968286168645603205e-03
2.500000000000000000e+01 -1.808623271547878672e-03 -1.808623271547878672e-03
2.600000000000000000e+01 -1.772673768050615295e-03 -1.772673768050615295e-03
2.700000000000000000e+01 -1.766343831513888206e-03 -1.766343831513888206e-03
2.800000000000000000e+01 -1.736539419616766299e-03 -1.736539419616766299e-03
2.900000000000000000e+01 -1.632418278711072297e-03 -1.632418278711072297e-03
3.000000000000000000e+01 -1.662093773186081036e-03 -1.662093773186081036e-03
3.100000000000000000e+01 -1.604651566205304554e-03 -1.604651566205304554e-03
3.200000000000000000e+01 -1.575147169565850125e-03 -1.575147169565850125e-03
3.300000000000000000e+01 -1.599485750999361973e-03 -1.599485750999361973e-03
3.400000000000000000e+01 -1.516012258086188880e-03 -1.516012258086188880e-03
3.500000000000000000e+01 -1.491762361649173491e-03 -1.491762361649173491e-03
3.600000000000000000e+01 -1.547859121985138524e-03 -1.547859121985138524e-03
3.700000000000000000e+01 -1.551164317491773165e-03 -1.551164317491773165e-03
3.800000000000000000e+01 -1.457918840246278692e-03 -1.457918840246278692e-03
3.900000000000000000e+01 -1.496741755765170281e-03 -1.496741755765170281e-03
4.000000000000000000e+01 -1.505462218335768248e-03 -1.505462218335768248e-03
4.100000000000000000e+01 -1.448185260639089358e-03 -1.448185260639089358e-03
4.200000000000000000e+01 -1.492517009322977782e-03 -1.492517009322977782e-03
4.300000000000000000e+01 -1.606949727925886980e-03 -1.606949727925886980e-03
4.400000000000000000e+01 -1.527726069795154983e-03 -1.527726069795154983e-03
4.500000000000000000e+01 -1.459846469162927362e-03 -1.459846469162927362e-03
4.600000000000000000e+01 -1.522202371568632910e-03 -1.522202371568632910e-03
4.700000000000000000e+01 -1.436955242246129149e-03 -1.436955242246129149e-03
4.800000000000000000e+01 -1.512535647813292774e-03 -1.512535647813292774e-03
4.900000000000000000e+01 -1.466301901001664919e-03 -1.466301901001664919e-03
5.000000000000000000e+01 -1.362583750797409596e-03 -1.362583750797409596e-03
5.100000000000000000e+01 -1.448128572400630932e-03 -1.448128572400630932e-03
5.200000000000000000e+01 -1.468619185567802228e-03 -1.468619185567802228e-03
5.300000000000000000e+01 -1.311007563968756562e-03 -1.311007563968756562e-03
5.400000000000000000e+01 -1.422542500940703579e-03 -1.422542500940703579e-03
5.500000000000000000e+01 -1.295912922108679753e-03 -1.295912922108679753e-03
5.600000000000000000e+01 -1.380420258674605214e-03 -1.380420258674605214e-03
5.700000000000000000e+01 -1.314309112779898535e-03 -1.314309112779898535e-03
5.800000000000000000e+01 -1.274093056112714532e-03 -1.274093056112714532e-03
5.900000000000000000e+01 -1.303560418474361332e-03 -1.303560418474361332e-03
6.000000000000000000e+01 -1.263626809558476578e-03 -1.263626809558476578e-03
6.100000000000000000e+01 -1.314289785880586470e-03 -1.314289785880586470e-03
6.200000000000000000e+01 -1.280606957502163383e-03 -1.280606957502163383e-03
6.300000000000000000e+01 -1.273526196484601461e-03 -1.273526196484601461e-03
6.400000000000000000e+01 -1.262653635723397184e-03 -1.262653635723397184e-03
6.500000000000000000e+01 -1.223290031585793801e-03 -1.223290031585793801e-03
6.600000000000000000e+01 -1.273269423104819676e-03 -1.273269423104819676e-03
6.700000000000000000e+01 -1.228679864321021321e-03 -1.228679864321021321e-03
6.800000000000000000e+01 -1.253158058183533171e-03 -1.253158058183533171e-03
6.900000000000000000e+01 -1.140375924627565381e-03 -1.140375924627565381e-03
7.000000000000000000e+01 -1.272648612601704095e-03 -1.272648612601704095e-03
7.100000000000000000e+01 -1.263033679649099364e-03 -1.263033679649099364e-03
7.200000000000000000e+01 -1.218100498474353113e-03 -1.218100498474353113e-03
7.300000000000000000e+01 -1.321138252848263941e-03 -1.321138252848263941e-03
7.400000000000000000e+01 -1.285152795483811760e-03 -1.285152795483811760e-03
7.500000000000000000e+01 -1.363536143964343313e-03 -1.363536143964343313e-03
7.600000000000000000e+01 -1.379776286447737151e-03 -1.379776286447737151e-03
7.700000000000000000e+01 -1.419884832280059270e-03 -1.419884832280059270e-03
7.800000000000000000e+01 -1.401158384112351739e-03 -1.401158384112351739e-03
7.900000000000000000e+01 -1.432173678695351131e-03 -1.432173678695351131e-03
8.000000000000000000e+01 -1.445431376431714852e-03 -1.445431376431714852e-03
8.100000000000000000e+01 -1.406692893101971036e-03 -1.406692893101971036e-03
8.200000000000000000e+01 -1.471592388643863268e-03 -1.471592388643863268e-03
8.300000000000000000e+01 -1.392810054739925234e-03 -1.392810054739925234e-03
8.400000000000000000e+01 -1.398645537966992577e-03 -1.398645537966992577e-03
8.500000000000000000e+01 -1.314623829391440082e-03 -1.314623829391440082e-03
8.600000000000000000e+01 -1.306101247151726652e-03 -1.306101247151726652e-03
8.700000000000000000e+01 -1.302384668576077927e-03 -1.302384668576077927e-03
8.800000000000000000e+01 -1.281027383845363384e-03 -1.281027383845363384e-03
8.900000000000000000e+01 -1.174319641094837647e-03 -1.174319641094837647e-03
9.000000000000000000e+01 -1.311512349902176165e-03 -1.311512349902176165e-03
9.100000000000000000e+01 -1.289939788799488330e-03 -1.289939788799488330e-03
9.200000000000000000e+01 -1.364520730784646698e-03 -1.364520730784646698e-03
9.300000000000000000e+01 -1.443670725407407950e-03 -1.443670725407407950e-03
9.400000000000000000e+01 -1.610681817098250264e-03 -1.610681817098250264e-03
9.500000000000000000e+01 -1.630898682736023732e-03 -1.630898682736023732e-03
9.600000000000000000e+01 -1.758332924053162150e-03 -1.758332924053162150e-03
9.700000000000000000e+01 -1.752919700326424374e-03 -1.752919700326424374e-03
9.800000000000000000e+01 -1.872310238497335673e-03 -1.872310238497335673e-03
9.900000000000000000e+01 -1.838634313962804988e-03 -1.838634313962804988e-03
1.000000000000000000e+02 -1.957835092542578419e-03 -1.957835092542578419e-03
1.010000000000000000e+02 -2.022508919354558312e-03 -2.022508919354558312e-03
1.020000000000000000e+02 -2.055761647857409780e-03 -2.055761647857409780e-03
1.030000000000000000e+02 -1.981641149100143821e-03 -1.981641149100143821e-03
1.040000000000000000e+02 -2.034269006455384412e-03 -2.034269006455384412e-03
1.050000000000000000e+02 -2.019816992883853059e-03 -2.019816992883853059e-03
1.060000000000000000e+02 -2.129143518327273471e-03 -2.129143518327273471e-03
1.070000000000000000e+02 -2.101484191906763301e-03 -2.101484191906763301e-03
1.080000000000000000e+02 -2.161143429523305296e-03 -2.161143429523305296e-03
1.090000000000000000e+02 -2.183672196196799909e-03 -2.183672196196799909e-03
1.100000000000000000e+02 -2.262217786815606119e-03 -2.262217786815606119e-03
1.110000000000000000e+02 -2.099554287840405160e-03 -2.099554287840405160e-03
1.120000000000000000e+02 -2.201607513677812482e-03 -2.201607513677812482e-03
1.130000000000000000e+02 -2.253335619131507754e-03 -2.253335619131507754e-03
1.140000000000000000e+02 -2.277064660355146083e-03 -2.277064660355146083e-03
1.150000000000000000e+02 -2.357675984142359668e-03 -2.357675984142359668e-03
1.160000000000000000e+02 -2.364011016374259651e-03 -2.364011016374259651e-03
1.170000000000000000e+02 -2.399425375662163438e-03 -2.399425375662163438e-03
1.180000000000000000e+02 -2.505741453806721933e-03 -2.505741453806721933e-03
1.190000000000000000e+02 -2.472588305132293520e-03 -2.472588305132293520e-03
1.200000000000000000e+02 -2.490427988412526224e-03 -2.490427988412526224e-03
1.210000000000000000e+02 -2.572949515579691510e-03 -2.572949515579691510e-03
1.220000000000000000e+02 -2.564134731522755596e-03 -2.564134731522755596e-03
1.230000000000000000e+02 -2.702474404329281710e-03 -2.702474404329281710e-03
1.240000000000000000e+02 -2.767793662518545830e-03 -2.767793662518545830e-03
1.250000000000000000e+02 -2.934153502939858271e-03 -2.934153502939858271e-03
1.260000000000000000e+02 -2.989282785962735223e-03 -2.989282785962735223e-03
1.270000000000000000e+02 -3.019239537970942917e-03 -3.019239537970942917e-03
1.280000000000000000e+02 -3.153465521879254049e-03 -3.153465521879254049e-03
1.290000000000000000e+02 -3.208760358270369706e-03 -3.208760358270369706e-03
1.300000000000000000e+02 -3.142722527039629524e-03 -3.142722527039629524e-03
1.310000000000000000e+02 -3.058527575724394060e-03 -3.058527575724394060e-03
1.320000000000000000e+02 -3.148526726365120411e-03 -3.148526726365120411e-03
1.330000000000000000e+02 -3.022506064011980503e-03 -3.022506064011980503e-03
1.340000000000000000e+02 -2.982747264647131469e-03 -2.982747264647131469e-03
1.350000000000000000e+02 -2.894542983460167852e-03 -2.894542983460167852e-03
1.360000000000000000e+02 -2.803265034287058966e-03 -2.803265034287058966e-03
1.370000000000000000e+02 -2.755632904196755276e-03 -2.755632904196755276e-03
1.380000000000000000e+02 -2.816578479595534430e-03 -2.816578479595534430e-03
1.390000000000000000e+02 -2.572460714832709890e-03 -2.572460714832709890e-03
1.400000000000000000e+02 -2.519770086267532783e-03 -2.519770086267532783e-03
1.410000000000000000e+02 -2.662110062032294316e-03 -2.662110062032294316e-03
1.420000000000000000e+02 -2.529966084021452802e-03 -2.529966084021452802e-03
1.430000000000000000e+02 -2.570557987131657889e-03 -2.570557987131657889e-03
1.440000000000000000e+02 -2.533847712769319790e-03 -2.533847712769319790e-03
1.450000000000000000e+02 -2.536850109953749880e-03 -2.536850109953749880e-03
1.460000000000000000e+02 -2.552969454954653362e-03 -2.552969454954653362e-03
1.470000000000000000e+02 -2.602870209779350325e-03 -2.602870209779350325e-03
1.480000000000000000e+02 -2.551977773093022737e-03 -2.551977773093022737e-03
1.490000000000000000e+02 -2.639096065753790930e-03 -2.639096065753790930e-03
1.500000000000000000e+02 -2.515416090809294465e-03 -2.515416090809294465e-03
1.510000000000000000e+02 -2.599473972470607228e-03 -2.599473972470607228e-03
1.520000000000000000e+02 -2.575417211960416217e-03 -2.575417211960416217e-03
1.530000000000000000e+02 -2.632187168647477735e-03 -2.632187168647477735e-03
1.540000000000000000e+02 -2.625348510334835159e-03 -2.625348510334835159e-03
1.550000000000000000e+02 -2.506810169631594736e-03 -2.506810169631594736e-03
1.560000000000000000e+02 -2.587362929046626257e-03 -2.587362929046626257e-03
1.570000000000000000e+02 -2.633811083725766129e-03 -2.633811083725766129e-03
1.580000000000000000e+02 -2.677946987495787457e-03 -2.677946987495787457e-03
1.590000000000000000e+02 -2.689584333952370603e-03 -2.689584333952370603e-03
1.600000000000000000e+02 -2.752991933148092422e-03 -2.752991933148092422e-03
1.610000000000000000e+02 -2.684238802813084489e-03 -2.684238802813084489e-03
1.620000000000000000e+02 -2.768139057088285244e-03 -2.768139057088285244e-03
1.630000000000000000e+02 -2.875789352815326556e-03 -2.875789352815326556e-03
1.640000000000000000e+02 -2.707499162832098429e-03 -2.707499162832098429e-03
1.650000000000000000e+02 -2.697581447312750319e-03 -2.697581447312750319e-03
1.660000000000000000e+02 -2.775668942192451895e-03 -2.775668942192451895e-03
1.670000000000000000e+02 -2.700146154231214228e-03 -2.700146154231214228e-03
1.680000000000000000e+02 -2.721781540314359166e-03 -2.721781540314359166e-03
1.690000000000000000e+02 -2.698635061339264406e-03 -2.698635061339264406e-03
1.700000000000000000e+02 -2.691548723264888723e-03 -2.691548723264888723e-03
1.710000000000000000e+02 -2.713267047275160892e-03 -2.713267047275160892e-03
1.720000000000000000e+02 -2.660422574732673306e-03 -2.660422574732673306e-03
1.730000000000000000e+02 -2.664706332430846931e-03 -2.664706332430846931e-03
1.740000000000000000e+02 -2.597396442853116237e-03 -2.597396442853116237e-03
1.750000000000000000e+02 -2.629401422490915477e-03 -2.629401422490915477e-03
1.760000000000000000e+02 -2.660488941545999936e-03 -2.660488941545999936e-03
1.770000000000000000e+02 -2.543338703128533284e-03 -2.543338703128533284e-03
1.780000000000000000e+02 -2.605788560739207178e-03 -2.605788560739207178e-03
1.790000000000000000e+02 -2.582569427516775290e-03 -2.582569427516775290e-03
1.800000000000000000e+02 -2.594640541758284555e-03 -2.594640541758284555e-03
1.810000000000000000e+02 -2.708087353093088269e-03 -2.708087353093088269e-03
1.820000000000000000e+02 -2.634306528171538511e-03 -2.634306528171538511e-03
1.830000000000000000e+02 -2.617869497851796779e-03 -2.617869497851796779e-03
1.840000000000000000e+02 -2.733403832567965226e-03 -2.733403832567965226e-03
1.850000000000000000e+02 -2.740270568646993588e-03 -2.740270568646993588e-03
1.860000000000000000e+02 -2.764239478771684556e-03 -2.764239478771684556e-03
1.870000000000000000e+02 -2.711814472462074563e-03 -2.711814472462074563e-03
1.880000000000000000e+02 -2.757949872675194685e-03 -2.757949872675194685e-03
1.890000000000000000e+02 -2.793367333925405281e-03 -2.793367333925405281e-03
1.900000000000000000e+02 -2.778293250136606996e-03 -2.778293250136606996e-03
1.910000000000000000e+02 -2.889217225197267432e-03 -2.889217225197267432e-03
1.920000000000000000e+02 -2.830461496470725469e-03 -2.830461496470725469e-03
1.930000000000000000e+02 -2.705074275598065223e-03 -2.705074275598065223e-03
1.940000000000000000e+02 -2.728029839926716157e-03 -2.728029839926716157e-03
1.950000000000000000e+02 -2.748946244015819645e-03 -2.748946244015819645e-03
1.960000000000000000e+02 -2.660502109332994400e-03 -2.660502109332994400e-03
1.970000000000000000e+02 -2.705211871056331131e-03 -2.705211871056331131e-03
1.980000000000000000e+02 -2.667570702067323732e-03 -2.667570702067323732e-03
1.990000000000000000e+02 -2.646580605957475543e-03 -2.646580605957475543e-03
2.000000000000000000e+02 -2.711052384391900508e-03 -2.711052384391900508e-03
2.010000000000000000e+02 -2.582651809267647730e-03 -2.582651809267647730e-03
2.020000000000000000e+02 -2.542559294460248944e-03 -2.542559294460248944e-03
2.030000000000000000e+02 -2.537141841270218988e-03 -2.537141841270218988e-03
2.040000000000000000e+02 -2.722772313615100942e-03 -2.722772313615100942e-03
2.050000000000000000e+02 -2.627988729696043545e-03 -2.627988729696043545e-03
2.060000000000000000e+02 -2.526411051577065643e-03 -2.526411051577065643e-03
2.070000000000000000e+02 -2.567066593267511732e-03 -2.567066593267511732e-03
2.080000000000000000e+02 -2.669818793105820619e-03 -2.669818793105820619e-03
2.090000000000000000e+02 -2.726094280225803586e-03 -2.726094280225803586e-03
2.100000000000000000e+02 -2.689583011961582497e-03 -2.689583011961582497e-03
2.110000000000000000e+02 -2.706530666435933742e-03 -2.706530666435933742e-03
2.120000000000000000e+02 -2.617145912405959354e-03 -2.617145912405959354e-03
2.130000000000000000e+02 -2.603605886496787591e-03 -2.603605886496787591e-03
2.140000000000000000e+02 -2.700364926649276645e-03 -2.700364926649276645e-03
2.150000000000000000e+02 -2.822116664140799595e-03 -2.822116664140799595e-03
2.160000000000000000e+02 -2.824641559307806797e-03 -2.824641559307806797e-03
2.170000000000000000e+02 -2.818796269871810811e-03 -2.818796269871810811e-03
2.180000000000000000e+02 -2.936833509977858359e-03 -2.936833509977858359e-03
2.190000000000000000e+02 -2.989659390332058322e-03 -2.989659390332058322e-03
2.200000000000000000e+02 -2.960276389232571921e-03 -2.960276389232571921e-03
2.210000000000000000e+02 -2.821572435268911681e-03 -2.821572435268911681e-03
2.220000000000000000e+02 -2.960981278974423973e-03 -2.960981278974423973e-03
2.230000000000000000e+02 -2.908610876647829257e-03 -2.908610876647829257e-03
2.240000000000000000e+02 -2.922933012474943776e-03 -2.922933012474943776e-03
2.250000000000000000e+02 -2.945179179108984181e-03 -2.945179179108984181e-03
2.260000000000000000e+02 -2.904059251273109158e-03 -2.904059251273109158e-03
2.270000000000000000e+02 -2.892489500116611142e-03 -2.892489500116611142e-03
2.280000000000000000e+02 -2.927320332837763609e-03 -2.927320332837763609e-03
2.290000000000000000e+02 -2.893977675902706034e-03 -2.893977675902706034e-03
2.300000000000000000e+02 -2.921226156442985594e-03 -2.921226156442985594e-03
2.310000000000000000e+02 -3.076010043958857937e-03 -3.076010043958857937e-03
2.320000000000000000e+02 -2.982848775333890156e-03 -2.982848775333890156e-03
2.330000000000000000e+02 -3.003461736469017086e-03 -3.003461736469017086e-03
2.340000000000000000e+02 -2.925851507271991052e-03 -2.925851507271991052e-03
2.350000000000000000e+02 -3.034449164391853256e-03 -3.034449164391853256e-03
2.360000000000000000e+02 -2.996791792071130424e-03 -2.996791792071130424e-03
2.370000000000000000e+02 -3.123455067450442608e-03 -3.123455067450442608e-03
2.380000000000000000e+02 -3.021398474278559360e-03 -3.021398474278559360e-03
2.390000000000000000e+02 -2.974495570110805530e-03 -2.974495570110805530e-03
2.400000000000000000e+02 -2.983320343270467415e-03 -2.983320343270467415e-03
2.410000000000000000e+02 -3.074322003226362746e-03 -3.074322003226362746e-03
2.420000000000000000e+02 -3.003655244931787999e-03 -3.003655244931787999e-03
2.430000000000000000e+02 -2.981283271097018035e-03 -2.981283271097018035e-03
2.440000000000000000e+02 -2.908401060251445455e-03 -2.908401060251445455e-03
2.450000000000000000e+02 -3.051516520901832730e-03 -3.051516520901832730e-03
2.460000000000000000e+02 -2.912022505478565910e-03 -2.912022505478565910e-03
2.470000000000000000e+02 -3.035001491888407454e-03 -3.035001491888407454e-03
2.480000000000000000e+02 -2.946384579626830282e-03 -2.946384579626830282e-03
2.490000000000000000e+02 -3.012728885740864442e-03 -3.012728885740864442e-03
2.500000000000000000e+02 -2.983813632346272657e-03 -2.983813632346272657e-03
2.510000000000000000e+02 -2.963690082214661455e-03 -2.963690082214661455e-03
2.520000000000000000e+02 -2.851474843815398740e-03 -2.851474843815398740e-03
2.530000000000000000e+02 -2.968812404401045997e-03 -2.968812404401045997e-03
2.540000000000000000e+02 -2.780250957381805079e-03 -2.780250957381805079e-03
2.550000000000000000e+02 -2.777229764308903909e-03 -2.777229764308903909e-03
2.560000000000000000e+02 -2.775137148701364593e-03 -2.775137148701364593e-03
2.570000000000000000e+02 -2.711515852384742496e-03 -2.711515852384742496e-03
2.580000000000000000e+02 -2.778949575067559286e-03 -2.778949575067559286e-03
2.590000000000000000e+02 -2.811009836572637283e-03 -2.811009836572637283e-03
2.600000000000000000e+02 -2.825586544650543139e-03 -2.825586544650543139e-03
2.610000000000000000e+02 -2.798085020297099140e-03 -2.798085020297099140e-03
2.620000000000000000e+02 -2.756395069260511848e-03 -2.756395069260511848e-03
2.630000000000000000e+02 -2.710203263329200463e-03 -2.710203263329200463e-03
2.640000000000000000e+02 -2.712751623961180691e-03 -2.712751623961180691e-03
2.650000000000000000e+02 -2.779454101618211888e-03 -2.779454101618211888e-03
2.660000000000000000e+02 -2.853850556187365484e-03 -2.853850556187365484e-03
2.670000000000000000e+02 -2.734256113614394815e-03 -2.734256113614394815e-03
2.680000000000000000e+02 -2.817040215013258322e-03 -2.817040215013258322e-03
2.690000000000000000e+02 -2.843328984594871781e-03 -2.843328984594871781e-03
2.700000000000000000e+02 -2.746972455473716771e-03 -2.746972455473716771e-03
2.710000000000000000e+02 -2.753481167014137660e-03 -2.753481167014137660e-03
2.720000000000000000e+02 -2.586575066994230721e-03 -2.586575066994230721e-03
2.730000000000000000e+02 -2.549050385581940262e-03 -2.549050385581940262e-03
2.740000000000000000e+02 -2.665025560440187433e-03 -2.665025560440187433e-03
2.750000000000000000e+02 -2.676753039055148903e-03 -2.676753039055148903e-03
2.760000000000000000e+02 -2.637624879074175737e-03 -2.637624879074175737e-03
2.770000000000000000e+02 -2.832904293147458369e-03 -2.832904293147458369e-03
2.780000000000000000e+02 -2.735087392126833369e-03 -2.735087392126833369e-03
2.790000000000000000e+02 -2.608762675677224387e-03 -2.608762675677224387e-03
2.800000000000000000e+02 -2.483492769801275146e-03 -2.483492769801275146e-03
2.810000000000000000e+02 -2.430063261487675798e-03 -2.430063261487675798e-03
2.820000000000000000e+02 -2.399860386634710546e-03 -2.399860386634710546e-03
2.830000000000000000e+02 -2.375194351019117162e-03 -2.375194351019117162e-03
2.840000000000000000e+02 -2.348406392237318945e-03 -2.348406392237318945e-03
2.850000000000000000e+02 -2.308907006590780672e-03 -2.308907006590780672e-03
2.860000000000000000e+02 -2.228929184224856443e-03 -2.228929184224856443e-03
2.870000000000000000e+02 -2.271637612806512527e-03 -2.271637612806512527e-03
2.880000000000000000e+02 -2.288860080353228611e-03 -2.288860080353228611e-03
2.890000000000000000e+02 -2.195327879423359611e-03 -2.195327879423359611e-03
2.900000000000000000e+02 -2.225597261633780344e-03 -2.225597261633780344e-03
2.910000000000000000e+02 -2.111860350949247653e-03 -2.111860350949247653e-03
2.920000000000000000e+02 -2.288364373299981401e-03 -2.288364373299981401e-03
2.930000000000000000e+02 -2.173176871894219771e-03 -2.173176871894219771e-03
2.940000000000000000e+02 -2.089086937715567503e-03 -2.089086937715567503e-03
2.950000000000000000e+02 -2.059648027324293296e-03 -2.059648027324293296e-03
2.960000000000000000e+02 -2.018646277922800901e-03 -2.018646277922800901e-03
2.970000000000000000e+02 -2.086066792969454124e-03 -2.086066792969454124e-03
2.980000000000000000e+02 -2.078356088788516857e-03 -2.078356088788516857e-03
2.990000000000000000e+02 -1.950862494129652598e-03 -1.950862494129652598e-03
3.000000000000000000e+02 -2.044748398908580959e-03 -2.044748398908580959e-03
3.010000000000000000e+02 -1.953612972717317254e-03 -1.953612972717317254e-03
3.020000000000000000e+02 -1.973042286417892813e-03 -1.973042286417892813e-03
3.030000000000000000e+02 -1.969845688482614685e-03 -1.969845688482614685e-03
3.040000000000000000e+02 -1.914964342645531425e-03 -1.914964342645531425e-03
3.050000000000000000e+02 -2.008231650300589498e-03 -2.008231650300589498e-03
3.060000000000000000e+02 -2.032369528789539515e-03 -2.032369528789539515e-03
3.070000000000000000e+02 -1.936935180616791360e-03 -1.936935180616791360e-03
3.080000000000000000e+02 -2.004407404497989074e-03 -2.004407404497989074e-03
3.090000000000000000e+02 -1.994021893907922845e-03 -1.994021893907922845e-03
3.100000000000000000e+02 -2.010769221487726521e-03 -2.010769221487726521e-03
3.110000000000000000e+02 -1.986683994752149948e-03 -1.986683994752149948e-03
3.120000000000000000e+02 -1.975463395522260128e-03 -1.975463395522260128e-03
3.130000000000000000e+02 -1.864179674146098633e-03 -1.864179674146098633e-03
3.140000000000000000e+02 -1.923987140248047383e-03 -1.923987140248047383e-03
3.150000000000000000e+02 -1.923500537415947110e-03 -1.923500537415947110e-03
3.160000000000000000e+02 -1.835643063144204142e-03 -1.835643063144204142e-03
3.170000000000000000e+02 -1.960461443912973369e-03 -1.960461443912973369e-03
3.180000000000000000e+02 -1.956704709026226268e-03 -1.956704709026226268e-03
3.190000000000000000e+02 -1.862701904229790246e-03 -1.862701904229790246e-03
3.200000000000000000e+02 -1.858422735694528500e-03 -1.858422735694528500e-03
3.210000000000000000e+02 -1.786879164495408295e-03 -1.786879164495408295e-03
3.220000000000000000e+02 -1.761774725389488733e-03 -1.761774725389488733e-03
3.230000000000000000e+02 -1.763763707203637020e-03 -1.763763707203637020e-03
3.240000000000000000e+02 -1.806567055840135709e-03 -1.806567055840135709e-03
3.250000000000000000e+02 -1.704421402289517037e-03 -1.704421402289517037e-03
3.260000000000000000e+02 -1.806385928472037730e-03 -1.806385928472037730e-03
3.270000000000000000e+02 -1.731737661700758976e-03 -1.731737661700758976e-03
3.280000000000000000e+02 -1.696759567807539643e-03 -1.696759567807539643e-03
3.290000000000000000e+02 -1.651121689065959642e-03 -1.651121689065959642e-03
3.300000000000000000e+02 -1.667215471794687405e-03 -1.667215471794687405e-03
3.310000000000000000e+02 -1.621642086675478172e-03 -1.621642086675478172e-03
3.320000000000000000e+02 -1.647594035150342761e-03 -1.647594035150342761e-03
3.330000000000000000e+02 -1.691328135901763990e-03 -1.691328135901763990e-03
3.340000000000000000e+02 -1.641315017636033220e-03 -1.641315017636033220e-03
3.350000000000000000e+02 -1.611661533110337469e-03 -1.611661533110337469e-03
3.360000000000000000e+02 -1.575208875760408453e-03 -1.575208875760408453e-03
3.370000000000000000e+02 -1.544763247526788992e-03 -1.544763247526788992e-03
3.380000000000000000e+02 -1.530993564423488440e-03 -1.530993564423488440e-03
3.390000000000000000e+02 -1.604425766399491648e-03 -1.604425766399491648e-03
3.400000000000000000e+02 -1.582015480123942540e-03 -1.582015480123942540e-03
3.410000000000000000e+02 -1.521934935726122198e-03 -1.521934935726122198e-03
3.420000000000000000e+02 -1.508286122565062658e-03 -1.508286122565062658e-03
3.430000000000000000e+02 -1.528293790149520479e-03 -1.528293790149520479e-03
3.440000000000000000e+02 -1.497303871125325045e-03 -1.497303871125325045e-03
3.450000000000000000e+02 -1.474229024910502124e-03 -1.474229024910502124e-03
3.460000000000000000e+02 -1.372743916746239305e-03 -1.372743916746239305e-03
3.470000000000000000e+02 -1.517709781949315309e-03 -1.517709781949315309e-03
3.480000000000000000e+02 -1.441757986508918283e-03 -1.441757986508918283e-03
3.490000000000000000e+02 -1.437445303139172920e-03 -1.437445303139172920e-03
3.500000000000000000e+02 -1.504453916912813901e-03 -1.504453916912813901e-03
3.510000000000000000e+02 -1.423451897405370991e-03 -1.423451897405370991e-03
3.520000000000000000e+02 -1.427278900382040333e-03 -1.427278900382040333e-03
3.530000000000000000e+02 -1.454939442926779600e-03 -1.454939442926779600e-03
3.540000000000000000e+02 -1.440441601329158763e-03 -1.440441601329158763e-03
3.550000000000000000e+02 -1.381705430500015626e-03 -1.381705430500015626e-03
3.560000000000000000e+02 -1.329997117142578487e-03 -1.329997117142578487e-03
3.570000000000000000e+02 -1.275941856184696112e-03 -1.275941856184696112e-03
3.580000000000000000e+02 -1.393647781670900995e-03 -1.393647781670900995e-03
3.590000000000000000e+02 -1.365217767859962629e-03 -1.365217767859962629e-03
3.600000000000000000e+02 -1.278973606665986850e-03 -1.278973606665986850e-03
3.610000000000000000e+02 -1.326138950623645483e-03 -1.326138950623645483e-03
3.620000000000000000e+02 -1.193693277279214357e-03 -1.193693277279214357e-03
3.630000000000000000e+02 -1.210425522483325701e-03 -1.210425522483325701e-03
3.640000000000000000e+02 -1.284420597548167941e-03 -1.284420597548167941e-03
3.650000000000000000e+02 -1.221353952918147060e-03 -1.221353952918147060e-03
3.660000000000000000e+02 -1.273583073591384078e-03 -1.273583073591384078e-03
3.670000000000000000e+02 -1.301496079864840729e-03 -1.301496079864840729e-03
3.680000000000000000e+02 -1.268517699163346831e-03 -1.268517699163346831e-03
3.690000000000000000e+02 -1.212181143652697269e-03 -1.212181143652697269e-03
3.700000000000000000e+02 -1.203716960408282707e-03 -1.203716960408282707e-03
3.710000000000000000e+02 -1.179081127547425972e-03 -1.179081127547425972e-03
3.720000000000000000e+02 -1.129901046686089885e-03 -1.129901046686089885e-03
3.730000000000000000e+02 -1.121078547533600018e-03 -1.121078547533600018e-03
3.740000000000000000e+02 -1.124282777918255739e-03 -1.124282777918255739e-03
3.750000000000000000e+02 -1.096820838474340826e-03 -1.096820838474340826e-03
3.760000000000000000e+02 -1.140295276372139087e-03 -1.140295276372139087e-03
3.770000000000000000e+02 -1.070364878422548974e-03 -1.070364878422548974e-03
3.780000000000000000e+02 -1.068059418219484977e-03 -1.068059418219484977e-03
3.790000000000000000e+02 -1.059599869845514672e-03 -1.059599869845514672e-03
3.800000000000000000e+02 -1.094634648295531119e-03 -1.094634648295531119e-03
3.810000000000000000e+02 -1.089840904710674121e-03 -1.089840904710674121e-03
3.820000000000000000e+02 -1.094171771896274232e-03 -1.094171771896274232e-03
3.830000000000000000e+02 -1.099679615687871020e-03 -1.099679615687871020e-03
3.840000000000000000e+02 -1.113509853280915483e-03 -1.113509853280915483e-03
3.850000000000000000e+02 -1.095488319828462906e-03 -1.095488319828462906e-03
3.860000000000000000e+02 -1.092986337866004272e-03 -1.092986337866004272e-03
3.870000000000000000e+02 -1.092920027392490449e-03 -1.092920027392490449e-03
3.880000000000000000e+02 -1.033584642786051751e-03 -1.033584642786051751e-03
3.890000000000000000e+02 -9.527789055103255125e-04 -9.527789055103255125e-04
3.900000000000000000e+02 -9.247841992420807343e-04 -9.247841992420807343e-04
3.910000000000000000e+02 -9.916688843304101355e-04 -9.916688843304101355e-04
3.920000000000000000e+02 -9.407988837130789109e-04 -9.407988837130789109e-04
3.930000000000000000e+02 -1.037897407269809105e-03 -1.037897407269809105e-03
3.940000000000000000e+02 -9.976895722798380557e-04 -9.976895722798380557e-04
3.950000000000000000e+02 -9.705435060122360536e-04 -9.705435060122360536e-04
3.960000000000000000e+02 -9.002576159053177511e-04 -9.002576159053177511e-04
3.970000000000000000e+02 -9.244767008798316331e-04 -9.244767008798316331e-04
3.980000000000000000e+02 -8.523373213125792942e-04 -8.523373213125792942e-04
3.990000000000000000e+02 -8.720172247876817372e-04 -8.720172247876817372e-04
4.000000000000000000e+02 -8.974555633901860853e-04 -8.974555633901860853e-04
4.010000000000000000e+02 -8.711711239482776512e-04 -8.711711239482776512e-04
4.020000000000000000e+02 -8.523237489334219976e-04 -8.523237489334219976e-04
4.030000000000000000e+02 -8.334328411167414141e-04 -8.334328411167414141e-04
4.040000000000000000e+02 -9.256799152990861966e-04 -9.256799152990861966e-04
4.050000000000000000e+02 -8.476091904400220780e-04 -8.476091904400220780e-04
4.060000000000000000e+02 -8.519842665305864130e-04 -8.519842665305864130e-04
4.070000000000000000e+02 -8.390164625784138786e-04 -8.390164625784138786e-04
4.080000000000000000e+02 -8.674548181970148392e-04 -8.674548181970148392e-04
4.090000000000000000e+02 -8.481446609749792882e-04 -8.481446609749792882e-04
4.100000000000000000e+02 -9.011779318298273516e-04 -9.011779318298273516e-04
4.110000000000000000e+02 -7.848539037497897011e-04 -7.848539037497897011e-04
4.120000000000000000e+02 -8.792649819122591191e-04 -8.792649819122591191e-04
4.130000000000000000e+02 -9.528191571199888261e-04 -9.528191571199888261e-04
4.140000000000000000e+02 -8.576102791342036765e-04 -8.576102791342036765e-04
4.150000000000000000e+02 -9.277035839048399435e-04 -9.277035839048399435e-04
4.160000000000000000e+02 -9.864880037439625968e-04 -9.864880037439625968e-04
4.170000000000000000e+02 -8.829340955032915139e-04 -8.829340955032915139e-04
4.180000000000000000e+02 -9.504941691328211081e-04 -9.504941691328211081e-04
4.190000000000000000e+02 -9.212160113220161164e-04 -9.212160113220161164e-04
4.200000000000000000e+02 -9.343207234150831394e-04 -9.343207234150831394e-04
4.210000000000000000e+02 -9.112819404647495933e-04 -9.112819404647495933e-04
4.220000000000000000e+02 -1.111015734481904252e-03 -1.111015734481904252e-03
4.230000000000000000e+02 -9.781851958798404648e-04 -9.781851958798404648e-04
4.240000000000000000e+02 -9.943449274093711741e-04 -9.943449274093711741e-04
4.250000000000000000e+02 -1.046671331347773758e-03 -1.046671331347773758e-03
4.260000000000000000e+02 -1.103065565063930621e-03 -1.103065565063930621e-03
4.270000000000000000e+02 -9.892780688221742072e-04 -9.892780688221742072e-04
4.280000000000000000e+02 -1.015616785447604527e-03 -1.015616785447604527e-03
4.290000000000000000e+02 -1.042017310204264519e-03 -1.042017310204264519e-03
4.300000000000000000e+02 -1.027586752618483415e-03 -1.027586752618483415e-03
4.310000000000000000e+02 -1.089992773642704284e-03 -1.089992773642704284e-03
4.320000000000000000e+02 -1.079281028999770544e-03 -1.079281028999770544e-03
4.330000000000000000e+02 -1.061196159729933634e-03 -1.061196159729933634e-03
4.340000000000000000e+02 -1.144072986727423394e-03 -1.144072986727423394e-03
4.350000000000000000e+02 -1.091096229768715072e-03 -1.091096229768715072e-03
4.360000000000000000e+02 -1.080276987245951245e-03 -1.080276987245951245e-03
4.370000000000000000e+02 -1.188290580968958971e-03 -1.188290580968958971e-03
4.380000000000000000e+02 -1.240067389745558605e-03 -1.240067389745558605e-03
4.390000000000000000e+02 -1.278891578205666171e-03 -1.278891578205666171e-03
4.400000000000000000e+02 -1.202816414823999151e-03 -1.202816414823999151e-03
4.410000000000000000e+02 -1.164303860217394057e-03 -1.164303860217394057e-03
4.420000000000000000e+02 -1.306257843852944890e-03 -1.306257843852944890e-03
4.430000000000000000e+02 -1.269148891752883883e-03 -1.269148891752883883e-03
4.440000000000000000e+02 -1.307525555086170308e-03 -1.307525555086170308e-03
4.450000000000000000e+02 -1.316258505430747874e-03 -1.316258505430747874e-03
4.460000000000000000e+02 -1.370489616516830118e-03 -1.370489616516830118e-03
4.470000000000000000e+02 -1.334914509835708136e-03 -1.334914509835708136e-03
4.480000000000000000e+02 -1.333213383696636506e-03 -1.333213383696636506e-03
4.490000000000000000e+02 -1.310990635181434518e-03 -1.310990635181434518e-03
4.500000000000000000e+02 -1.390658409080728622e-03 -1.390658409080728622e-03
4.510000000000000000e+02 -1.325383544475756221e-03 -1.325383544475756221e-03
4.520000000000000000e+02 -1.474064481824679520e-03 -1.474064481824679520e-03
4.530000000000000000e+02 -1.419084614662392526e-03 -1.419084614662392526e-03
4.540000000000000000e+02 -1.454938307144838013e-03 -1.454938307144838013e-03
4.550000000000000000e+02 -1.463782079736689317e-03 -1.463782079736689317e-03
4.560000000000000000e+02 -1.455305625409174372e-03 -1.455305625409174372e-03
4.570000000000000000e+02 -1.607627961551733346e-03 -1.607627961551733346e-03
4.580000000000000000e+02 -1.533265828548735065e-03 -1.533265828548735065e-03
4.590000000000000000e+02 -1.510435314227776471e-03 -1.510435314227776471e-03
4.600000000000000000e+02 -1.533077515001185671e-03 -1.533077515001185671e-03
4.610000000000000000e+02 -1.573855387750094708e-03 -1.573855387750094708e-03
4.620000000000000000e+02 -1.723137724511269141e-03 -1.723137724511269141e-03
4.630000000000000000e+02 -1.734078828104078807e-03 -1.734078828104078807e-03
4.640000000000000000e+02 -1.791749639688102001e-03 -1.791749639688102001e-03
4.650000000000000000e+02 -1.766397851378318602e-03 -1.766397851378318602e-03
4.660000000000000000e+02 -1.862594975706813273e-03 -1.862594975706813273e-03
4.670000000000000000e+02 -1.811409374627027469e-03 -1.811409374627027469e-03
4.680000000000000000e+02 -1.852154536109792580e-03 -1.852154536109792580e-03
4.690000000000000000e+02 -1.969674320166240125e-03 -1.969674320166240125e-03
4.700000000000000000e+02 -1.849067425046855163e-03 -1.849067425046855163e-03
4.710000000000000000e+02 -1.969725801323008244e-03 -1.969725801323008244e-03
4.720000000000000000e+02 -2.053187730483079561e-03 -2.053187730483079561e-03
4.730000000000000000e+02 -2.153552907422691658e-03 -2.153552907422691658e-03
4.740000000000000000e+02 -2.166783555234938572e-03 -2.166783555234938572e-03
4.750000000000000000e+02 -2.164523488821768014e-03 -2.164523488821768014e-03
4.760000000000000000e+02 -2.239319579280008108e-03 -2.239319579280008108e-03
4.770000000000000000e+02 -2.262279107082714510e-03 -2.262279107082714510e-03
4.780000000000000000e+02 -2.313137561443641410e-03 -2.313137561443641410e-03
4.790000000000000000e+02 -2.315738054644827636e-03 -2.315738054644827636e-03
4.800000000000000000e+02 -2.340422004844174095e-03 -2.340422004844174095e-03
4.810000000000000000e+02 -2.382252334084342723e-03 -2.382252334084342723e-03
4.820000000000000000e+02 -2.375346901554312509e-03 -2.375346901554312509e-03
4.830000000000000000e+02 -2.502799220702743837e-03 -2.502799220702743837e-03
4.840000000000000000e+02 -2.507304692913595555e-03 -2.507304692913595555e-03
4.850000000000000000e+02 -2.446636267959071461e-03 -2.446636267959071461e-03
4.860000000000000000e+02 -2.567560303301370112e-03 -2.567560303301370112e-03
4.870000000000000000e+02 -2.553045191107152119e-03 -2.553045191107152119e-03
4.880000000000000000e+02 -2.554689709952275532e-03 -2.554689709952275532e-03
4.890000000000000000e+02 -2.661331834888020550e-03 -2.661331834888020550e-03
4.900000000000000000e+02 -2.565486627758721810e-03 -2.565486627758721810e-03
4.910000000000000000e+02 -2.620409697141238160e-03 -2.620409697141238160e-03
4.920000000000000000e+02 -2.659136399451234554e-03 -2.659136399451234554e-03
4.930000000000000000e+02 -2.669952847515781689e-03 -2.669952847515781689e-03
4.940000000000000000e+02 -2.670900235696258441e-03 -2.670900235696258441e-03
4.950000000000000000e+02 -2.711705340690294570e-03 -2.711705340690294570e-03
4.960000000000000000e+02 -2.738379811287278229e-03 -2.738379811287278229e-03
4.970000000000000000e+02 -2.703848672601654075e-03 -2.703848672601654075e-03
4.980000000000000000e+02 -2.710328584382418454e-03 -2.710328584382418454e-03
4.990000000000000000e+02 -2.736756880281267929e-03 -2.736756880281267929e-03
5.000000000000000000e+02 -2.750566094124813708e-03 -2.750566094124813708e-03
