# delays[ps] delta_averaged scan 0
-2.000000000000000000e+01 1.321215885198234687e-04 1.321215885198234687e-04
-1.800000000000000000e+01 1.524104700266464148e-04 1.524104700266464148e-04
-1.600000000000000000e+01 1.297511558864011707e-04 1.297511558864011707e-04
-1.400000000000000000e+01 1.655993050593563816e-04 1.655993050593563816e-04
-1.200000000000000000e+01 6.217501393960212441e-05 6.217501393960212441e-05
-1.000000000000000000e+01 6.150168685575074865e-05 6.150168685575074865e-05
-8.000000000000000000e+00 2.764513389171319077e-05 2.764513389171319077e-05
-6.000000000000000000e+00 2.155094507959065507e-05 2.155094507959065507e-05
-4.000000000000000000e+00 9.608800114071724637e-05 9.608800114071724637e-05
-2.000000000000000000e+00 5.314708595906680736e-05 5.314708595906680736e-05
-1.000000000000000000e+00 7.291052332128333965e-05 7.291052332128333965e-05
-9.000000000000000222e-01 4.813661156818893459e-05 4.813661156818893459e-05
-8.000000000000000444e-01 5.522580261694720903e-05 5.522580261694720903e-05
-6.999999999999999556e-01 8.985527273513550068e-05 8.985527273513550068e-05
-5.999999999999999778e-01 1.633572282390838230e-05 1.633572282390838230e-05
-5.000000000000000000e-01 3.549645668681300714e-05 3.549645668681300714e-05
-4.000000000000000222e-01 -1.237152445025198105e-04 -1.237152445025198105e-04
-2.999999999999999889e-01 -5.001703027072002114e-04 -5.001703027072002114e-04
-2.000000000000000111e-01 -9.270208598865542927e-04 -9.270208598865542927e-04
-1.000000000000000056e-01 -1.222609470689031523e-03 -1.222609470689031523e-03
0.000000000000000000e+00 -1.427062636091605162e-03 -1.427062636091605162e-03
1.000000000000000056e-01 -1.618682886241081800e-03 -1.618682886241081800e-03
2.000000000000000111e-01 -1.666857280550775207e-03 -1.666857280550775207e-03
2.999999999999999889e-01 -1.695023892283266300e-03 -1.695023892283266300e-03
4.000000000000000222e-01 -1.815819218919750150e-03 -1.815819218919750150e-03
5.000000000000000000e-01 -1.875748144469454844e-03 -1.875748144469454844e-03
5.999999999999999778e-01 -1.839815017426817004e-03 -1.839815017426817004e-03
6.999999999999999556e-01 -1.871787330586134179e-03 -1.871787330586134179e-03
8.000000000000000444e-01 -1.859734844652386268e-03 -1.859734844652386268e-03
9.000000000000000222e-01 -1.942671925066136304e-03 -1.942671925066136304e-03
1.000000000000000000e+00 -1.866987637338704672e-03 -1.866987637338704672e-03
1.100000000000000089e+00 -2.093044001339049599e-03 -2.093044001339049599e-03
1.199999999999999956e+00 -1.994386923576561051e-03 -1.994386923576561051e-03
1.300000000000000044e+00 -1.890947888977652803e-03 -1.890947888977652803e-03
1.399999999999999911e+00 -1.889573298478219431e-03 -1.889573298478219431e-03
1.500000000000000000e+00 -1.985613092752554990e-03 -1.985613092752554990e-03
1.600000000000000089e+00 -2.024727280934740786e-03 -2.024727280934740786e-03
1.699999999999999956e+00 -2.051955016547898306e-03 -2.051955016547898306e-03
1.800000000000000044e+00 -2.077888837593916058e-03 -2.077888837593916058e-03
1.899999999999999911e+00 -2.024681681202692308e-03 -2.024681681202692308e-03
2.000000000000000000e+00 -1.908612875503804939e-03 -1.908612875503804939e-03
3.000000000000000000e+00 -1.955923519265808340e-03 -1.955923519265808340e-03
4.000000000000000000e+00 -1.944838354210188473e-03 -1.944838354210188473e-03
5.000000000000000000e+00 -1.952990987076595741e-03 -1.952990987076595741e-03
6.000000000000000000e+00 -1.861217274533834331e-03 -1.861217274533834331e-03
7.000000000000000000e+00 -1.785592519700427349e-03 -1.785592519700427349e-03
8.000000000000000000e+00 -1.658074763961592171e-03 -1.658074763961592171e-03
9.000000000000000000e+00 -1.723591811686774663e-03 -1.723591811686774663e-03
1.000000000000000000e+01 -1.713699510195456363e-03 -1.713699510195456363e-03
1.100000000000000000e+01 -1.569826132864188045e-03 -1.569826132864188045e-03
1.200000000000000000e+01 -1.651195516360787294e-03 -1.651195516360787294e-03
1.300000000000000000e+01 -1.692619461236243017e-03 -1.692619461236243017e-03
1.400000000000000000e+01 -1.756074845350018765e-03 -1.756074845350018765e-03
1.500000000000000000e+01 -1.899485043580571245e-03 -1.899485043580571245e-03
1.600000000000000000e+01 -1.786722142738032251e-03 -1.786722142738032251e-03
1.700000000000000000e+01 -1.838777944035236041e-03 -1.838777944035236041e-03
1.800000000000000000e+01 -1.767861262761241496e-03 -1.767861262761241496e-03
1.900000000000000000e+01 -1.856955647658234312e-03 -1.856955647658234312e-03
2.000000000000000000e+01 -1.871793139306888792e-03 -1.871793139306888792e-03
2.100000000000000000e+01 -1.828163043007414307e-03 -1.828163043007414307e-03
2.200000000000000000e+01 -1.719807251381906890e-03 -1.719807251381906890e-03
2.300000000000000000e+01 -1.836130113872741151e-03 -1.836130113872741151e-03
2.400000000000000000e+01 -1.784778307919866139e-03 -1.784778307919866139e-03
2.500000000000000000e+01 -1.740548267469901661e-03 -1.740548267469901661e-03
2.600000000000000000e+01 -1.698500215389471373e-03 -1.698500215389471373e-03
2.700000000000000000e+01 -1.707972087770921700e-03 -1.707972087770921700e-03
2.800000000000000000e+01 -1.754637511257931687e-03 -1.754637511257931687e-03
2.900000000000000000e+01 -1.677347107733178971e-03 -1.677347107733178971e-03
3.000000000000000000e+01 -1.722049121805917151e-03 -1.722049121805917151e-03
3.100000000000000000e+01 -1.672474978493039815e-03 -1.672474978493039815e-03
3.200000000000000000e+01 -1.715742296674033348e-03 -1.715742296674033348e-03
3.300000000000000000e+01 -1.663767078224441054e-03 -1.663767078224441054e-03
3.400000000000000000e+01 -1.658837569089355530e-03 -1.658837569089355530e-03
3.500000000000000000e+01 -1.597731652865179040e-03 -1.597731652865179040e-03
3.600000000000000000e+01 -1.640725094519908606e-03 -1.640725094519908606e-03
3.700000000000000000e+01 -1.472265874762993757e-03 -1.472265874762993757e-03
3.800000000000000000e+01 -1.562493430968517902e-03 -1.562493430968517902e-03
3.900000000000000000e+01 -1.502838816243830819e-03 -1.502838816243830819e-03
4.000000000000000000e+01 -1.579181323415618536e-03 -1.579181323415618536e-03
4.100000000000000000e+01 -1.408678792508795364e-03 -1.408678792508795364e-03
4.200000000000000000e+01 -1.407190094444260358e-03 -1.407190094444260358e-03
4.300000000000000000e+01 -1.425083839866828159e-03 -1.425083839866828159e-03
4.400000000000000000e+01 -1.288813128469331725e-03 -1.288813128469331725e-03
4.500000000000000000e+01 -1.370068357883128408e-03 -1.370068357883128408e-03
4.600000000000000000e+01 -1.409383623098627763e-03 -1.409383623098627763e-03
4.700000000000000000e+01 -1.459511581961231083e-03 -1.459511581961231083e-03
4.800000000000000000e+01 -1.406588597653265268e-03 -1.406588597653265268e-03
4.900000000000000000e+01 -1.411668350145000705e-03 -1.411668350145000705e-03
5.000000000000000000e+01 -1.296858750999906051e-03 -1.296858750999906051e-03
5.100000000000000000e+01 -1.334066130304079013e-03 -1.334066130304079013e-03
5.200000000000000000e+01 -1.270113019851452744e-03 -1.270113019851452744e-03
5.300000000000000000e+01 -1.268021658223128382e-03 -1.268021658223128382e-03
5.400000000000000000e+01 -1.195340074647392899e-03 -1.195340074647392899e-03
5.500000000000000000e+01 -1.217544457893348329e-03 -1.217544457893348329e-03
5.600000000000000000e+01 -1.219996875194576417e-03 -1.219996875194576417e-03
5.700000000000000000e+01 -1.231961055886069160e-03 -1.231961055886069160e-03
5.800000000000000000e+01 -1.170226762990736252e-03 -1.170226762990736252e-03
5.900000000000000000e+01 -1.236072201555635198e-03 -1.236072201555635198e-03
6.000000000000000000e+01 -1.168782673442294489e-03 -1.168782673442294489e-03
6.100000000000000000e+01 -1.206631006843720795e-03 -1.206631006843720795e-03
6.200000000000000000e+01 -1.133282835321965457e-03 -1.133282835321965457e-03
6.300000000000000000e+01 -1.165427727854253127e-03 -1.165427727854253127e-03
6.400000000000000000e+01 -1.173490422670923341e-03 -1.173490422670923341e-03
6.500000000000000000e+01 -1.183448047929206316e-03 -1.183448047929206316e-03
6.600000000000000000e+01 -1.206432572653202973e-03 -1.206432572653202973e-03
6.700000000000000000e+01 -1.195667390184202089e-03 -1.195667390184202089e-03
6.800000000000000000e+01 -1.209786220439698851e-03 -1.209786220439698851e-03
6.900000000000000000e+01 -1.264706127519715046e-03 -1.264706127519715046e-03
7.000000000000000000e+01 -1.226487524371624093e-03 -1.226487524371624093e-03
7.100000000000000000e+01 -1.199842933704647896e-03 -1.199842933704647896e-03
7.200000000000000000e+01 -1.241792942177551715e-03 -1.241792942177551715e-03
7.300000000000000000e+01 -1.189362706208219088e-03 -1.189362706208219088e-03
7.400000000000000000e+01 -1.187962085462678039e-03 -1.187962085462678039e-03
7.500000000000000000e+01 -1.205546840679882093e-03 -1.205546840679882093e-03
7.600000000000000000e+01 -1.190972570063006126e-03 -1.190972570063006126e-03
7.700000000000000000e+01 -1.242445039328294101e-03 -1.242445039328294101e-03
7.800000000000000000e+01 -1.169458208409733654e-03 -1.169458208409733654e-03
7.900000000000000000e+01 -1.229504975192755728e-03 -1.229504975192755728e-03
8.000000000000000000e+01 -1.226164901493945972e-03 -1.226164901493945972e-03
8.100000000000000000e+01 -1.250138039316692727e-03 -1.250138039316692727e-03
8.200000000000000000e+01 -1.303117413747420560e-03 -1.303117413747420560e-03
8.300000000000000000e+01 -1.193339386135129805e-03 -1.193339386135129805e-03
8.400000000000000000e+01 -1.210253887396878095e-03 -1.210253887396878095e-03
8.500000000000000000e+01 -1.195103917704214581e-03 -1.195103917704214581e-03
8.600000000000000000e+01 -1.251057255811281309e-03 -1.251057255811281309e-03
8.700000000000000000e+01 -1.251700920066476036e-03 -1.251700920066476036e-03
8.800000000000000000e+01 -1.144355130212283125e-03 -1.144355130212283125e-03
8.900000000000000000e+01 -1.163836928718056576e-03 -1.163836928718056576e-03
9.000000000000000000e+01 -1.270144014341702916e-03 -1.270144014341702916e-03
9.100000000000000000e+01 -1.197993643173123979e-03 -1.197993643173123979e-03
9.200000000000000000e+01 -1.271056072728614155e-03 -1.271056072728614155e-03
9.300000000000000000e+01 -1.362052984519798466e-03 -1.362052984519798466e-03
9.400000000000000000e+01 -1.400527678583282382e-03 -1.400527678583282382e-03
9.500000000000000000e+01 -1.531611155057582656e-03 -1.531611155057582656e-03
9.600000000000000000e+01 -1.508237976634178639e-03 -1.508237976634178639e-03
9.700000000000000000e+01 -1.597044126552752590e-03 -1.597044126552752590e-03
9.800000000000000000e+01 -1.584113955463821184e-03 -1.584113955463821184e-03
9.900000000000000000e+01 -1.633019310324266594e-03 -1.633019310324266594e-03
1.000000000000000000e+02 -1.780154979479831381e-03 -1.780154979479831381e-03
1.010000000000000000e+02 -1.783598422066916527e-03 -1.783598422066916527e-03
1.020000000000000000e+02 -1.737257411300855000e-03 -1.737257411300855000e-03
1.030000000000000000e+02 -1.785924018361113776e-03 -1.785924018361113776e-03
1.040000000000000000e+02 -1.777788688055443331e-03 -1.777788688055443331e-03
1.050000000000000000e+02 -1.752122760541631463e-03 -1.752122760541631463e-03
1.060000000000000000e+02 -1.814961979755227604e-03 -1.814961979755227604e-03
1.070000000000000000e+02 -1.873581952478661512e-03 -1.873581952478661512e-03
1.080000000000000000e+02 -1.835169707171852320e-03 -1.835169707171852320e-03
1.090000000000000000e+02 -1.923871392216978471e-03 -1.923871392216978471e-03
1.100000000000000000e+02 -1.915660097893808530e-03 -1.915660097893808530e-03
1.110000000000000000e+02 -2.012341596639179858e-03 -2.012341596639179858e-03
1.120000000000000000e+02 -1.861070488091797924e-03 -1.861070488091797924e-03
1.130000000000000000e+02 -1.960541080124541657e-03 -1.960541080124541657e-03
1.140000000000000000e+02 -2.074555711777575744e-03 -2.074555711777575744e-03
1.150000000000000000e+02 -1.986736968677886832e-03 -1.986736968677886832e-03
1.160000000000000000e+02 -2.077123032154744742e-03 -2.077123032154744742e-03
1.170000000000000000e+02 -2.167660520005428547e-03 -2.167660520005428547e-03
1.180000000000000000e+02 -2.169190040797129657e-03 -2.169190040797129657e-03
1.190000000000000000e+02 -2.320934889551912357e-03 -2.320934889551912357e-03
1.200000000000000000e+02 -2.229671655199056378e-03 -2.229671655199056378e-03
1.210000000000000000e+02 -2.312942370374582255e-03 -2.312942370374582255e-03
1.220000000000000000e+02 -2.287077158412175511e-03 -2.287077158412175511e-03
1.230000000000000000e+02 -2.335187406315043530e-03 -2.335187406315043530e-03
1.240000000000000000e+02 -2.431159519151044647e-03 -2.431159519151044647e-03
1.250000000000000000e+02 -2.591709452395879205e-03 -2.591709452395879205e-03
1.260000000000000000e+02 -2.656294787665805426e-03 -2.656294787665805426e-03
1.270000000000000000e+02 -2.779640433632902044e-03 -2.779640433632902044e-03
1.280000000000000000e+02 -2.731942758528883158e-03 -2.731942758528883158e-03
1.290000000000000000e+02 -2.817151736945641607e-03 -2.817151736945641607e-03
1.300000000000000000e+02 -2.767797844042707914e-03 -2.767797844042707914e-03
1.310000000000000000e+02 -2.754565300320314675e-03 -2.754565300320314675e-03
1.320000000000000000e+02 -2.713525334004736247e-03 -2.713525334004736247e-03
1.330000000000000000e+02 -2.678524920550717087e-03 -2.678524920550717087e-03
1.340000000000000000e+02 -2.707431362224657981e-03 -2.707431362224657981e-03
1.350000000000000000e+02 -2.618984136317582638e-03 -2.618984136317582638e-03
1.360000000000000000e+02 -2.540096891721375059e-03 -2.540096891721375059e-03
1.370000000000000000e+02 -2.441122374727884136e-03 -2.441122374727884136e-03
1.380000000000000000e+02 -2.442420286220863251e-03 -2.442420286220863251e-03
1.390000000000000000e+02 -2.440873086233722074e-03 -2.440873086233722074e-03
1.400000000000000000e+02 -2.460859923571994626e-03 -2.460859923571994626e-03
1.410000000000000000e+02 -2.319242299438261951e-03 -2.319242299438261951e-03
1.420000000000000000e+02 -2.331899119924019190e-03 -2.331899119924019190e-03
1.430000000000000000e+02 -2.368388027160966101e-03 -2.368388027160966101e-03
1.440000000000000000e+02 -2.317817812566424964e-03 -2.317817812566424964e-03
1.450000000000000000e+02 -2.335123108023304424e-03 -2.335123108023304424e-03
1.460000000000000000e+02 -2.310932711070723487e-03 -2.310932711070723487e-03
1.470000000000000000e+02 -2.279855261007360159e-03 -2.279855261007360159e-03
1.480000000000000000e+02 -2.223044595785715442e-03 -2.223044595785715442e-03
1.490000000000000000e+02 -2.253911496908944049e-03 -2.253911496908944049e-03
1.500000000000000000e+02 -2.230123839501072045e-03 -2.230123839501072045e-03
1.510000000000000000e+02 -2.215995406320786162e-03 -2.215995406320786162e-03
1.520000000000000000e+02 -2.251993824667342103e-03 -2.251993824667342103e-03
1.530000000000000000e+02 -2.233914041217064089e-03 -2.233914041217064089e-03
1.540000000000000000e+02 -2.347385014230251535e-03 -2.347385014230251535e-03
1.550000000000000000e+02 -2.311650437346993853e-03 -2.311650437346993853e-03
1.560000000000000000e+02 -2.325498450886778930e-03 -2.325498450886778930e-03
1.570000000000000000e+02 -2.279321916812761077e-03 -2.279321916812761077e-03
1.580000000000000000e+02 -2.400464267423421671e-03 -2.400464267423421671e-03
1.590000000000000000e+02 -2.477278798838807895e-03 -2.477278798838807895e-03
1.600000000000000000e+02 -2.439439494368327802e-03 -2.439439494368327802e-03
1.610000000000000000e+02 -2.435009813167082413e-03 -2.435009813167082413e-03
1.620000000000000000e+02 -2.435395986811062907e-03 -2.435395986811062907e-03
1.630000000000000000e+02 -2.476066179958456414e-03 -2.476066179958456414e-03
1.640000000000000000e+02 -2.409854361924825515e-03 -2.409854361924825515e-03
1.650000000000000000e+02 -2.381410955409175856e-03 -2.381410955409175856e-03
1.660000000000000000e+02 -2.448740384797456083e-03 -2.448740384797456083e-03
1.670000000000000000e+02 -2.465801355280116628e-03 -2.465801355280116628e-03
1.680000000000000000e+02 -2.461899939157507003e-03 -2.461899939157507003e-03
1.690000000000000000e+02 -2.370601873015841434e-03 -2.370601873015841434e-03
1.700000000000000000e+02 -2.421341969724427091e-03 -2.421341969724427091e-03
1.710000000000000000e+02 -2.318339397949348811e-03 -2.318339397949348811e-03
1.720000000000000000e+02 -2.379389948274576901e-03 -2.379389948274576901e-03
1.730000000000000000e+02 -2.382477071658632619e-03 -2.382477071658632619e-03
1.740000000000000000e+02 -2.404723028641197590e-03 -2.404723028641197590e-03
1.750000000000000000e+02 -2.382391606956077608e-03 -2.382391606956077608e-03
1.760000000000000000e+02 -2.325373616516436797e-03 -2.325373616516436797e-03
1.770000000000000000e+02 -2.370780521801919664e-03 -2.370780521801919664e-03
1.780000000000000000e+02 -2.473089178582999013e-03 -2.473089178582999013e-03
1.790000000000000000e+02 -2.378111423542072968e-03 -2.378111423542072968e-03
1.800000000000000000e+02 -2.370394422168875873e-03 -2.370394422168875873e-03
1.810000000000000000e+02 -2.409961245864706159e-03 -2.409961245864706159e-03
1.820000000000000000e+02 -2.412315038850114477e-03 -2.412315038850114477e-03
1.830000000000000000e+02 -2.454359969843579719e-03 -2.454359969843579719e-03
1.840000000000000000e+02 -2.508365589508265801e-03 -2.508365589508265801e-03
1.850000000000000000e+02 -2.442655323056467601e-03 -2.442655323056467601e-03
1.860000000000000000e+02 -2.525216177963345281e-03 -2.525216177963345281e-03
1.870000000000000000e+02 -2.540008536488310223e-03 -2.540008536488310223e-03
1.880000000000000000e+02 -2.601770820240200191e-03 -2.601770820240200191e-03
1.890000000000000000e+02 -2.596651360723475563e-03 -2.596651360723475563e-03
1.900000000000000000e+02 -2.599363441581603682e-03 -2.599363441581603682e-03
1.910000000000000000e+02 -2.697659894119222492e-03 -2.697659894119222492e-03
1.920000000000000000e+02 -2.625130908120158757e-03 -2.625130908120158757e-03
1.930000000000000000e+02 -2.644961533456817709e-03 -2.644961533456817709e-03
1.940000000000000000e+02 -2.633474052861231682e-03 -2.633474052861231682e-03
1.950000000000000000e+02 -2.540215215283520792e-03 -2.540215215283520792e-03
1.960000000000000000e+02 -2.503664995330366367e-03 -2.503664995330366367e-03
1.970000000000000000e+02 -2.478842094440459123e-03 -2.478842094440459123e-03
1.980000000000000000e+02 -2.486893335123777690e-03 -2.486893335123777690e-03
1.990000000000000000e+02 -2.383097381553940606e-03 -2.383097381553940606e-03
2.000000000000000000e+02 -2.392836281791513916e-03 -2.392836281791513916e-03
2.010000000000000000e+02 -2.380202926333695613e-03 -2.380202926333695613e-03
2.020000000000000000e+02 -2.398226974667167551e-03 -2.398226974667167551e-03
2.030000000000000000e+02 -2.338996116794486713e-03 -2.338996116794486713e-03
2.040000000000000000e+02 -2.415446583607066666e-03 -2.415446583607066666e-03
2.050000000000000000e+02 -2.345531858673750684e-03 -2.345531858673750684e-03
2.060000000000000000e+02 -2.401134782737566684e-03 -2.401134782737566684e-03
2.070000000000000000e+02 -2.349891341113486201e-03 -2.349891341113486201e-03
2.080000000000000000e+02 -2.481888945916291712e-03 -2.481888945916291712e-03
2.090000000000000000e+02 -2.487600612963955168e-03 -2.487600612963955168e-03
2.100000000000000000e+02 -2.495999629167783892e-03 -2.495999629167783892e-03
2.110000000000000000e+02 -2.584362146008079095e-03 -2.584362146008079095e-03
2.120000000000000000e+02 -2.654415161551153778e-03 -2.654415161551153778e-03
2.130000000000000000e+02 -2.584768655920357400e-03 -2.584768655920357400e-03
2.140000000000000000e+02 -2.663622672191184697e-03 -2.663622672191184697e-03
2.150000000000000000e+02 -2.673897999081353404e-03 -2.673897999081353404e-03
2.160000000000000000e+02 -2.710166984753820986e-03 -2.710166984753820986e-03
2.170000000000000000e+02 -2.672280473145532704e-03 -2.672280473145532704e-03
2.180000000000000000e+02 -2.741775730342085968e-03 -2.741775730342085968e-03
2.190000000000000000e+02 -2.752477343314026648e-03 -2.752477343314026648e-03
2.200000000000000000e+02 -2.729154428789967203e-03 -2.729154428789967203e-03
2.210000000000000000e+02 -2.774849140796295868e-03 -2.774849140796295868e-03
2.220000000000000000e+02 -2.813832688879407563e-03 -2.813832688879407563e-03
2.230000000000000000e+02 -2.882285947438567326e-03 -2.882285947438567326e-03
2.240000000000000000e+02 -2.841370994807456210e-03 -2.841370994807456210e-03
2.250000000000000000e+02 -2.853441541486471077e-03 -2.853441541486471077e-03
2.260000000000000000e+02 -2.990080157510226211e-03 -2.990080157510226211e-03
2.270000000000000000e+02 -2.890785473356139758e-03 -2.890785473356139758e-03
2.280000000000000000e+02 -2.885534513579938922e-03 -2.885534513579938922e-03
2.290000000000000000e+02 -2.905483570332987372e-03 -2.905483570332987372e-03
2.300000000000000000e+02 -2.871778657353236692e-03 -2.871778657353236692e-03
2.310000000000000000e+02 -2.970627931978006911e-03 -2.970627931978006911e-03
2.320000000000000000e+02 -2.908430053204663808e-03 -2.908430053204663808e-03
2.330000000000000000e+02 -2.929931616248509021e-03 -2.929931616248509021e-03
2.340000000000000000e+02 -2.940548857539889652e-03 -2.940548857539889652e-03
2.350000000000000000e+02 -2.938813212686327940e-03 -2.938813212686327940e-03
2.360000000000000000e+02 -2.938349494366038379e-03 -2.938349494366038379e-03
2.370000000000000000e+02 -2.851877959323679147e-03 -2.851877959323679147e-03
2.380000000000000000e+02 -2.985559840236113368e-03 -2.985559840236113368e-03
2.390000000000000000e+02 -2.967316086879535908e-03 -2.967316086879535908e-03
2.400000000000000000e+02 -2.931416997131891869e-03 -2.931416997131891869e-03
2.410000000000000000e+02 -2.911526500406708910e-03 -2.911526500406708910e-03
2.420000000000000000e+02 -2.911014536431771361e-03 -2.911014536431771361e-03
2.430000000000000000e+02 -2.962417508603315455e-03 -2.962417508603315455e-03
2.440000000000000000e+02 -2.898436368016335616e-03 -2.898436368016335616e-03
2.450000000000000000e+02 -2.847237376631273336e-03 -2.847237376631273336e-03
2.460000000000000000e+02 -2.896038063757351479e-03 -2.896038063757351479e-03
2.470000000000000000e+02 -2.851350166773457349e-03 -2.851350166773457349e-03
2.480000000000000000e+02 -2.841168054095328729e-03 -2.841168054095328729e-03
2.490000000000000000e+02 -2.907688431348612497e-03 -2.907688431348612497e-03
2.500000000000000000e+02 -2.850640443604861383e-03 -2.850640443604861383e-03
2.510000000000000000e+02 -2.894350100293938480e-03 -2.894350100293938480e-03
2.520000000000000000e+02 -2.918531045459435078e-03 -2.918531045459435078e-03
2.530000000000000000e+02 -2.896851163682847424e-03 -2.896851163682847424e-03
2.540000000000000000e+02 -2.842167792318261391e-03 -2.842167792318261391e-03
2.550000000000000000e+02 -2.744868453152228549e-03 -2.744868453152228549e-03
2.560000000000000000e+02 -2.737437536714722262e-03 -2.737437536714722262e-03
2.570000000000000000e+02 -2.802228979493933802e-03 -2.802228979493933802e-03
2.580000000000000000e+02 -2.730681990061862349e-03 -2.730681990061862349e-03
2.590000000000000000e+02 -2.728616818445117782e-03 -2.728616818445117782e-03
2.600000000000000000e+02 -2.754674099968452711e-03 -2.754674099968452711e-03
2.610000000000000000e+02 -2.856488680534673662e-03 -2.856488680534673662e-03
2.620000000000000000e+02 -2.850807925054041087e-03 -2.850807925054041087e-03
2.630000000000000000e+02 -2.836724406938655619e-03 -2.836724406938655619e-03
2.640000000000000000e+02 -2.758777348915806421e-03 -2.758777348915806421e-03
2.650000000000000000e+02 -2.699538078723472644e-03 -2.699538078723472644e-03
2.660000000000000000e+02 -2.761048943396730848e-03 -2.761048943396730848e-03
2.670000000000000000e+02 -2.757874986555442810e-03 -2.757874986555442810e-03
2.680000000000000000e+02 -2.728568012071594818e-03 -2.728568012071594818e-03
2.690000000000000000e+02 -2.792681864379177158e-03 -2.792681864379177158e-03
2.700000000000000000e+02 -2.779861611762354974e-03 -2.779861611762354974e-03
2.710000000000000000e+02 -2.765507501494767970e-03 -2.765507501494767970e-03
2.720000000000000000e+02 -2.773029226010253253e-03 -2.773029226010253253e-03
2.730000000000000000e+02 -2.705475811230516510e-03 -2.705475811230516510e-03
2.740000000000000000e+02 -2.672958690362388368e-03 -2.672958690362388368e-03
2.750000000000000000e+02 -2.688774170447427118e-03 -2.688774170447427118e-03
2.760000000000000000e+02 -2.664853970761528901e-03 -2.664853970761528901e-03
2.770000000000000000e+02 -2.688234281751148737e-03 -2.688234281751148737e-03
2.780000000000000000e+02 -2.549033438160457597e-03 -2.549033438160457597e-03
2.790000000000000000e+02 -2.574590303521732352e-03 -2.574590303521732352e-03
2.800000000000000000e+02 -2.535994181631031578e-03 -2.535994181631031578e-03
2.810000000000000000e+02 -2.529925544641767159e-03 -2.529925544641767159e-03
2.820000000000000000e+02 -2.497810197705825283e-03 -2.497810197705825283e-03
2.830000000000000000e+02 -2.476989472424634322e-03 -2.476989472424634322e-03
2.840000000000000000e+02 -2.375365665850133218e-03 -2.375365665850133218e-03
2.850000000000000000e+02 -2.344635733756917067e-03 -2.344635733756917067e-03
2.860000000000000000e+02 -2.370913538391691139e-03 -2.370913538391691139e-03
2.870000000000000000e+02 -2.351974347361168206e-03 -2.351974347361168206e-03
2.880000000000000000e+02 -2.285284278382515230e-03 -2.285284278382515230e-03
2.890000000000000000e+02 -2.283203995730186814e-03 -2.283203995730186814e-03
2.900000000000000000e+02 -2.177301704428507255e-03 -2.177301704428507255e-03
2.910000000000000000e+02 -2.244735314441796692e-03 -2.244735314441796692e-03
2.920000000000000000e+02 -2.108552307602913276e-03 -2.108552307602913276e-03
2.930000000000000000e+02 -2.128080905798562100e-03 -2.128080905798562100e-03
2.940000000000000000e+02 -2.145470835340400600e-03 -2.145470835340400600e-03
2.950000000000000000e+02 -2.048705755290428348e-03 -2.048705755290428348e-03
2.960000000000000000e+02 -1.958352203456793089e-03 -1.958352203456793089e-03
2.970000000000000000e+02 -2.054161945839546536e-03 -2.054161945839546536e-03
2.980000000000000000e+02 -1.989211654544623641e-03 -1.989211654544623641e-03
2.990000000000000000e+02 -2.037827436237330848e-03 -2.037827436237330848e-03
3.000000000000000000e+02 -2.004187375064283606e-03 -2.004187375064283606e-03
3.010000000000000000e+02 -1.995602208369698632e-03 -1.995602208369698632e-03
3.020000000000000000e+02 -1.952782034025209862e-03 -1.952782034025209862e-03
3.030000000000000000e+02 -2.060829105561699705e-03 -2.060829105561699705e-03
3.040000000000000000e+02 -1.982225119023673082e-03 -1.982225119023673082e-03
3.050000000000000000e+02 -1.986080015165489834e-03 -1.986080015165489834e-03
3.060000000000000000e+02 -1.992137753635578584e-03 -1.992137753635578584e-03
3.070000000000000000e+02 -1.914844142388101925e-03 -1.914844142388101925e-03
3.080000000000000000e+02 -2.002477955441003560e-03 -2.002477955441003560e-03
3.090000000000000000e+02 -1.985422121664397882e-03 -1.985422121664397882e-03
3.100000000000000000e+02 -1.985713974289119062e-03 -1.985713974289119062e-03
3.110000000000000000e+02 -2.030165603753832093e-03 -2.030165603753832093e-03
3.120000000000000000e+02 -1.970245485861542648e-03 -1.970245485861542648e-03
3.130000000000000000e+02 -1.929243993264045422e-03 -1.929243993264045422e-03
3.140000000000000000e+02 -1.880445702823241782e-03 -1.880445702823241782e-03
3.150000000000000000e+02 -1.890276146236935951e-03 -1.890276146236935951e-03
3.160000000000000000e+02 -1.867775663864310216e-03 -1.867775663864310216e-03
3.170000000000000000e+02 -1.949825627206317347e-03 -1.949825627206317347e-03
3.180000000000000000e+02 -1.895892520824588251e-03 -1.895892520824588251e-03
3.190000000000000000e+02 -1.848822489610290644e-03 -1.848822489610290644e-03
3.200000000000000000e+02 -1.915848308508988481e-03 -1.915848308508988481e-03
3.210000000000000000e+02 -1.826168053742674349e-03 -1.826168053742674349e-03
3.220000000000000000e+02 -1.801656369216797114e-03 -1.801656369216797114e-03
3.230000000000000000e+02 -1.826431065136771082e-03 -1.826431065136771082e-03
3.240000000000000000e+02 -1.756532140462399192e-03 -1.756532140462399192e-03
3.250000000000000000e+02 -1.741595238473749941e-03 -1.741595238473749941e-03
3.260000000000000000e+02 -1.843976637767940231e-03 -1.843976637767940231e-03
3.270000000000000000e+02 -1.698539736368439960e-03 -1.698539736368439960e-03
3.280000000000000000e+02 -1.668634273016220745e-03 -1.668634273016220745e-03
3.290000000000000000e+02 -1.687959493955704625e-03 -1.687959493955704625e-03
3.300000000000000000e+02 -1.619167120734166720e-03 -1.619167120734166720e-03
3.310000000000000000e+02 -1.605663338759882788e-03 -1.605663338759882788e-03
3.320000000000000000e+02 -1.570212079615781282e-03 -1.570212079615781282e-03
3.330000000000000000e+02 -1.511974052412712755e-03 -1.511974052412712755e-03
3.340000000000000000e+02 -1.550828302337345452e-03 -1.550828302337345452e-03
3.350000000000000000e+02 -1.515645880296272435e-03 -1.515645880296272435e-03
3.360000000000000000e+02 -1.481977424363632766e-03 -1.481977424363632766e-03
3.370000000000000000e+02 -1.512928336717663490e-03 -1.512928336717663490e-03
3.380000000000000000e+02 -1.573752462293514544e-03 -1.573752462293514544e-03
3.390000000000000000e+02 -1.558920133998404050e-03 -1.558920133998404050e-03
3.400000000000000000e+02 -1.550841837076951876e-03 -1.550841837076951876e-03
3.410000000000000000e+02 -1.534348382644490577e-03 -1.534348382644490577e-03
3.420000000000000000e+02 -1.483380683759412226e-03 -1.483380683759412226e-03
3.430000000000000000e+02 -1.455083342640982021e-03 -1.455083342640982021e-03
3.440000000000000000e+02 -1.492179183977230964e-03 -1.492179183977230964e-03
3.450000000000000000e+02 -1.487205666049810264e-03 -1.487205666049810264e-03
3.460000000000000000e+02 -1.481550297171409106e-03 -1.481550297171409106e-03
3.470000000000000000e+02 -1.433614065257312296e-03 -1.433614065257312296e-03
3.480000000000000000e+02 -1.416207556753986503e-03 -1.416207556753986503e-03
3.490000000000000000e+02 -1.447921060060847805e-03 -1.447921060060847805e-03
3.500000000000000000e+02 -1.423244702348856749e-03 -1.423244702348856749e-03
3.510000000000000000e+02 -1.400703271192518633e-03 -1.400703271192518633e-03
3.520000000000000000e+02 -1.433178967703893593e-03 -1.433178967703893593e-03
3.530000000000000000e+02 -1.403004833759420459e-03 -1.403004833759420459e-03
3.540000000000000000e+02 -1.324492655187571111e-03 -1.324492655187571111e-03
3.550000000000000000e+02 -1.289738025944644996e-03 -1.289738025944644996e-03
3.560000000000000000e+02 -1.381238175236951162e-03 -1.381238175236951162e-03
3.570000000000000000e+02 -1.303029645652122948e-03 -1.303029645652122948e-03
3.580000000000000000e+02 -1.268052257106744947e-03 -1.268052257106744947e-03
3.590000000000000000e+02 -1.293567264036367881e-03 -1.293567264036367881e-03
3.600000000000000000e+02 -1.284591955598816298e-03 -1.284591955598816298e-03
3.610000000000000000e+02 -1.294205460242535584e-03 -1.294205460242535584e-03
3.620000000000000000e+02 -1.281605458762637151e-03 -1.281605458762637151e-03
3.630000000000000000e+02 -1.211637650626065177e-03 -1.211637650626065177e-03
3.640000000000000000e+02 -1.289200401827982024e-03 -1.289200401827982024e-03
3.650000000000000000e+02 -1.245241008843572588e-03 -1.245241008843572588e-03
3.660000000000000000e+02 -1.198514684676307103e-03 -1.198514684676307103e-03
3.670000000000000000e+02 -1.120398185092037063e-03 -1.120398185092037063e-03
3.680000000000000000e+02 -1.132251711659204140e-03 -1.132251711659204140e-03
3.690000000000000000e+02 -1.154624147733631029e-03 -1.154624147733631029e-03
3.700000000000000000e+02 -1.144191049166312212e-03 -1.144191049166312212e-03
3.710000000000000000e+02 -1.155620416067115871e-03 -1.155620416067115871e-03
3.720000000000000000e+02 -1.124741943654633883e-03 -1.124741943654633883e-03
3.730000000000000000e+02 -1.116241157355179255e-03 -1.116241157355179255e-03
3.740000000000000000e+02 -1.117647312651668485e-03 -1.117647312651668485e-03
3.750000000000000000e+02 -1.119428958857953326e-03 -1.119428958857953326e-03
3.760000000000000000e+02 -1.095843902813160809e-03 -1.095843902813160809e-03
3.770000000000000000e+02 -1.066968294548018524e-03 -1.066968294548018524e-03
3.780000000000000000e+02 -1.134364153181376556e-03 -1.134364153181376556e-03
3.790000000000000000e+02 -1.135699553286669298e-03 -1.135699553286669298e-03
3.800000000000000000e+02 -1.052072794803972670e-03 -1.052072794803972670e-03
3.810000000000000000e+02 -1.029929547723703372e-03 -1.029929547723703372e-03
3.820000000000000000e+02 -1.139731960251257796e-03 -1.139731960251257796e-03
3.830000000000000000e+02 -1.075451602972500110e-03 -1.075451602972500110e-03
3.840000000000000000e+02 -1.115137314711191121e-03 -1.115137314711191121e-03
3.850000000000000000e+02 -1.049338659529805472e-03 -1.049338659529805472e-03
3.860000000000000000e+02 -9.882343075829089565e-04 -9.882343075829089565e-04
3.870000000000000000e+02 -1.077031333354054425e-03 -1.077031333354054425e-03
3.880000000000000000e+02 -1.087981964569765007e-03 -1.087981964569765007e-03
3.890000000000000000e+02 -1.021127669476725938e-03 -1.021127669476725938e-03
3.900000000000000000e+02 -1.131455452338969844e-03 -1.131455452338969844e-03
3.910000000000000000e+02 -1.000751224770316319e-03 -1.000751224770316319e-03
3.920000000000000000e+02 -1.033928084927595919e-03 -1.033928084927595919e-03
3.930000000000000000e+02 -9.715276128391091282e-04 -9.715276128391091282e-04
3.940000000000000000e+02 -9.742703950253798735e-04 -9.742703950253798735e-04
3.950000000000000000e+02 -9.412869274186812935e-04 -9.412869274186812935e-04
3.960000000000000000e+02 -9.016771766607002084e-04 -9.016771766607002084e-04
3.970000000000000000e+02 -9.994946234195781903e-04 -9.994946234195781903e-04
3.980000000000000000e+02 -9.058371148910809639e-04 -9.058371148910809639e-04
3.990000000000000000e+02 -9.825871584309606686e-04 -9.825871584309606686e-04
4.000000000000000000e+02 -9.349009585231630873e-04 -9.349009585231630873e-04
4.010000000000000000e+02 -8.522599731757329921e-04 -8.522599731757329921e-04
4.020000000000000000e+02 -8.964900635834027612e-04 -8.964900635834027612e-04
4.030000000000000000e+02 -8.965848818751737635e-04 -8.965848818751737635e-04
4.040000000000000000e+02 -8.178424176808064393e-04 -8.178424176808064393e-04
4.050000000000000000e+02 -8.306534831136819707e-04 -8.306534831136819707e-04
4.060000000000000000e+02 -7.896833459033163064e-04 -7.896833459033163064e-04
4.070000000000000000e+02 -8.598021102290534295e-04 -8.598021102290534295e-04
4.080000000000000000e+02 -8.884792067634351108e-04 -8.884792067634351108e-04
4.090000000000000000e+02 -8.612736618537178467e-04 -8.612736618537178467e-04
4.100000000000000000e+02 -8.325117581799466393e-04 -8.325117581799466393e-04
4.110000000000000000e+02 -8.439139727007939976e-04 -8.439139727007939976e-04
4.120000000000000000e+02 -8.143797831794974407e-04 -8.143797831794974407e-04
4.130000000000000000e+02 -8.316327052581658956e-04 -8.316327052581658956e-04
4.140000000000000000e+02 -8.860747585868727211e-04 -8.860747585868727211e-04
4.150000000000000000e+02 -8.067204040133291133e-04 -8.067204040133291133e-04
4.160000000000000000e+02 -8.859907289471346615e-04 -8.859907289471346615e-04
4.170000000000000000e+02 -8.244661656395483457e-04 -8.244661656395483457e-04
4.180000000000000000e+02 -8.811939196329912367e-04 -8.811939196329912367e-04
4.190000000000000000e+02 -7.958517196622444910e-04 -7.958517196622444910e-04
4.200000000000000000e+02 -7.942402971059197127e-04 -7.942402971059197127e-04
4.210000000000000000e+02 -8.453812606686956967e-04 -8.453812606686956967e-04
4.220000000000000000e+02 -8.715321853327239431e-04 -8.715321853327239431e-04
4.230000000000000000e+02 -8.778625645954432925e-04 -8.778625645954432925e-04
4.240000000000000000e+02 -8.586034663241209116e-04 -8.586034663241209116e-04
4.250000000000000000e+02 -8.364431122177312834e-04 -8.364431122177312834e-04
4.260000000000000000e+02 -8.782047570344757390e-04 -8.782047570344757390e-04
4.270000000000000000e+02 -9.785358522987992400e-04 -9.785358522987992400e-04
4.280000000000000000e+02 -8.886684854931748605e-04 -8.886684854931748605e-04
4.290000000000000000e+02 -8.693259250192348232e-04 -8.693259250192348232e-04
4.300000000000000000e+02 -8.991457975614754791e-04 -8.991457975614754791e-04
4.310000000000000000e+02 -9.963135297940588567e-04 -9.963135297940588567e-04
4.320000000000000000e+02 -9.262864947963776047e-04 -9.262864947963776047e-04
4.330000000000000000e+02 -9.930451179251413487e-04 -9.930451179251413487e-04
4.340000000000000000e+02 -9.867076527612585364e-04 -9.867076527612585364e-04
4.350000000000000000e+02 -1.048080454509713998e-03 -1.048080454509713998e-03
4.360000000000000000e+02 -1.018104960997103219e-03 -1.018104960997103219e-03
4.370000000000000000e+02 -1.009030798684713154e-03 -1.009030798684713154e-03
4.380000000000000000e+02 -1.033694737262026101e-03 -1.033694737262026101e-03
4.390000000000000000e+02 -9.857145279462623932e-04 -9.857145279462623932e-04
4.400000000000000000e+02 -1.076987628403156937e-03 -1.076987628403156937e-03
4.410000000000000000e+02 -1.070627284266454770e-03 -1.070627284266454770e-03
4.420000000000000000e+02 -1.150897457087800887e-03 -1.150897457087800887e-03
4.430000000000000000e+02 -1.156218688868038656e-03 -1.156218688868038656e-03
4.440000000000000000e+02 -1.064999617555773947e-03 -1.064999617555773947e-03
4.450000000000000000e+02 -1.192233924651907783e-03 -1.192233924651907783e-03
4.460000000000000000e+02 -1.196312170345021448e-03 -1.196312170345021448e-03
4.470000000000000000e+02 -1.184940878956817264e-03 -1.184940878956817264e-03
4.480000000000000000e+02 -1.150584322825564309e-03 -1.150584322825564309e-03
4.490000000000000000e+02 -1.178690674165573443e-03 -1.178690674165573443e-03
4.500000000000000000e+02 -1.198265840861282520e-03 -1.198265840861282520e-03
4.510000000000000000e+02 -1.179407141981047083e-03 -1.179407141981047083e-03
4.520000000000000000e+02 -1.182156480166093480e-03 -1.182156480166093480e-03
4.530000000000000000e+02 -1.227815159085604005e-03 -1.227815159085604005e-03
4.540000000000000000e+02 -1.295839560953372964e-03 -1.295839560953372964e-03
4.550000000000000000e+02 -1.278380277388789640e-03 -1.278380277388789640e-03
4.560000000000000000e+02 -1.351174144185866280e-03 -1.351174144185866280e-03
4.570000000000000000e+02 -1.355289183694902795e-03 -1.355289183694902795e-03
4.580000000000000000e+02 -1.332744971508803816e-03 -1.332744971508803816e-03
4.590000000000000000e+02 -1.307590540256068365e-03 -1.307590540256068365e-03
4.600000000000000000e+02 -1.406699782180743973e-03 -1.406699782180743973e-03
4.610000000000000000e+02 -1.413183084075582581e-03 -1.413183084075582581e-03
4.620000000000000000e+02 -1.383313986181290006e-03 -1.383313986181290006e-03
4.630000000000000000e+02 -1.469163231144393882e-03 -1.469163231144393882e-03
4.640000000000000000e+02 -1.504224023172971540e-03 -1.504224023172971540e-03
4.650000000000000000e+02 -1.576444363601411545e-03 -1.576444363601411545e-03
4.660000000000000000e+02 -1.586275455509197256e-03 -1.586275455509197256e-03
4.670000000000000000e+02 -1.569825799459447814e-03 -1.569825799459447814e-03
4.680000000000000000e+02 -1.647546894624081363e-03 -1.647546894624081363e-03
4.690000000000000000e+02 -1.659197122657364142e-03 -1.659197122657364142e-03
4.700000000000000000e+02 -1.798824756751757044e-03 -1.798824756751757044e-03
4.710000000000000000e+02 -1.701532014352161561e-03 -1.701532014352161561e-03
4.720000000000000000e+02 -1.697230333889964814e-03 -1.697230333889964814e-03
4.730000000000000000e+02 -1.778343389288745274e-03 -1.778343389288745274e-03
4.740000000000000000e+02 -1.847458445785361055e-03 -1.847458445785361055e-03
4.750000000000000000e+02 -1.888041308188742129e-03 -1.888041308188742129e-03
4.760000000000000000e+02 -1.930052163236242692e-03 -1.930052163236242692e-03
4.770000000000000000e+02 -2.026045029734979859e-03 -2.026045029734979859e-03
4.780000000000000000e+02 -2.096879679409347202e-03 -2.096879679409347202e-03
4.790000000000000000e+02 -2.174896598369008803e-03 -2.174896598369008803e-03
4.800000000000000000e+02 -2.119016553615383179e-03 -2.119016553615383179e-03
4.810000000000000000e+02 -2.175650957792780744e-03 -2.175650957792780744e-03
4.820000000000000000e+02 -2.233715799637641958e-03 -2.233715799637641958e-03
4.830000000000000000e+02 -2.167946116735087331e-03 -2.167946116735087331e-03
4.840000000000000000e+02 -2.214310500509001581e-03 -2.214310500509001581e-03
4.850000000000000000e+02 -2.275067651558691523e-03 -2.275067651558691523e-03
4.860000000000000000e+02 -2.281945019068338555e-03 -2.281945019068338555e-03
4.870000000000000000e+02 -2.353290981714058639e-03 -2.353290981714058639e-03
4.880000000000000000e+02 -2.358481684646220738e-03 -2.358481684646220738e-03
4.890000000000000000e+02 -2.352349892708434625e-03 -2.352349892708434625e-03
4.900000000000000000e+02 -2.211090319274408317e-03 -2.211090319274408317e-03
4.910000000000000000e+02 -2.419300618653638397e-03 -2.419300618653638397e-03
4.920000000000000000e+02 -2.325073198082714711e-03 -2.325073198082714711e-03
4.930000000000000000e+02 -2.372760043063844391e-03 -2.372760043063844391e-03
4.940000000000000000e+02 -2.364401131517590571e-03 -2.364401131517590571e-03
4.950000000000000000e+02 -2.310899138937517246e-03 -2.310899138937517246e-03
4.960000000000000000e+02 -2.417945181508826535e-03 -2.417945181508826535e-03
4.970000000000000000e+02 -2.537524002365941413e-03 -2.537524002365941413e-03
4.980000000000000000e+02 -2.462761366260588641e-03 -2.462761366260588641e-03
4.990000000000000000e+02 -2.563752773494628028e-03 -2.563752773494628028e-03
5.000000000000000000e+02 -2.516563710653948755e-03 -2.516563710653948755e-03
