# delays[ps] delta_averaged scan 0
-2.000000000000000000e+01 7.862421624007299200e-05 7.862421624007299200e-05
-1.800000000000000000e+01 8.858188469071114925e-05 8.858188469071114925e-05
-1.600000000000000000e+01 9.937310304866942272e-05 9.937310304866942272e-05
-1.400000000000000000e+01 7.840205835663893762e-05 7.840205835663893762e-05
-1.200000000000000000e+01 7.275854180285268812e-05 7.275854180285268812e-05
-1.000000000000000000e+01 3.793558174561284524e-05 3.793558174561284524e-05
-8.000000000000000000e+00 3.353390195566130623e-06 3.353390195566130623e-06
-6.000000000000000000e+00 3.830929152112416420e-05 3.830929152112416420e-05
-4.000000000000000000e+00 2.236905148446943713e-05 2.236905148446943713e-05
-2.000000000000000000e+00 1.052412867267018610e-04 1.052412867267018610e-04
-1.000000000000000000e+00 7.738767801264146280e-06 7.738767801264146280e-06
-9.000000000000000222e-01 3.708015511560536199e-05 3.708015511560536199e-05
-8.000000000000000444e-01 6.392902551889079687e-05 6.392902551889079687e-05
-6.999999999999999556e-01 6.056305860527277772e-05 6.056305860527277772e-05
-5.999999999999999778e-01 5.270908296345977798e-05 5.270908296345977798e-05
-5.000000000000000000e-01 4.757112842472610364e-05 4.757112842472610364e-05
-4.000000000000000222e-01 6.880682779773250634e-05 6.880682779773250634e-05
-2.999999999999999889e-01 5.833094300653585373e-05 5.833094300653585373e-05
-2.000000000000000111e-01 -1.753587330702345310e-04 -1.753587330702345310e-04
-1.000000000000000056e-01 -5.443913444411450659e-04 -5.443913444411450659e-04
0.000000000000000000e+00 -8.090271643602013705e-04 -8.090271643602013705e-04
1.000000000000000056e-01 -1.101707470007526985e-03 -1.101707470007526985e-03
2.000000000000000111e-01 -1.138946668537574964e-03 -1.138946668537574964e-03
2.999999999999999889e-01 -1.317279871749979037e-03 -1.317279871749979037e-03
4.000000000000000222e-01 -1.370103428464763354e-03 -1.370103428464763354e-03
5.000000000000000000e-01 -1.388862853305658160e-03 -1.388862853305658160e-03
5.999999999999999778e-01 -1.441303369450225086e-03 -1.441303369450225086e-03
6.999999999999999556e-01 -1.426628405871570174e-03 -1.426628405871570174e-03
8.000000000000000444e-01 -1.545525504588740216e-03 -1.545525504588740216e-03
9.000000000000000222e-01 -1.523742898968351170e-03 -1.523742898968351170e-03
1.000000000000000000e+00 -1.585193216859486680e-03 -1.585193216859486680e-03
1.100000000000000089e+00 -1.566181400742955353e-03 -1.566181400742955353e-03
1.199999999999999956e+00 -1.653529165642297558e-03 -1.653529165642297558e-03
1.300000000000000044e+00 -1.649773743698973493e-03 -1.649773743698973493e-03
1.399999999999999911e+00 -1.706505222716738802e-03 -1.706505222716738802e-03
1.500000000000000000e+00 -1.695207171217524541e-03 -1.695207171217524541e-03
1.600000000000000089e+00 -1.700260359176668538e-03 -1.700260359176668538e-03
1.699999999999999956e+00 -1.660608622102711625e-03 -1.660608622102711625e-03
1.800000000000000044e+00 -1.660255699410098000e-03 -1.660255699410098000e-03
1.899999999999999911e+00 -1.703702336436768066e-03 -1.703702336436768066e-03
2.000000000000000000e+00 -1.735096101193609255e-03 -1.735096101193609255e-03
3.000000000000000000e+00 -1.815084277885390708e-03 -1.815084277885390708e-03
4.000000000000000000e+00 -1.857031588942804337e-03 -1.857031588942804337e-03
5.000000000000000000e+00 -1.757567839509541338e-03 -1.757567839509541338e-03
6.000000000000000000e+00 -1.738462860431383341e-03 -1.738462860431383341e-03
7.000000000000000000e+00 -1.725635720279318280e-03 -1.725635720279318280e-03
8.000000000000000000e+00 -1.780259788187398126e-03 -1.780259788187398126e-03
9.000000000000000000e+00 -1.788204975806185473e-03 -1.788204975806185473e-03
1.000000000000000000e+01 -1.850839669728928088e-03 -1.850839669728928088e-03
1.100000000000000000e+01 -1.894547017321471195e-03 -1.894547017321471195e-03
1.200000000000000000e+01 -1.850000996570137692e-03 -1.850000996570137692e-03
1.300000000000000000e+01 -1.848608719347941305e-03 -1.848608719347941305e-03
1.400000000000000000e+01 -1.866127874639201970e-03 -1.866127874639201970e-03
1.500000000000000000e+01 -1.965477518390277081e-03 -1.965477518390277081e-03
1.600000000000000000e+01 -1.927229875561747158e-03 -1.927229875561747158e-03
1.700000000000000000e+01 -1.865775277049700745e-03 -1.865775277049700745e-03
1.800000000000000000e+01 -1.785532891102099493e-03 -1.785532891102099493e-03
1.900000000000000000e+01 -1.797901702470109178e-03 -1.797901702470109178e-03
2.000000000000000000e+01 -1.707461520659314669e-03 -1.707461520659314669e-03
2.100000000000000000e+01 -1.753596011003233108e-03 -1.753596011003233108e-03
2.200000000000000000e+01 -1.640532968060868331e-03 -1.640532968060868331e-03
2.300000000000000000e+01 -1.474474857363689516e-03 -1.474474857363689516e-03
2.400000000000000000e+01 -1.503995502665602226e-03 -1.503995502665602226e-03
2.500000000000000000e+01 -1.381374951826441115e-03 -1.381374951826441115e-03
2.600000000000000000e+01 -1.383450155689480016e-03 -1.383450155689480016e-03
2.700000000000000000e+01 -1.421226175837632475e-03 -1.421226175837632475e-03
2.800000000000000000e+01 -1.408652298213100952e-03 -1.408652298213100952e-03
2.900000000000000000e+01 -1.403764526236625726e-03 -1.403764526236625726e-03
3.000000000000000000e+01 -1.344019269338708571e-03 -1.344019269338708571e-03
3.100000000000000000e+01 -1.376816454775021351e-03 -1.376816454775021351e-03
3.200000000000000000e+01 -1.284404729146618575e-03 -1.284404729146618575e-03
3.300000000000000000e+01 -1.280172439493983084e-03 -1.280172439493983084e-03
3.400000000000000000e+01 -1.385186697035850319e-03 -1.385186697035850319e-03
3.500000000000000000e+01 -1.315913472770146751e-03 -1.315913472770146751e-03
3.600000000000000000e+01 -1.315433438945234510e-03 -1.315433438945234510e-03
3.700000000000000000e+01 -1.325210245359126739e-03 -1.325210245359126739e-03
3.800000000000000000e+01 -1.359085133004013513e-03 -1.359085133004013513e-03
3.900000000000000000e+01 -1.353668460501095518e-03 -1.353668460501095518e-03
4.000000000000000000e+01 -1.379223886030564623e-03 -1.379223886030564623e-03
4.100000000000000000e+01 -1.447935745266465749e-03 -1.447935745266465749e-03
4.200000000000000000e+01 -1.410502102011495281e-03 -1.410502102011495281e-03
4.300000000000000000e+01 -1.486151829447670278e-03 -1.486151829447670278e-03
4.400000000000000000e+01 -1.518035293758082573e-03 -1.518035293758082573e-03
4.500000000000000000e+01 -1.426482719850599235e-03 -1.426482719850599235e-03
4.600000000000000000e+01 -1.413576360442845648e-03 -1.413576360442845648e-03
4.700000000000000000e+01 -1.505634474090236955e-03 -1.505634474090236955e-03
4.800000000000000000e+01 -1.537443639347891352e-03 -1.537443639347891352e-03
4.900000000000000000e+01 -1.497313125241219855e-03 -1.497313125241219855e-03
5.000000000000000000e+01 -1.441523582369724169e-03 -1.441523582369724169e-03
5.100000000000000000e+01 -1.503311341864017577e-03 -1.503311341864017577e-03
5.200000000000000000e+01 -1.539597339619597606e-03 -1.539597339619597606e-03
5.300000000000000000e+01 -1.445536541883380918e-03 -1.445536541883380918e-03
5.400000000000000000e+01 -1.411449360444101382e-03 -1.411449360444101382e-03
5.500000000000000000e+01 -1.366527040835833389e-03 -1.366527040835833389e-03
5.600000000000000000e+01 -1.409059885088322561e-03 -1.409059885088322561e-03
5.700000000000000000e+01 -1.454354742498195673e-03 -1.454354742498195673e-03
5.800000000000000000e+01 -1.401441764174538116e-03 -1.401441764174538116e-03
5.900000000000000000e+01 -1.472240649076820380e-03 -1.472240649076820380e-03
6.000000000000000000e+01 -1.415382263989270082e-03 -1.415382263989270082e-03
6.100000000000000000e+01 -1.401069336389611491e-03 -1.401069336389611491e-03
6.200000000000000000e+01 -1.428076409946666585e-03 -1.428076409946666585e-03
6.300000000000000000e+01 -1.399815647374827790e-03 -1.399815647374827790e-03
6.400000000000000000e+01 -1.329429974216452112e-03 -1.329429974216452112e-03
6.500000000000000000e+01 -1.303306292101732294e-03 -1.303306292101732294e-03
6.600000000000000000e+01 -1.401655481312419089e-03 -1.401655481312419089e-03
6.700000000000000000e+01 -1.420024223498834223e-03 -1.420024223498834223e-03
6.800000000000000000e+01 -1.324321573803432118e-03 -1.324321573803432118e-03
6.900000000000000000e+01 -1.404920450778090676e-03 -1.404920450778090676e-03
7.000000000000000000e+01 -1.402497584291837298e-03 -1.402497584291837298e-03
7.100000000000000000e+01 -1.461340859339470451e-03 -1.461340859339470451e-03
7.200000000000000000e+01 -1.513706140555960396e-03 -1.513706140555960396e-03
7.300000000000000000e+01 -1.596225165759768702e-03 -1.596225165759768702e-03
7.400000000000000000e+01 -1.598750798640852146e-03 -1.598750798640852146e-03
7.500000000000000000e+01 -1.563098837284602940e-03 -1.563098837284602940e-03
7.600000000000000000e+01 -1.625539026552995326e-03 -1.625539026552995326e-03
7.700000000000000000e+01 -1.568792046808670064e-03 -1.568792046808670064e-03
7.800000000000000000e+01 -1.570870963281193996e-03 -1.570870963281193996e-03
7.900000000000000000e+01 -1.627685779634743075e-03 -1.627685779634743075e-03
8.000000000000000000e+01 -1.671560345873403155e-03 -1.671560345873403155e-03
8.100000000000000000e+01 -1.651149278311478006e-03 -1.651149278311478006e-03
8.200000000000000000e+01 -1.716047774141381916e-03 -1.716047774141381916e-03
8.300000000000000000e+01 -1.665161144111398667e-03 -1.665161144111398667e-03
8.400000000000000000e+01 -1.544037092029007952e-03 -1.544037092029007952e-03
8.500000000000000000e+01 -1.597033223403314167e-03 -1.597033223403314167e-03
8.600000000000000000e+01 -1.593192445318429920e-03 -1.593192445318429920e-03
8.700000000000000000e+01 -1.547676219864846598e-03 -1.547676219864846598e-03
8.800000000000000000e+01 -1.618656576578713377e-03 -1.618656576578713377e-03
8.900000000000000000e+01 -1.621624791020503551e-03 -1.621624791020503551e-03
9.000000000000000000e+01 -1.657296894213773067e-03 -1.657296894213773067e-03
9.100000000000000000e+01 -1.688391017890561235e-03 -1.688391017890561235e-03
9.200000000000000000e+01 -1.738536094140168044e-03 -1.738536094140168044e-03
9.300000000000000000e+01 -1.821008803783357626e-03 -1.821008803783357626e-03
9.400000000000000000e+01 -1.825152238548742633e-03 -1.825152238548742633e-03
9.500000000000000000e+01 -1.816102851016152941e-03 -1.816102851016152941e-03
9.600000000000000000e+01 -1.932247322432677781e-03 -1.932247322432677781e-03
9.700000000000000000e+01 -2.018649264073009951e-03 -2.018649264073009951e-03
9.800000000000000000e+01 -2.202358245316439218e-03 -2.202358245316439218e-03
9.900000000000000000e+01 -2.135509270588423474e-03 -2.135509270588423474e-03
1.000000000000000000e+02 -2.190458394193150072e-03 -2.190458394193150072e-03
1.010000000000000000e+02 -2.196045834804784963e-03 -2.196045834804784963e-03
1.020000000000000000e+02 -2.173231643544857455e-03 -2.173231643544857455e-03
1.030000000000000000e+02 -2.146422112998880478e-03 -2.146422112998880478e-03
1.040000000000000000e+02 -2.343554936473973751e-03 -2.343554936473973751e-03
1.050000000000000000e+02 -2.192605171462835931e-03 -2.192605171462835931e-03
1.060000000000000000e+02 -2.288635444511957426e-03 -2.288635444511957426e-03
1.070000000000000000e+02 -2.242664700757449579e-03 -2.242664700757449579e-03
1.080000000000000000e+02 -2.324768001188321203e-03 -2.324768001188321203e-03
1.090000000000000000e+02 -2.374589131379903784e-03 -2.374589131379903784e-03
1.100000000000000000e+02 -2.347621698911520061e-03 -2.347621698911520061e-03
1.110000000000000000e+02 -2.409360673076867826e-03 -2.409360673076867826e-03
1.120000000000000000e+02 -2.400203696898444827e-03 -2.400203696898444827e-03
1.130000000000000000e+02 -2.444365429521213728e-03 -2.444365429521213728e-03
1.140000000000000000e+02 -2.450407138187062853e-03 -2.450407138187062853e-03
1.150000000000000000e+02 -2.392887242605133257e-03 -2.392887242605133257e-03
1.160000000000000000e+02 -2.475671079362598125e-03 -2.475671079362598125e-03
1.170000000000000000e+02 -2.513701955319334186e-03 -2.513701955319334186e-03
1.180000000000000000e+02 -2.648725007170415081e-03 -2.648725007170415081e-03
1.190000000000000000e+02 -2.646263537232631906e-03 -2.646263537232631906e-03
1.200000000000000000e+02 -2.685395284922002367e-03 -2.685395284922002367e-03
1.210000000000000000e+02 -2.720939517073567033e-03 -2.720939517073567033e-03
1.220000000000000000e+02 -2.763594636216066668e-03 -2.763594636216066668e-03
1.230000000000000000e+02 -2.822245708177488575e-03 -2.822245708177488575e-03
1.240000000000000000e+02 -2.786313160387555565e-03 -2.786313160387555565e-03
1.250000000000000000e+02 -2.896142520639003251e-03 -2.896142520639003251e-03
1.260000000000000000e+02 -3.047605730948700544e-03 -3.047605730948700544e-03
1.270000000000000000e+02 -3.085657207590485496e-03 -3.085657207590485496e-03
1.280000000000000000e+02 -3.145291662598562969e-03 -3.145291662598562969e-03
1.290000000000000000e+02 -3.228190231882065338e-03 -3.228190231882065338e-03
1.300000000000000000e+02 -3.280792621281713832e-03 -3.280792621281713832e-03
1.310000000000000000e+02 -3.069449613446752732e-03 -3.069449613446752732e-03
1.320000000000000000e+02 -3.096838724794723132e-03 -3.096838724794723132e-03
1.330000000000000000e+02 -3.132303901018916505e-03 -3.132303901018916505e-03
1.340000000000000000e+02 -3.067811838793637995e-03 -3.067811838793637995e-03
1.350000000000000000e+02 -2.953532677666361860e-03 -2.953532677666361860e-03
1.360000000000000000e+02 -2.892858884906953591e-03 -2.892858884906953591e-03
1.370000000000000000e+02 -2.876851737001228423e-03 -2.876851737001228423e-03
1.380000000000000000e+02 -2.774731081213684548e-03 -2.774731081213684548e-03
1.390000000000000000e+02 -2.764093196342628372e-03 -2.764093196342628372e-03
1.400000000000000000e+02 -2.857443229427010685e-03 -2.857443229427010685e-03
1.410000000000000000e+02 -2.811622718258004021e-03 -2.811622718258004021e-03
1.420000000000000000e+02 -2.757180014043249770e-03 -2.757180014043249770e-03
1.430000000000000000e+02 -2.794208753218095382e-03 -2.794208753218095382e-03
1.440000000000000000e+02 -2.686415841503175458e-03 -2.686415841503175458e-03
1.450000000000000000e+02 -2.726448766448579756e-03 -2.726448766448579756e-03
1.460000000000000000e+02 -2.636219918120344917e-03 -2.636219918120344917e-03
1.470000000000000000e+02 -2.614807187022579523e-03 -2.614807187022579523e-03
1.480000000000000000e+02 -2.700970913423582451e-03 -2.700970913423582451e-03
1.490000000000000000e+02 -2.724878271388724883e-03 -2.724878271388724883e-03
1.500000000000000000e+02 -2.683721118063609259e-03 -2.683721118063609259e-03
1.510000000000000000e+02 -2.713985248890504048e-03 -2.713985248890504048e-03
1.520000000000000000e+02 -2.744421648244633246e-03 -2.744421648244633246e-03
1.530000000000000000e+02 -2.791755434544463711e-03 -2.791755434544463711e-03
1.540000000000000000e+02 -2.766343654939793038e-03 -2.766343654939793038e-03
1.550000000000000000e+02 -2.858043443199663382e-03 -2.858043443199663382e-03
1.560000000000000000e+02 -2.892151233560130794e-03 -2.892151233560130794e-03
1.570000000000000000e+02 -2.775782125808567632e-03 -2.775782125808567632e-03
1.580000000000000000e+02 -2.889302852306293527e-03 -2.889302852306293527e-03
1.590000000000000000e+02 -2.864969673625645044e-03 -2.864969673625645044e-03
1.600000000000000000e+02 -2.843898130895442140e-03 -2.843898130895442140e-03
1.610000000000000000e+02 -2.888113582880405712e-03 -2.888113582880405712e-03
1.620000000000000000e+02 -2.912219554270290434e-03 -2.912219554270290434e-03
1.630000000000000000e+02 -2.952800552914987449e-03 -2.952800552914987449e-03
1.640000000000000000e+02 -2.957479870078650024e-03 -2.957479870078650024e-03
1.650000000000000000e+02 -2.908385823093342492e-03 -2.908385823093342492e-03
1.660000000000000000e+02 -2.843746010703249345e-03 -2.843746010703249345e-03
1.670000000000000000e+02 -2.832540758083255169e-03 -2.832540758083255169e-03
1.680000000000000000e+02 -2.815409078105471797e-03 -2.815409078105471797e-03
1.690000000000000000e+02 -2.839131605282793885e-03 -2.839131605282793885e-03
1.700000000000000000e+02 -2.759779980141018225e-03 -2.759779980141018225e-03
1.710000000000000000e+02 -2.805374548994613894e-03 -2.805374548994613894e-03
1.720000000000000000e+02 -2.822190722232469605e-03 -2.822190722232469605e-03
1.730000000000000000e+02 -2.831383552125025637e-03 -2.831383552125025637e-03
1.740000000000000000e+02 -2.715156571557806979e-03 -2.715156571557806979e-03
1.750000000000000000e+02 -2.719809021829487118e-03 -2.719809021829487118e-03
1.760000000000000000e+02 -2.729964337637103694e-03 -2.729964337637103694e-03
1.770000000000000000e+02 -2.825205203972425659e-03 -2.825205203972425659e-03
1.780000000000000000e+02 -2.862693490529233473e-03 -2.862693490529233473e-03
1.790000000000000000e+02 -2.835571359266766348e-03 -2.835571359266766348e-03
1.800000000000000000e+02 -2.832777686017373415e-03 -2.832777686017373415e-03
1.810000000000000000e+02 -2.884085589836024414e-03 -2.884085589836024414e-03
1.820000000000000000e+02 -2.882290897467255919e-03 -2.882290897467255919e-03
1.830000000000000000e+02 -2.871161406990625775e-03 -2.871161406990625775e-03
1.840000000000000000e+02 -2.840497192728603029e-03 -2.840497192728603029e-03
1.850000000000000000e+02 -2.781898101477690063e-03 -2.781898101477690063e-03
1.860000000000000000e+02 -2.871846163066648673e-03 -2.871846163066648673e-03
1.870000000000000000e+02 -2.808672253398970114e-03 -2.808672253398970114e-03
1.880000000000000000e+02 -2.883634849540239308e-03 -2.883634849540239308e-03
1.890000000000000000e+02 -2.973662845816797858e-03 -2.973662845816797858e-03
1.900000000000000000e+02 -2.957801370705199964e-03 -2.957801370705199964e-03
1.910000000000000000e+02 -2.925104941914547212e-03 -2.925104941914547212e-03
1.920000000000000000e+02 -2.989287408100053511e-03 -2.989287408100053511e-03
1.930000000000000000e+02 -2.958879055598932339e-03 -2.958879055598932339e-03
1.940000000000000000e+02 -3.004485732736083929e-03 -3.004485732736083929e-03
1.950000000000000000e+02 -2.968819984303309577e-03 -2.968819984303309577e-03
1.960000000000000000e+02 -3.004434551309461895e-03 -3.004434551309461895e-03
1.970000000000000000e+02 -2.921619174427599400e-03 -2.921619174427599400e-03
1.980000000000000000e+02 -2.945975578346735502e-03 -2.945975578346735502e-03
1.990000000000000000e+02 -2.845816215221641000e-03 -2.845816215221641000e-03
2.000000000000000000e+02 -2.899030511715382664e-03 -2.899030511715382664e-03
2.010000000000000000e+02 -2.883311102948811749e-03 -2.883311102948811749e-03
2.020000000000000000e+02 -2.877938070899255241e-03 -2.877938070899255241e-03
2.030000000000000000e+02 -2.881630771352064295e-03 -2.881630771352064295e-03
2.040000000000000000e+02 -2.782869330197832499e-03 -2.782869330197832499e-03
2.050000000000000000e+02 -2.874598614055392382e-03 -2.874598614055392382e-03
2.060000000000000000e+02 -2.905938710468797346e-03 -2.905938710468797346e-03
2.070000000000000000e+02 -2.899984711891017905e-03 -2.899984711891017905e-03
2.080000000000000000e+02 -2.905448107922382114e-03 -2.905448107922382114e-03
2.090000000000000000e+02 -2.949214688822630361e-03 -2.949214688822630361e-03
2.100000000000000000e+02 -3.066806751526966572e-03 -3.066806751526966572e-03
2.110000000000000000e+02 -3.092131159163733541e-03 -3.092131159163733541e-03
2.120000000000000000e+02 -3.117192929228436351e-03 -3.117192929228436351e-03
2.130000000000000000e+02 -3.106754002782077285e-03 -3.106754002782077285e-03
2.140000000000000000e+02 -3.111261110490221287e-03 -3.111261110490221287e-03
2.150000000000000000e+02 -3.181886390888577238e-03 -3.181886390888577238e-03
2.160000000000000000e+02 -3.217554270195900883e-03 -3.217554270195900883e-03
2.170000000000000000e+02 -3.192874719140130317e-03 -3.192874719140130317e-03
2.180000000000000000e+02 -3.318087568397434968e-03 -3.318087568397434968e-03
2.190000000000000000e+02 -3.294689047888134381e-03 -3.294689047888134381e-03
2.200000000000000000e+02 -3.306765197316627585e-03 -3.306765197316627585e-03
2.210000000000000000e+02 -3.262253890265641269e-03 -3.262253890265641269e-03
2.220000000000000000e+02 -3.330978142962531634e-03 -3.330978142962531634e-03
2.230000000000000000e+02 -3.277186017887851865e-03 -3.277186017887851865e-03
2.240000000000000000e+02 -3.303889462203746588e-03 -3.303889462203746588e-03
2.250000000000000000e+02 -3.315285498524489331e-03 -3.315285498524489331e-03
2.260000000000000000e+02 -3.344718010045956251e-03 -3.344718010045956251e-03
2.270000000000000000e+02 -3.339762138246859299e-03 -3.339762138246859299e-03
2.280000000000000000e+02 -3.298722657249060324e-03 -3.298722657249060324e-03
2.290000000000000000e+02 -3.349623041334614474e-03 -3.349623041334614474e-03
2.300000000000000000e+02 -3.402686512132220998e-03 -3.402686512132220998e-03
2.310000000000000000e+02 -3.419727087911645855e-03 -3.419727087911645855e-03
2.320000000000000000e+02 -3.450626355447959301e-03 -3.450626355447959301e-03
2.330000000000000000e+02 -3.476503641296743718e-03 -3.476503641296743718e-03
2.340000000000000000e+02 -3.396448422549044627e-03 -3.396448422549044627e-03
2.350000000000000000e+02 -3.404059559429226545e-03 -3.404059559429226545e-03
2.360000000000000000e+02 -3.445237495328822095e-03 -3.445237495328822095e-03
2.370000000000000000e+02 -3.451601499673396731e-03 -3.451601499673396731e-03
2.380000000000000000e+02 -3.388693897635345741e-03 -3.388693897635345741e-03
2.390000000000000000e+02 -3.471676809400541745e-03 -3.471676809400541745e-03
2.400000000000000000e+02 -3.433514146584961541e-03 -3.433514146584961541e-03
2.410000000000000000e+02 -3.465593542599835607e-03 -3.465593542599835607e-03
2.420000000000000000e+02 -3.517496112317957183e-03 -3.517496112317957183e-03
2.430000000000000000e+02 -3.487695438932853029e-03 -3.487695438932853029e-03
2.440000000000000000e+02 -3.453118057708158377e-03 -3.453118057708158377e-03
2.450000000000000000e+02 -3.480893931455641445e-03 -3.480893931455641445e-03
2.460000000000000000e+02 -3.433338884509216926e-03 -3.433338884509216926e-03
2.470000000000000000e+02 -3.490394747815877760e-03 -3.490394747815877760e-03
2.480000000000000000e+02 -3.499061240342516213e-03 -3.499061240342516213e-03
2.490000000000000000e+02 -3.421189548580470374e-03 -3.421189548580470374e-03
2.500000000000000000e+02 -3.419115489191338828e-03 -3.419115489191338828e-03
2.510000000000000000e+02 -3.398266894634753045e-03 -3.398266894634753045e-03
2.520000000000000000e+02 -3.396684785950647954e-03 -3.396684785950647954e-03
2.530000000000000000e+02 -3.372291371549701513e-03 -3.372291371549701513e-03
2.540000000000000000e+02 -3.355066858289287596e-03 -3.355066858289287596e-03
2.550000000000000000e+02 -3.378114430824757583e-03 -3.378114430824757583e-03
2.560000000000000000e+02 -3.376460073539190761e-03 -3.376460073539190761e-03
2.570000000000000000e+02 -3.259164005378048859e-03 -3.259164005378048859e-03
2.580000000000000000e+02 -3.283117568459835087e-03 -3.283117568459835087e-03
2.590000000000000000e+02 -3.252238027832439655e-03 -3.252238027832439655e-03
2.600000000000000000e+02 -3.248216164472659401e-03 -3.248216164472659401e-03
2.610000000000000000e+02 -3.251824674572735292e-03 -3.251824674572735292e-03
2.620000000000000000e+02 -3.250123780674242860e-03 -3.250123780674242860e-03
2.630000000000000000e+02 -3.314407880200086112e-03 -3.314407880200086112e-03
2.640000000000000000e+02 -3.229738518103471377e-03 -3.229738518103471377e-03
2.650000000000000000e+02 -3.239143940653080051e-03 -3.239143940653080051e-03
2.660000000000000000e+02 -3.308337603166731575e-03 -3.308337603166731575e-03
2.670000000000000000e+02 -3.288545189488257473e-03 -3.288545189488257473e-03
2.680000000000000000e+02 -3.281818242306219942e-03 -3.281818242306219942e-03
2.690000000000000000e+02 -3.236237549149794095e-03 -3.236237549149794095e-03
2.700000000000000000e+02 -3.215902054110163916e-03 -3.215902054110163916e-03
2.710000000000000000e+02 -3.197020057975992133e-03 -3.197020057975992133e-03
2.720000000000000000e+02 -3.209340528664069315e-03 -3.209340528664069315e-03
2.730000000000000000e+02 -3.177953773184459020e-03 -3.177953773184459020e-03
2.740000000000000000e+02 -3.167336571593301099e-03 -3.167336571593301099e-03
2.750000000000000000e+02 -3.157567295093327824e-03 -3.157567295093327824e-03
2.760000000000000000e+02 -3.124784817115736860e-03 -3.124784817115736860e-03
2.770000000000000000e+02 -3.120915573422230853e-03 -3.120915573422230853e-03
2.780000000000000000e+02 -2.957223710553112152e-03 -2.957223710553112152e-03
2.790000000000000000e+02 -3.047451408792963088e-03 -3.047451408792963088e-03
2.800000000000000000e+02 -3.017752523238021335e-03 -3.017752523238021335e-03
2.810000000000000000e+02 -2.959630673723818040e-03 -2.959630673723818040e-03
2.820000000000000000e+02 -2.879592176096181736e-03 -2.879592176096181736e-03
2.830000000000000000e+02 -2.852468999464206640e-03 -2.852468999464206640e-03
2.840000000000000000e+02 -2.835432997810141079e-03 -2.835432997810141079e-03
2.850000000000000000e+02 -2.759045780803218856e-03 -2.759045780803218856e-03
2.860000000000000000e+02 -2.814797003729066060e-03 -2.814797003729066060e-03
2.870000000000000000e+02 -2.779769299864934609e-03 -2.779769299864934609e-03
2.880000000000000000e+02 -2.759554323822252433e-03 -2.759554323822252433e-03
2.890000000000000000e+02 -2.748076180724175546e-03 -2.748076180724175546e-03
2.900000000000000000e+02 -2.691900394418446796e-03 -2.691900394418446796e-03
2.910000000000000000e+02 -2.639179022110938258e-03 -2.639179022110938258e-03
2.920000000000000000e+02 -2.572208242875058479e-03 -2.572208242875058479e-03
2.930000000000000000e+02 -2.556669531197468953e-03 -2.556669531197468953e-03
2.940000000000000000e+02 -2.545274269176203176e-03 -2.545274269176203176e-03
2.950000000000000000e+02 -2.541012879274440195e-03 -2.541012879274440195e-03
2.960000000000000000e+02 -2.572818478754824133e-03 -2.572818478754824133e-03
2.970000000000000000e+02 -2.507690589167476010e-03 -2.507690589167476010e-03
2.980000000000000000e+02 -2.478396119344788723e-03 -2.478396119344788723e-03
2.990000000000000000e+02 -2.488803777123188652e-03 -2.488803777123188652e-03
3.000000000000000000e+02 -2.415684850127078082e-03 -2.415684850127078082e-03
3.010000000000000000e+02 -2.500172839632565890e-03 -2.500172839632565890e-03
3.020000000000000000e+02 -2.454529751268630204e-03 -2.454529751268630204e-03
3.030000000000000000e+02 -2.448306529924758508e-03 -2.448306529924758508e-03
3.040000000000000000e+02 -2.482640296522427206e-03 -2.482640296522427206e-03
3.050000000000000000e+02 -2.489647218906516826e-03 -2.489647218906516826e-03
3.060000000000000000e+02 -2.475939368208762443e-03 -2.475939368208762443e-03
3.070000000000000000e+02 -2.520022082835471789e-03 -2.520022082835471789e-03
3.080000000000000000e+02 -2.426233875485574957e-03 -2.426233875485574957e-03
3.090000000000000000e+02 -2.464353557358870284e-03 -2.464353557358870284e-03
3.100000000000000000e+02 -2.413623643790335001e-03 -2.413623643790335001e-03
3.110000000000000000e+02 -2.562834659379998031e-03 -2.562834659379998031e-03
3.120000000000000000e+02 -2.439984523651224455e-03 -2.439984523651224455e-03
3.130000000000000000e+02 -2.493117898579407486e-03 -2.493117898579407486e-03
3.140000000000000000e+02 -2.482835998604885925e-03 -2.482835998604885925e-03
3.150000000000000000e+02 -2.364804990103238844e-03 -2.364804990103238844e-03
3.160000000000000000e+02 -2.429593137234948956e-03 -2.429593137234948956e-03
3.170000000000000000e+02 -2.450740107496340251e-03 -2.450740107496340251e-03
3.180000000000000000e+02 -2.380413302825699906e-03 -2.380413302825699906e-03
3.190000000000000000e+02 -2.398593254103170442e-03 -2.398593254103170442e-03
3.200000000000000000e+02 -2.353402702979352345e-03 -2.353402702979352345e-03
3.210000000000000000e+02 -2.380167500247464853e-03 -2.380167500247464853e-03
3.220000000000000000e+02 -2.267479986555783443e-03 -2.267479986555783443e-03
3.230000000000000000e+02 -2.346243135299726310e-03 -2.346243135299726310e-03
3.240000000000000000e+02 -2.340447113507496211e-03 -2.340447113507496211e-03
3.250000000000000000e+02 -2.258162230560076429e-03 -2.258162230560076429e-03
3.260000000000000000e+02 -2.259946272333883399e-03 -2.259946272333883399e-03
3.270000000000000000e+02 -2.149588617317919892e-03 -2.149588617317919892e-03
3.280000000000000000e+02 -2.168963372703334655e-03 -2.168963372703334655e-03
3.290000000000000000e+02 -2.176046687024704978e-03 -2.176046687024704978e-03
3.300000000000000000e+02 -2.146804907845520968e-03 -2.146804907845520968e-03
3.310000000000000000e+02 -2.106550436060637254e-03 -2.106550436060637254e-03
3.320000000000000000e+02 -2.109937491325706779e-03 -2.109937491325706779e-03
3.330000000000000000e+02 -2.098654472223389876e-03 -2.098654472223389876e-03
3.340000000000000000e+02 -2.052763745063438880e-03 -2.052763745063438880e-03
3.350000000000000000e+02 -2.125405092121202509e-03 -2.125405092121202509e-03
3.360000000000000000e+02 -2.041276814520343822e-03 -2.041276814520343822e-03
3.370000000000000000e+02 -2.086535154185215849e-03 -2.086535154185215849e-03
3.380000000000000000e+02 -2.021673415100324646e-03 -2.021673415100324646e-03
3.390000000000000000e+02 -2.053509810810381746e-03 -2.053509810810381746e-03
3.400000000000000000e+02 -1.975718254890599952e-03 -1.975718254890599952e-03
3.410000000000000000e+02 -2.041528593702636018e-03 -2.041528593702636018e-03
3.420000000000000000e+02 -1.941475153316594895e-03 -1.941475153316594895e-03
3.430000000000000000e+02 -1.946588822373426916e-03 -1.946588822373426916e-03
3.440000000000000000e+02 -1.976184624749009223e-03 -1.976184624749009223e-03
3.450000000000000000e+02 -1.973002256788550669e-03 -1.973002256788550669e-03
3.460000000000000000e+02 -1.938829175368507896e-03 -1.938829175368507896e-03
3.470000000000000000e+02 -1.945178751133991692e-03 -1.945178751133991692e-03
3.480000000000000000e+02 -1.965097793510917849e-03 -1.965097793510917849e-03
3.490000000000000000e+02 -1.890925294890260979e-03 -1.890925294890260979e-03
3.500000000000000000e+02 -1.916118370373828903e-03 -1.916118370373828903e-03
3.510000000000000000e+02 -1.886867464692846890e-03 -1.886867464692846890e-03
3.520000000000000000e+02 -1.830641703365536426e-03 -1.830641703365536426e-03
3.530000000000000000e+02 -1.821593950475822220e-03 -1.821593950475822220e-03
3.540000000000000000e+02 -1.716353659247230479e-03 -1.716353659247230479e-03
3.550000000000000000e+02 -1.804264325771781381e-03 -1.804264325771781381e-03
3.560000000000000000e+02 -1.837200553671994524e-03 -1.837200553671994524e-03
3.570000000000000000e+02 -1.747521430067463123e-03 -1.747521430067463123e-03
3.580000000000000000e+02 -1.755491066127654433e-03 -1.755491066127654433e-03
3.590000000000000000e+02 -1.703500063956719414e-03 -1.703500063956719414e-03
3.600000000000000000e+02 -1.756318267494306421e-03 -1.756318267494306421e-03
3.610000000000000000e+02 -1.761933925934654286e-03 -1.761933925934654286e-03
3.620000000000000000e+02 -1.736682522755815658e-03 -1.736682522755815658e-03
3.630000000000000000e+02 -1.676178379929000109e-03 -1.676178379929000109e-03
3.640000000000000000e+02 -1.690174808467499561e-03 -1.690174808467499561e-03
3.650000000000000000e+02 -1.633344086834888137e-03 -1.633344086834888137e-03
3.660000000000000000e+02 -1.609683508366711781e-03 -1.609683508366711781e-03
3.670000000000000000e+02 -1.600080354428693027e-03 -1.600080354428693027e-03
3.680000000000000000e+02 -1.491640821387292624e-03 -1.491640821387292624e-03
3.690000000000000000e+02 -1.528556895558177888e-03 -1.528556895558177888e-03
3.700000000000000000e+02 -1.586471055997869641e-03 -1.586471055997869641e-03
3.710000000000000000e+02 -1.565543763301439385e-03 -1.565543763301439385e-03
3.720000000000000000e+02 -1.512765822821077232e-03 -1.512765822821077232e-03
3.730000000000000000e+02 -1.489038309040369937e-03 -1.489038309040369937e-03
3.740000000000000000e+02 -1.496442847743396053e-03 -1.496442847743396053e-03
3.750000000000000000e+02 -1.444906330241641683e-03 -1.444906330241641683e-03
3.760000000000000000e+02 -1.441125642774778197e-03 -1.441125642774778197e-03
3.770000000000000000e+02 -1.385882259536553663e-03 -1.385882259536553663e-03
3.780000000000000000e+02 -1.392222289359446811e-03 -1.392222289359446811e-03
3.790000000000000000e+02 -1.453824193038982847e-03 -1.453824193038982847e-03
3.800000000000000000e+02 -1.414929769754181286e-03 -1.414929769754181286e-03
3.810000000000000000e+02 -1.374680560343080832e-03 -1.374680560343080832e-03
3.820000000000000000e+02 -1.353982464045419163e-03 -1.353982464045419163e-03
3.830000000000000000e+02 -1.392448039244507073e-03 -1.392448039244507073e-03
3.840000000000000000e+02 -1.356526615946237633e-03 -1.356526615946237633e-03
3.850000000000000000e+02 -1.288049856202372985e-03 -1.288049856202372985e-03
3.860000000000000000e+02 -1.328490604276768043e-03 -1.328490604276768043e-03
3.870000000000000000e+02 -1.368860218106116890e-03 -1.368860218106116890e-03
3.880000000000000000e+02 -1.349181277503894291e-03 -1.349181277503894291e-03
3.890000000000000000e+02 -1.359127336381392914e-03 -1.359127336381392914e-03
3.900000000000000000e+02 -1.350800005510000099e-03 -1.350800005510000099e-03
3.910000000000000000e+02 -1.335917658207160050e-03 -1.335917658207160050e-03
3.920000000000000000e+02 -1.255013266025208508e-03 -1.255013266025208508e-03
3.930000000000000000e+02 -1.250256891435636616e-03 -1.250256891435636616e-03
3.940000000000000000e+02 -1.295633780231349825e-03 -1.295633780231349825e-03
3.950000000000000000e+02 -1.278068726539741606e-03 -1.278068726539741606e-03
3.960000000000000000e+02 -1.184562646628914157e-03 -1.184562646628914157e-03
3.970000000000000000e+02 -1.261500289365000528e-03 -1.261500289365000528e-03
3.980000000000000000e+02 -1.221743046438646726e-03 -1.221743046438646726e-03
3.990000000000000000e+02 -1.175690811538263958e-03 -1.175690811538263958e-03
4.000000000000000000e+02 -1.183810478902156847e-03 -1.183810478902156847e-03
4.010000000000000000e+02 -1.198674016960348757e-03 -1.198674016960348757e-03
4.020000000000000000e+02 -1.139464896220766842e-03 -1.139464896220766842e-03
4.030000000000000000e+02 -1.196014122184184446e-03 -1.196014122184184446e-03
4.040000000000000000e+02 -1.205561143244542272e-03 -1.205561143244542272e-03
4.050000000000000000e+02 -1.252218326084534195e-03 -1.252218326084534195e-03
4.060000000000000000e+02 -1.223583319193443904e-03 -1.223583319193443904e-03
4.070000000000000000e+02 -1.202021565186269045e-03 -1.202021565186269045e-03
4.080000000000000000e+02 -1.152498384492910881e-03 -1.152498384492910881e-03
4.090000000000000000e+02 -1.195913064347096065e-03 -1.195913064347096065e-03
4.100000000000000000e+02 -1.255233908600341796e-03 -1.255233908600341796e-03
4.110000000000000000e+02 -1.185775109355591229e-03 -1.185775109355591229e-03
4.120000000000000000e+02 -1.222618961980065236e-03 -1.222618961980065236e-03
4.130000000000000000e+02 -1.219635688692485148e-03 -1.219635688692485148e-03
4.140000000000000000e+02 -1.212786955071713975e-03 -1.212786955071713975e-03
4.150000000000000000e+02 -1.168515621369637780e-03 -1.168515621369637780e-03
4.160000000000000000e+02 -1.243785921797707682e-03 -1.243785921797707682e-03
4.170000000000000000e+02 -1.159487017227975834e-03 -1.159487017227975834e-03
4.180000000000000000e+02 -1.358168639667923323e-03 -1.358168639667923323e-03
4.190000000000000000e+02 -1.230610881097087255e-03 -1.230610881097087255e-03
4.200000000000000000e+02 -1.272722672886210729e-03 -1.272722672886210729e-03
4.210000000000000000e+02 -1.293525102316887181e-03 -1.293525102316887181e-03
4.220000000000000000e+02 -1.270454327471420711e-03 -1.270454327471420711e-03
4.230000000000000000e+02 -1.277802197426907696e-03 -1.277802197426907696e-03
4.240000000000000000e+02 -1.298417272177752402e-03 -1.298417272177752402e-03
4.250000000000000000e+02 -1.327425490665187433e-03 -1.327425490665187433e-03
4.260000000000000000e+02 -1.364790770150509829e-03 -1.364790770150509829e-03
4.270000000000000000e+02 -1.399763416278533394e-03 -1.399763416278533394e-03
4.280000000000000000e+02 -1.348710581278022604e-03 -1.348710581278022604e-03
4.290000000000000000e+02 -1.386138222150918404e-03 -1.386138222150918404e-03
4.300000000000000000e+02 -1.420364307684067158e-03 -1.420364307684067158e-03
4.310000000000000000e+02 -1.393513711889555204e-03 -1.393513711889555204e-03
4.320000000000000000e+02 -1.351410982468650209e-03 -1.351410982468650209e-03
4.330000000000000000e+02 -1.403134612425062594e-03 -1.403134612425062594e-03
4.340000000000000000e+02 -1.424809931761636568e-03 -1.424809931761636568e-03
4.350000000000000000e+02 -1.436000468679464155e-03 -1.436000468679464155e-03
4.360000000000000000e+02 -1.504501643369656697e-03 -1.504501643369656697e-03
4.370000000000000000e+02 -1.566396232323339667e-03 -1.566396232323339667e-03
4.380000000000000000e+02 -1.486326919553527777e-03 -1.486326919553527777e-03
4.390000000000000000e+02 -1.516691808343785487e-03 -1.516691808343785487e-03
4.400000000000000000e+02 -1.591387191460651900e-03 -1.591387191460651900e-03
4.410000000000000000e+02 -1.576629286416587460e-03 -1.576629286416587460e-03
4.420000000000000000e+02 -1.479242891409575681e-03 -1.479242891409575681e-03
4.430000000000000000e+02 -1.584811796331165711e-03 -1.584811796331165711e-03
4.440000000000000000e+02 -1.549752706595712440e-03 -1.549752706595712440e-03
4.450000000000000000e+02 -1.709798577436305155e-03 -1.709798577436305155e-03
4.460000000000000000e+02 -1.563805335041167695e-03 -1.563805335041167695e-03
4.470000000000000000e+02 -1.636098624097834502e-03 -1.636098624097834502e-03
4.480000000000000000e+02 -1.664253504379600455e-03 -1.664253504379600455e-03
4.490000000000000000e+02 -1.644175566528758908e-03 -1.644175566528758908e-03
4.500000000000000000e+02 -1.687122844878939047e-03 -1.687122844878939047e-03
4.510000000000000000e+02 -1.780662296567848534e-03 -1.780662296567848534e-03
4.520000000000000000e+02 -1.755097442859719550e-03 -1.755097442859719550e-03
4.530000000000000000e+02 -1.816634782783630797e-03 -1.816634782783630797e-03
4.540000000000000000e+02 -1.851189652263295071e-03 -1.851189652263295071e-03
4.550000000000000000e+02 -1.876899783407117188e-03 -1.876899783407117188e-03
4.560000000000000000e+02 -1.837564371496930955e-03 -1.837564371496930955e-03
4.570000000000000000e+02 -1.872352259357159317e-03 -1.872352259357159317e-03
4.580000000000000000e+02 -1.870426041889031426e-03 -1.870426041889031426e-03
4.590000000000000000e+02 -1.903841692542121390e-03 -1.903841692542121390e-03
4.600000000000000000e+02 -1.938302928760153457e-03 -1.938302928760153457e-03
4.610000000000000000e+02 -1.930657996020597716e-03 -1.930657996020597716e-03
4.620000000000000000e+02 -2.015067916185495685e-03 -2.015067916185495685e-03
4.630000000000000000e+02 -2.078068167757538953e-03 -2.078068167757538953e-03
4.640000000000000000e+02 -2.042516333324359296e-03 -2.042516333324359296e-03
4.650000000000000000e+02 -2.077485646688615861e-03 -2.077485646688615861e-03
4.660000000000000000e+02 -2.041678500415945122e-03 -2.041678500415945122e-03
4.670000000000000000e+02 -2.077783027800288694e-03 -2.077783027800288694e-03
4.680000000000000000e+02 -2.120321059172316884e-03 -2.120321059172316884e-03
4.690000000000000000e+02 -2.198582623989232820e-03 -2.198582623989232820e-03
4.700000000000000000e+02 -2.165275068531536274e-03 -2.165275068531536274e-03
4.710000000000000000e+02 -2.199477594169843130e-03 -2.199477594169843130e-03
4.720000000000000000e+02 -2.211289365165881437e-03 -2.211289365165881437e-03
4.730000000000000000e+02 -2.312485047023950680e-03 -2.312485047023950680e-03
4.740000000000000000e+02 -2.314270497335488546e-03 -2.314270497335488546e-03
4.750000000000000000e+02 -2.396592891507361330e-03 -2.396592891507361330e-03
4.760000000000000000e+02 -2.509613747740202169e-03 -2.509613747740202169e-03
4.770000000000000000e+02 -2.379958991968811506e-03 -2.379958991968811506e-03
4.780000000000000000e+02 -2.492478777020359307e-03 -2.492478777020359307e-03
4.790000000000000000e+02 -2.538374008840851154e-03 -2.538374008840851154e-03
4.800000000000000000e+02 -2.579706359224883533e-03 -2.579706359224883533e-03
4.810000000000000000e+02 -2.517519273773691398e-03 -2.517519273773691398e-03
4.820000000000000000e+02 -2.655256300985894564e-03 -2.655256300985894564e-03
4.830000000000000000e+02 -2.673312535520353059e-03 -2.673312535520353059e-03
4.840000000000000000e+02 -2.713660473585616153e-03 -2.713660473585616153e-03
4.850000000000000000e+02 -2.738082537330748228e-03 -2.738082537330748228e-03
4.860000000000000000e+02 -2.686982875889924911e-03 -2.686982875889924911e-03
4.870000000000000000e+02 -2.747875837456401418e-03 -2.747875837456401418e-03
4.880000000000000000e+02 -2.731193542279030956e-03 -2.731193542279030956e-03
4.890000000000000000e+02 -2.825437500269045027e-03 -2.825437500269045027e-03
4.900000000000000000e+02 -2.758141493476099805e-03 -2.758141493476099805e-03
4.910000000000000000e+02 -2.732022177850156660e-03 -2.732022177850156660e-03
4.920000000000000000e+02 -2.750805106751697156e-03 -2.750805106751697156e-03
4.930000000000000000e+02 -2.835239278049274825e-03 -2.835239278049274825e-03
4.940000000000000000e+02 -2.836845562873460680e-03 -2.836845562873460680e-03
4.950000000000000000e+02 -2.830104802522053105e-03 -2.830104802522053105e-03
4.960000000000000000e+02 -2.810147674923919089e-03 -2.810147674923919089e-03
4.970000000000000000e+02 -2.807129341469620162e-03 -2.807129341469620162e-03
4.980000000000000000e+02 -2.785823926518200475e-03 -2.785823926518200475e-03
4.990000000000000000e+02 -2.795818563165118533e-03 -2.795818563165118533e-03
5.000000000000000000e+02 -2.848591935072541242e-03 -2.848591935072541242e-03
