# delays[ps] delta_averaged scan 0
-2.000000000000000000e+01 -2.444196593755387859e-06 -2.444196593755387859e-06
-1.800000000000000000e+01 1.222461957821863223e-05 1.222461957821863223e-05
-1.600000000000000000e+01 2.054698864695714348e-05 2.054698864695714348e-05
-1.400000000000000000e+01 1.733637624719919299e-05 1.733637624719919299e-05
-1.200000000000000000e+01 6.883025423354937721e-05 6.883025423354937721e-05
-1.000000000000000000e+01 2.856322856596749091e-05 2.856322856596749091e-05
-8.000000000000000000e+00 3.830972326529769159e-05 3.830972326529769159e-05
-6.000000000000000000e+00 8.069542167647724990e-05 8.069542167647724990e-05
-4.000000000000000000e+00 -4.843808008275763115e-05 -4.843808008275763115e-05
-2.000000000000000000e+00 -2.673610629210665339e-05 -2.673610629210665339e-05
-1.000000000000000000e+00 4.759093752870469085e-05 4.759093752870469085e-05
-9.000000000000000222e-01 6.309649089462642825e-05 6.309649089462642825e-05
-8.000000000000000444e-01 -7.800264211380126080e-05 -7.800264211380126080e-05
-6.999999999999999556e-01 -9.803122166133214929e-06 -9.803122166133214929e-06
-5.999999999999999778e-01 6.036617086894668850e-05 6.036617086894668850e-05
-5.000000000000000000e-01 4.376134926691166704e-05 4.376134926691166704e-05
-4.000000000000000222e-01 5.194077647732453653e-05 5.194077647732453653e-05
-2.999999999999999889e-01 2.430743367897458761e-05 2.430743367897458761e-05
-2.000000000000000111e-01 1.047336788295432107e-04 1.047336788295432107e-04
-1.000000000000000056e-01 -7.677165767339133324e-05 -7.677165767339133324e-05
0.000000000000000000e+00 3.433817543654460702e-05 3.433817543654460702e-05
1.000000000000000056e-01 -2.683709772953882591e-04 -2.683709772953882591e-04
2.000000000000000111e-01 -5.476817333029637648e-04 -5.476817333029637648e-04
2.999999999999999889e-01 -9.400806143987228006e-04 -9.400806143987228006e-04
4.000000000000000222e-01 -1.352040932100215904e-03 -1.352040932100215904e-03
5.000000000000000000e-01 -1.465515807151237040e-03 -1.465515807151237040e-03
5.999999999999999778e-01 -1.607514593963536333e-03 -1.607514593963536333e-03
6.999999999999999556e-01 -1.668174204026291003e-03 -1.668174204026291003e-03
8.000000000000000444e-01 -1.828736866670840422e-03 -1.828736866670840422e-03
9.000000000000000222e-01 -1.785988093049807081e-03 -1.785988093049807081e-03
1.000000000000000000e+00 -1.874440464081861485e-03 -1.874440464081861485e-03
1.100000000000000089e+00 -1.837556845458094982e-03 -1.837556845458094982e-03
1.199999999999999956e+00 -1.907281028730749587e-03 -1.907281028730749587e-03
1.300000000000000044e+00 -2.007566352468161987e-03 -2.007566352468161987e-03
1.399999999999999911e+00 -1.906032693147578175e-03 -1.906032693147578175e-03
1.500000000000000000e+00 -1.987645178023982398e-03 -1.987645178023982398e-03
1.600000000000000089e+00 -2.040564668527620334e-03 -2.040564668527620334e-03
1.699999999999999956e+00 -1.862218020670699213e-03 -1.862218020670699213e-03
1.800000000000000044e+00 -2.023284544422875031e-03 -2.023284544422875031e-03
1.899999999999999911e+00 -1.929101492864572411e-03 -1.929101492864572411e-03
2.000000000000000000e+00 -2.026401477128904685e-03 -2.026401477128904685e-03
3.000000000000000000e+00 -1.997798662221935990e-03 -1.997798662221935990e-03
4.000000000000000000e+00 -1.904939120952283370e-03 -1.904939120952283370e-03
5.000000000000000000e+00 -1.735921567157182191e-03 -1.735921567157182191e-03
6.000000000000000000e+00 -1.616549817875559273e-03 -1.616549817875559273e-03
7.000000000000000000e+00 -1.483238620068259113e-03 -1.483238620068259113e-03
8.000000000000000000e+00 -1.424776558100872585e-03 -1.424776558100872585e-03
9.000000000000000000e+00 -1.260136374081603609e-03 -1.260136374081603609e-03
1.000000000000000000e+01 -1.198940669280884955e-03 -1.198940669280884955e-03
1.100000000000000000e+01 -1.232523799316374066e-03 -1.232523799316374066e-03
1.200000000000000000e+01 -1.158258147856468939e-03 -1.158258147856468939e-03
1.300000000000000000e+01 -1.043849082861552594e-03 -1.043849082861552594e-03
1.400000000000000000e+01 -9.937297929936824911e-04 -9.937297929936824911e-04
1.500000000000000000e+01 -1.078578487046384735e-03 -1.078578487046384735e-03
1.600000000000000000e+01 -1.062701886290120601e-03 -1.062701886290120601e-03
1.700000000000000000e+01 -1.092104322700280768e-03 -1.092104322700280768e-03
1.800000000000000000e+01 -1.049261341845064309e-03 -1.049261341845064309e-03
1.900000000000000000e+01 -1.003309937391677056e-03 -1.003309937391677056e-03
2.000000000000000000e+01 -9.428997386824421179e-04 -9.428997386824421179e-04
2.100000000000000000e+01 -9.330966197824221197e-04 -9.330966197824221197e-04
2.200000000000000000e+01 -9.716743686856520569e-04 -9.716743686856520569e-04
2.300000000000000000e+01 -9.213091075781876076e-04 -9.213091075781876076e-04
2.400000000000000000e+01 -8.194200298730366190e-04 -8.194200298730366190e-04
2.500000000000000000e+01 -8.268280272871958783e-04 -8.268280272871958783e-04
2.600000000000000000e+01 -7.228299291760030944e-04 -7.228299291760030944e-04
2.700000000000000000e+01 -8.212819297935218922e-04 -8.212819297935218922e-04
2.800000000000000000e+01 -8.090220232364015796e-04 -8.090220232364015796e-04
2.900000000000000000e+01 -7.065766190974368281e-04 -7.065766190974368281e-04
3.000000000000000000e+01 -7.957895070206547159e-04 -7.957895070206547159e-04
3.100000000000000000e+01 -7.384184190602736952e-04 -7.384184190602736952e-04
3.200000000000000000e+01 -7.161836682247648116e-04 -7.161836682247648116e-04
3.300000000000000000e+01 -7.607486657443383480e-04 -7.607486657443383480e-04
3.400000000000000000e+01 -6.818698892473361263e-04 -6.818698892473361263e-04
3.500000000000000000e+01 -7.441454469368876572e-04 -7.441454469368876572e-04
3.600000000000000000e+01 -7.595555599860717017e-04 -7.595555599860717017e-04
3.700000000000000000e+01 -7.373048985982579104e-04 -7.373048985982579104e-04
3.800000000000000000e+01 -7.692385863830879158e-04 -7.692385863830879158e-04
3.900000000000000000e+01 -7.723387385509808065e-04 -7.723387385509808065e-04
4.000000000000000000e+01 -7.817236982973245962e-04 -7.817236982973245962e-04
4.100000000000000000e+01 -7.708420257822357112e-04 -7.708420257822357112e-04
4.200000000000000000e+01 -7.576836042483274698e-04 -7.576836042483274698e-04
4.300000000000000000e+01 -7.878266409067352779e-04 -7.878266409067352779e-04
4.400000000000000000e+01 -7.579210787869947738e-04 -7.579210787869947738e-04
4.500000000000000000e+01 -8.049277798896537113e-04 -8.049277798896537113e-04
4.600000000000000000e+01 -7.705164125568098477e-04 -7.705164125568098477e-04
4.700000000000000000e+01 -6.899491839800272076e-04 -6.899491839800272076e-04
4.800000000000000000e+01 -7.081191497369585105e-04 -7.081191497369585105e-04
4.900000000000000000e+01 -6.482348068275865403e-04 -6.482348068275865403e-04
5.000000000000000000e+01 -6.949741945827335021e-04 -6.949741945827335021e-04
5.100000000000000000e+01 -6.892377511124560740e-04 -6.892377511124560740e-04
5.200000000000000000e+01 -6.277069506109786163e-04 -6.277069506109786163e-04
5.300000000000000000e+01 -6.816324969933368338e-04 -6.816324969933368338e-04
5.400000000000000000e+01 -6.576428607696296761e-04 -6.576428607696296761e-04
5.500000000000000000e+01 -6.463175819301144329e-04 -6.463175819301144329e-04
5.600000000000000000e+01 -6.180093089096378714e-04 -6.180093089096378714e-04
5.700000000000000000e+01 -6.059851335073567196e-04 -6.059851335073567196e-04
5.800000000000000000e+01 -5.392172851314998294e-04 -5.392172851314998294e-04
5.900000000000000000e+01 -5.528587967348396002e-04 -5.528587967348396002e-04
6.000000000000000000e+01 -5.680924620084592353e-04 -5.680924620084592353e-04
6.100000000000000000e+01 -5.571381968528277577e-04 -5.571381968528277577e-04
6.200000000000000000e+01 -5.450765816455431685e-04 -5.450765816455431685e-04
6.300000000000000000e+01 -6.048141426139241016e-04 -6.048141426139241016e-04
6.400000000000000000e+01 -5.929082427402370455e-04 -5.929082427402370455e-04
6.500000000000000000e+01 -5.471280252375295382e-04 -5.471280252375295382e-04
6.600000000000000000e+01 -5.019175568024723463e-04 -5.019175568024723463e-04
6.700000000000000000e+01 -5.216638544248065239e-04 -5.216638544248065239e-04
6.800000000000000000e+01 -5.667124131000629778e-04 -5.667124131000629778e-04
6.900000000000000000e+01 -5.047545356853246025e-04 -5.047545356853246025e-04
7.000000000000000000e+01 -5.865900128334414557e-04 -5.865900128334414557e-04
7.100000000000000000e+01 -6.078880372144830190e-04 -6.078880372144830190e-04
7.200000000000000000e+01 -6.744967719968241208e-04 -6.744967719968241208e-04
7.300000000000000000e+01 -6.595750319685620474e-04 -6.595750319685620474e-04
7.400000000000000000e+01 -6.514228905309243098e-04 -6.514228905309243098e-04
7.500000000000000000e+01 -6.947023499111504600e-04 -6.947023499111504600e-04
7.600000000000000000e+01 -7.208575122150275407e-04 -7.208575122150275407e-04
7.700000000000000000e+01 -7.195237855131805587e-04 -7.195237855131805587e-04
7.800000000000000000e+01 -6.949201276083866608e-04 -6.949201276083866608e-04
7.900000000000000000e+01 -7.095975060387973076e-04 -7.095975060387973076e-04
8.000000000000000000e+01 -7.347119629616090863e-04 -7.347119629616090863e-04
8.100000000000000000e+01 -7.162395434797312957e-04 -7.162395434797312957e-04
8.200000000000000000e+01 -7.122674320906804447e-04 -7.122674320906804447e-04
8.300000000000000000e+01 -7.065693844103124914e-04 -7.065693844103124914e-04
8.400000000000000000e+01 -7.541280847081283838e-04 -7.541280847081283838e-04
8.500000000000000000e+01 -7.168545587972719683e-04 -7.168545587972719683e-04
8.600000000000000000e+01 -6.726379036238607596e-04 -6.726379036238607596e-04
8.700000000000000000e+01 -6.218280609468882121e-04 -6.218280609468882121e-04
8.800000000000000000e+01 -5.088754503918282122e-04 -5.088754503918282122e-04
8.900000000000000000e+01 -6.075432080448902282e-04 -6.075432080448902282e-04
9.000000000000000000e+01 -6.682628499818593984e-04 -6.682628499818593984e-04
9.100000000000000000e+01 -6.392865012175111576e-04 -6.392865012175111576e-04
9.200000000000000000e+01 -7.980525995420555910e-04 -7.980525995420555910e-04
9.300000000000000000e+01 -8.501623785859808253e-04 -8.501623785859808253e-04
9.400000000000000000e+01 -9.023000608891570832e-04 -9.023000608891570832e-04
9.500000000000000000e+01 -8.980032218948805905e-04 -8.980032218948805905e-04
9.600000000000000000e+01 -1.020480158049139573e-03 -1.020480158049139573e-03
9.700000000000000000e+01 -1.105291828675527936e-03 -1.105291828675527936e-03
9.800000000000000000e+01 -1.118960742159138188e-03 -1.118960742159138188e-03
9.900000000000000000e+01 -1.179158962182908247e-03 -1.179158962182908247e-03
1.000000000000000000e+02 -1.237775637899151890e-03 -1.237775637899151890e-03
1.010000000000000000e+02 -1.169975614301145724e-03 -1.169975614301145724e-03
1.020000000000000000e+02 -1.230372228697060614e-03 -1.230372228697060614e-03
1.030000000000000000e+02 -1.294103046980075219e-03 -1.294103046980075219e-03
1.040000000000000000e+02 -1.424314485426251371e-03 -1.424314485426251371e-03
1.050000000000000000e+02 -1.313490988566583468e-03 -1.313490988566583468e-03
1.060000000000000000e+02 -1.334608516405725188e-03 -1.334608516405725188e-03
1.070000000000000000e+02 -1.370723712545697049e-03 -1.370723712545697049e-03
1.080000000000000000e+02 -1.371870062254715132e-03 -1.371870062254715132e-03
1.090000000000000000e+02 -1.404357295498826321e-03 -1.404357295498826321e-03
1.100000000000000000e+02 -1.387463115336877656e-03 -1.387463115336877656e-03
1.110000000000000000e+02 -1.379164807976381328e-03 -1.379164807976381328e-03
1.120000000000000000e+02 -1.509991014292546554e-03 -1.509991014292546554e-03
1.130000000000000000e+02 -1.526874051165254438e-03 -1.526874051165254438e-03
1.140000000000000000e+02 -1.478103308333454831e-03 -1.478103308333454831e-03
1.150000000000000000e+02 -1.567598391155045545e-03 -1.567598391155045545e-03
1.160000000000000000e+02 -1.588296853816100179e-03 -1.588296853816100179e-03
1.170000000000000000e+02 -1.670694441647813935e-03 -1.670694441647813935e-03
1.180000000000000000e+02 -1.727840277910479370e-03 -1.727840277910479370e-03
1.190000000000000000e+02 -1.732469021740210696e-03 -1.732469021740210696e-03
1.200000000000000000e+02 -1.803292828629705176e-03 -1.803292828629705176e-03
1.210000000000000000e+02 -1.816992544405586062e-03 -1.816992544405586062e-03
1.220000000000000000e+02 -1.859067575785494641e-03 -1.859067575785494641e-03
1.230000000000000000e+02 -2.015521019035795228e-03 -2.015521019035795228e-03
1.240000000000000000e+02 -2.080486613055019824e-03 -2.080486613055019824e-03
1.250000000000000000e+02 -2.123327908185075694e-03 -2.123327908185075694e-03
1.260000000000000000e+02 -2.224380459997552829e-03 -2.224380459997552829e-03
1.270000000000000000e+02 -2.326060200860612884e-03 -2.326060200860612884e-03
1.280000000000000000e+02 -2.358496790440419138e-03 -2.358496790440419138e-03
1.290000000000000000e+02 -2.391974651228452511e-03 -2.391974651228452511e-03
1.300000000000000000e+02 -2.379751456041426672e-03 -2.379751456041426672e-03
1.310000000000000000e+02 -2.370178300010667045e-03 -2.370178300010667045e-03
1.320000000000000000e+02 -2.303758726113855609e-03 -2.303758726113855609e-03
1.330000000000000000e+02 -2.235825281147240783e-03 -2.235825281147240783e-03
1.340000000000000000e+02 -2.211658846948807555e-03 -2.211658846948807555e-03
1.350000000000000000e+02 -2.112470759737556693e-03 -2.112470759737556693e-03
1.360000000000000000e+02 -2.070112097917841190e-03 -2.070112097917841190e-03
1.370000000000000000e+02 -2.011091438831575685e-03 -2.011091438831575685e-03
1.380000000000000000e+02 -1.996164029096822532e-03 -1.996164029096822532e-03
1.390000000000000000e+02 -1.900745651691584286e-03 -1.900745651691584286e-03
1.400000000000000000e+02 -1.879551091788652338e-03 -1.879551091788652338e-03
1.410000000000000000e+02 -1.848683042428447311e-03 -1.848683042428447311e-03
1.420000000000000000e+02 -1.928888467658937530e-03 -1.928888467658937530e-03
1.430000000000000000e+02 -1.961081630576394421e-03 -1.961081630576394421e-03
1.440000000000000000e+02 -1.904513044615021569e-03 -1.904513044615021569e-03
1.450000000000000000e+02 -1.827589342794296978e-03 -1.827589342794296978e-03
1.460000000000000000e+02 -1.846972664199302222e-03 -1.846972664199302222e-03
1.470000000000000000e+02 -1.803324372032252473e-03 -1.803324372032252473e-03
1.480000000000000000e+02 -1.885403125032879355e-03 -1.885403125032879355e-03
1.490000000000000000e+02 -1.842629724994014617e-03 -1.842629724994014617e-03
1.500000000000000000e+02 -1.815155034577511364e-03 -1.815155034577511364e-03
1.510000000000000000e+02 -1.802173749801274901e-03 -1.802173749801274901e-03
1.520000000000000000e+02 -1.890516558432025519e-03 -1.890516558432025519e-03
1.530000000000000000e+02 -1.890379014006587748e-03 -1.890379014006587748e-03
1.540000000000000000e+02 -1.870459583463663982e-03 -1.870459583463663982e-03
1.550000000000000000e+02 -1.882746781400297144e-03 -1.882746781400297144e-03
1.560000000000000000e+02 -1.876969592775481295e-03 -1.876969592775481295e-03
1.570000000000000000e+02 -1.961578658659099764e-03 -1.961578658659099764e-03
1.580000000000000000e+02 -1.975679711207000127e-03 -1.975679711207000127e-03
1.590000000000000000e+02 -2.007510656114271097e-03 -2.007510656114271097e-03
1.600000000000000000e+02 -2.027116291601990198e-03 -2.027116291601990198e-03
1.610000000000000000e+02 -2.062170289608336766e-03 -2.062170289608336766e-03
1.620000000000000000e+02 -2.047617732461555658e-03 -2.047617732461555658e-03
1.630000000000000000e+02 -2.057522300522689196e-03 -2.057522300522689196e-03
1.640000000000000000e+02 -2.035684095499067266e-03 -2.035684095499067266e-03
1.650000000000000000e+02 -2.050968179803081513e-03 -2.050968179803081513e-03
1.660000000000000000e+02 -2.101848741130938215e-03 -2.101848741130938215e-03
1.670000000000000000e+02 -2.016771097753117768e-03 -2.016771097753117768e-03
1.680000000000000000e+02 -2.012081199720293888e-03 -2.012081199720293888e-03
1.690000000000000000e+02 -2.095831531611458669e-03 -2.095831531611458669e-03
1.700000000000000000e+02 -2.034039999107860319e-03 -2.034039999107860319e-03
1.710000000000000000e+02 -2.006012989779761349e-03 -2.006012989779761349e-03
1.720000000000000000e+02 -2.004174380507652356e-03 -2.004174380507652356e-03
1.730000000000000000e+02 -1.974602973284634525e-03 -1.974602973284634525e-03
1.740000000000000000e+02 -2.003407020913712186e-03 -2.003407020913712186e-03
1.750000000000000000e+02 -1.961212745637799272e-03 -1.961212745637799272e-03
1.760000000000000000e+02 -1.980059091591059982e-03 -1.980059091591059982e-03
1.770000000000000000e+02 -1.953512039467486267e-03 -1.953512039467486267e-03
1.780000000000000000e+02 -1.949374781350186187e-03 -1.949374781350186187e-03
1.790000000000000000e+02 -1.997577702387494467e-03 -1.997577702387494467e-03
1.800000000000000000e+02 -1.978942577142254588e-03 -1.978942577142254588e-03
1.810000000000000000e+02 -2.034338974915132683e-03 -2.034338974915132683e-03
1.820000000000000000e+02 -2.048634877514294000e-03 -2.048634877514294000e-03
1.830000000000000000e+02 -1.983796762677680903e-03 -1.983796762677680903e-03
1.840000000000000000e+02 -2.058866298727139287e-03 -2.058866298727139287e-03
1.850000000000000000e+02 -2.049583368339131118e-03 -2.049583368339131118e-03
1.860000000000000000e+02 -2.044132041974689069e-03 -2.044132041974689069e-03
1.870000000000000000e+02 -2.185353969403652525e-03 -2.185353969403652525e-03
1.880000000000000000e+02 -2.178931421179458768e-03 -2.178931421179458768e-03
1.890000000000000000e+02 -2.161796177315114531e-03 -2.161796177315114531e-03
1.900000000000000000e+02 -2.223257575044438467e-03 -2.223257575044438467e-03
1.910000000000000000e+02 -2.217388906404317312e-03 -2.217388906404317312e-03
1.920000000000000000e+02 -2.275724911026562151e-03 -2.275724911026562151e-03
1.930000000000000000e+02 -2.185716973378780664e-03 -2.185716973378780664e-03
1.940000000000000000e+02 -2.236268420408814989e-03 -2.236268420408814989e-03
1.950000000000000000e+02 -2.239816809355287160e-03 -2.239816809355287160e-03
1.960000000000000000e+02 -2.139867523968692811e-03 -2.139867523968692811e-03
1.970000000000000000e+02 -2.171202116912673234e-03 -2.171202116912673234e-03
1.980000000000000000e+02 -2.148421457050532588e-03 -2.148421457050532588e-03
1.990000000000000000e+02 -2.139712630772641795e-03 -2.139712630772641795e-03
2.000000000000000000e+02 -2.054938068290412898e-03 -2.054938068290412898e-03
2.010000000000000000e+02 -2.138550735262606788e-03 -2.138550735262606788e-03
2.020000000000000000e+02 -1.999214610187775767e-03 -1.999214610187775767e-03
2.030000000000000000e+02 -1.995492478943063346e-03 -1.995492478943063346e-03
2.040000000000000000e+02 -2.058650140730677956e-03 -2.058650140730677956e-03
2.050000000000000000e+02 -2.056795864758941689e-03 -2.056795864758941689e-03
2.060000000000000000e+02 -2.041109135288226087e-03 -2.041109135288226087e-03
2.070000000000000000e+02 -2.067997816137569656e-03 -2.067997816137569656e-03
2.080000000000000000e+02 -2.080688825550445955e-03 -2.080688825550445955e-03
2.090000000000000000e+02 -2.132089019572695667e-03 -2.132089019572695667e-03
2.100000000000000000e+02 -2.165966602335123257e-03 -2.165966602335123257e-03
2.110000000000000000e+02 -2.123284259824712115e-03 -2.123284259824712115e-03
2.120000000000000000e+02 -2.179274826577756903e-03 -2.179274826577756903e-03
2.130000000000000000e+02 -2.212340159775027550e-03 -2.212340159775027550e-03
2.140000000000000000e+02 -2.293909702903924527e-03 -2.293909702903924527e-03
2.150000000000000000e+02 -2.199447195266498924e-03 -2.199447195266498924e-03
2.160000000000000000e+02 -2.259005190729302705e-03 -2.259005190729302705e-03
2.170000000000000000e+02 -2.267763193400160800e-03 -2.267763193400160800e-03
2.180000000000000000e+02 -2.384876336721311607e-03 -2.384876336721311607e-03
2.190000000000000000e+02 -2.343937425007348689e-03 -2.343937425007348689e-03
2.200000000000000000e+02 -2.382547346143013608e-03 -2.382547346143013608e-03
2.210000000000000000e+02 -2.285375839702577083e-03 -2.285375839702577083e-03
2.220000000000000000e+02 -2.349304628571246244e-03 -2.349304628571246244e-03
2.230000000000000000e+02 -2.374945454032185814e-03 -2.374945454032185814e-03
2.240000000000000000e+02 -2.319251243312855145e-03 -2.319251243312855145e-03
2.250000000000000000e+02 -2.406665462078059082e-03 -2.406665462078059082e-03
2.260000000000000000e+02 -2.418252258964493154e-03 -2.418252258964493154e-03
2.270000000000000000e+02 -2.376853983419172436e-03 -2.376853983419172436e-03
2.280000000000000000e+02 -2.393276207045900127e-03 -2.393276207045900127e-03
2.290000000000000000e+02 -2.370978875480184590e-03 -2.370978875480184590e-03
2.300000000000000000e+02 -2.428222551763753023e-03 -2.428222551763753023e-03
2.310000000000000000e+02 -2.405305110340959403e-03 -2.405305110340959403e-03
2.320000000000000000e+02 -2.425690772631761399e-03 -2.425690772631761399e-03
2.330000000000000000e+02 -2.424063816192835279e-03 -2.424063816192835279e-03
2.340000000000000000e+02 -2.452591424398796981e-03 -2.452591424398796981e-03
2.350000000000000000e+02 -2.376936740000495842e-03 -2.376936740000495842e-03
2.360000000000000000e+02 -2.489456154570041796e-03 -2.489456154570041796e-03
2.370000000000000000e+02 -2.480004128409840115e-03 -2.480004128409840115e-03
2.380000000000000000e+02 -2.420162412588622997e-03 -2.420162412588622997e-03
2.390000000000000000e+02 -2.392817719387854182e-03 -2.392817719387854182e-03
2.400000000000000000e+02 -2.435165677476051806e-03 -2.435165677476051806e-03
2.410000000000000000e+02 -2.405147179838156360e-03 -2.405147179838156360e-03
2.420000000000000000e+02 -2.304276187017641458e-03 -2.304276187017641458e-03
2.430000000000000000e+02 -2.350427229769776975e-03 -2.350427229769776975e-03
2.440000000000000000e+02 -2.362872032232818647e-03 -2.362872032232818647e-03
2.450000000000000000e+02 -2.326409672583847760e-03 -2.326409672583847760e-03
2.460000000000000000e+02 -2.390135811823108133e-03 -2.390135811823108133e-03
2.470000000000000000e+02 -2.343386392077617588e-03 -2.343386392077617588e-03
2.480000000000000000e+02 -2.264255446586034386e-03 -2.264255446586034386e-03
2.490000000000000000e+02 -2.260113130935838786e-03 -2.260113130935838786e-03
2.500000000000000000e+02 -2.225199236578192553e-03 -2.225199236578192553e-03
2.510000000000000000e+02 -2.267999264351120130e-03 -2.267999264351120130e-03
2.520000000000000000e+02 -2.243029513958836110e-03 -2.243029513958836110e-03
2.530000000000000000e+02 -2.329978478764317597e-03 -2.329978478764317597e-03
2.540000000000000000e+02 -2.213592458638673384e-03 -2.213592458638673384e-03
2.550000000000000000e+02 -2.228698724651929919e-03 -2.228698724651929919e-03
2.560000000000000000e+02 -2.208652622331417487e-03 -2.208652622331417487e-03
2.570000000000000000e+02 -2.222839554364802652e-03 -2.222839554364802652e-03
2.580000000000000000e+02 -2.221162108449976046e-03 -2.221162108449976046e-03
2.590000000000000000e+02 -2.248314466290258530e-03 -2.248314466290258530e-03
2.600000000000000000e+02 -2.151506908205966673e-03 -2.151506908205966673e-03
2.610000000000000000e+02 -2.259866876667349957e-03 -2.259866876667349957e-03
2.620000000000000000e+02 -2.172585369371520664e-03 -2.172585369371520664e-03
2.630000000000000000e+02 -2.159371087205316959e-03 -2.159371087205316959e-03
2.640000000000000000e+02 -2.205024841462612135e-03 -2.205024841462612135e-03
2.650000000000000000e+02 -2.137977613153150755e-03 -2.137977613153150755e-03
2.660000000000000000e+02 -2.172362518015987475e-03 -2.172362518015987475e-03
2.670000000000000000e+02 -2.185937857729665281e-03 -2.185937857729665281e-03
2.680000000000000000e+02 -2.208628131293043952e-03 -2.208628131293043952e-03
2.690000000000000000e+02 -2.138183855448894978e-03 -2.138183855448894978e-03
2.700000000000000000e+02 -2.218745410093385297e-03 -2.218745410093385297e-03
2.710000000000000000e+02 -2.185670165339965044e-03 -2.185670165339965044e-03
2.720000000000000000e+02 -2.107507497185968828e-03 -2.107507497185968828e-03
2.730000000000000000e+02 -2.187136849214494846e-03 -2.187136849214494846e-03
2.740000000000000000e+02 -2.224176456171525918e-03 -2.224176456171525918e-03
2.750000000000000000e+02 -2.141955619433047464e-03 -2.141955619433047464e-03
2.760000000000000000e+02 -2.058144239495839859e-03 -2.058144239495839859e-03
2.770000000000000000e+02 -2.092646134967544175e-03 -2.092646134967544175e-03
2.780000000000000000e+02 -2.089513766722166533e-03 -2.089513766722166533e-03
2.790000000000000000e+02 -2.025137113378152991e-03 -2.025137113378152991e-03
2.800000000000000000e+02 -1.963917803663016697e-03 -1.963917803663016697e-03
2.810000000000000000e+02 -1.924501538496923387e-03 -1.924501538496923387e-03
2.820000000000000000e+02 -1.917067555730811359e-03 -1.917067555730811359e-03
2.830000000000000000e+02 -1.938393497982666665e-03 -1.938393497982666665e-03
2.840000000000000000e+02 -1.798955820730928834e-03 -1.798955820730928834e-03
2.850000000000000000e+02 -1.813827638334428345e-03 -1.813827638334428345e-03
2.860000000000000000e+02 -1.840345909976513370e-03 -1.840345909976513370e-03
2.870000000000000000e+02 -1.771279669464544950e-03 -1.771279669464544950e-03
2.880000000000000000e+02 -1.739106669471099029e-03 -1.739106669471099029e-03
2.890000000000000000e+02 -1.690315256740354630e-03 -1.690315256740354630e-03
2.900000000000000000e+02 -1.619739123880795844e-03 -1.619739123880795844e-03
2.910000000000000000e+02 -1.660694931605480144e-03 -1.660694931605480144e-03
2.920000000000000000e+02 -1.602971127468915541e-03 -1.602971127468915541e-03
2.930000000000000000e+02 -1.551320248805676929e-03 -1.551320248805676929e-03
2.940000000000000000e+02 -1.597750991593579594e-03 -1.597750991593579594e-03
2.950000000000000000e+02 -1.485835835859243819e-03 -1.485835835859243819e-03
2.960000000000000000e+02 -1.449377302200340013e-03 -1.449377302200340013e-03
2.970000000000000000e+02 -1.494725308967188122e-03 -1.494725308967188122e-03
2.980000000000000000e+02 -1.444683200802537567e-03 -1.444683200802537567e-03
2.990000000000000000e+02 -1.485065555900954648e-03 -1.485065555900954648e-03
3.000000000000000000e+02 -1.516999312018683672e-03 -1.516999312018683672e-03
3.010000000000000000e+02 -1.492062523056259275e-03 -1.492062523056259275e-03
3.020000000000000000e+02 -1.450495381525863416e-03 -1.450495381525863416e-03
3.030000000000000000e+02 -1.444444001148934920e-03 -1.444444001148934920e-03
3.040000000000000000e+02 -1.485279235213311875e-03 -1.485279235213311875e-03
3.050000000000000000e+02 -1.422153423640483156e-03 -1.422153423640483156e-03
3.060000000000000000e+02 -1.443690264757910334e-03 -1.443690264757910334e-03
3.070000000000000000e+02 -1.461074731419743271e-03 -1.461074731419743271e-03
3.080000000000000000e+02 -1.466891301879682391e-03 -1.466891301879682391e-03
3.090000000000000000e+02 -1.418580957740205300e-03 -1.418580957740205300e-03
3.100000000000000000e+02 -1.497781468984249551e-03 -1.497781468984249551e-03
3.110000000000000000e+02 -1.437978075156152264e-03 -1.437978075156152264e-03
3.120000000000000000e+02 -1.428364937478725401e-03 -1.428364937478725401e-03
3.130000000000000000e+02 -1.407041359491271321e-03 -1.407041359491271321e-03
3.140000000000000000e+02 -1.372663893585399130e-03 -1.372663893585399130e-03
3.150000000000000000e+02 -1.414087223223877386e-03 -1.414087223223877386e-03
3.160000000000000000e+02 -1.411914880732143040e-03 -1.411914880732143040e-03
3.170000000000000000e+02 -1.357562824437057126e-03 -1.357562824437057126e-03
3.180000000000000000e+02 -1.361760871111749194e-03 -1.361760871111749194e-03
3.190000000000000000e+02 -1.369352618480664582e-03 -1.369352618480664582e-03
3.200000000000000000e+02 -1.357624575222907484e-03 -1.357624575222907484e-03
3.210000000000000000e+02 -1.330663275680219696e-03 -1.330663275680219696e-03
3.220000000000000000e+02 -1.302002243496502929e-03 -1.302002243496502929e-03
3.230000000000000000e+02 -1.328160945263533134e-03 -1.328160945263533134e-03
3.240000000000000000e+02 -1.297908829810843698e-03 -1.297908829810843698e-03
3.250000000000000000e+02 -1.194680149138262551e-03 -1.194680149138262551e-03
3.260000000000000000e+02 -1.198850975607435336e-03 -1.198850975607435336e-03
3.270000000000000000e+02 -1.189003891031735483e-03 -1.189003891031735483e-03
3.280000000000000000e+02 -1.208014780046194831e-03 -1.208014780046194831e-03
3.290000000000000000e+02 -1.185265621421925653e-03 -1.185265621421925653e-03
3.300000000000000000e+02 -1.024027022903313631e-03 -1.024027022903313631e-03
3.310000000000000000e+02 -1.147986947955937417e-03 -1.147986947955937417e-03
3.320000000000000000e+02 -1.129497392894003279e-03 -1.129497392894003279e-03
3.330000000000000000e+02 -1.067264157892538513e-03 -1.067264157892538513e-03
3.340000000000000000e+02 -1.060750284491904488e-03 -1.060750284491904488e-03
3.350000000000000000e+02 -1.057081652990451721e-03 -1.057081652990451721e-03
3.360000000000000000e+02 -1.064720361023374293e-03 -1.064720361023374293e-03
3.370000000000000000e+02 -1.014910491967443507e-03 -1.014910491967443507e-03
3.380000000000000000e+02 -1.119002923999285089e-03 -1.119002923999285089e-03
3.390000000000000000e+02 -1.045559495237770656e-03 -1.045559495237770656e-03
3.400000000000000000e+02 -9.770540273372114743e-04 -9.770540273372114743e-04
3.410000000000000000e+02 -1.001713922098672587e-03 -1.001713922098672587e-03
3.420000000000000000e+02 -9.073976177482186807e-04 -9.073976177482186807e-04
3.430000000000000000e+02 -9.932570683845172270e-04 -9.932570683845172270e-04
3.440000000000000000e+02 -9.641170723849328038e-04 -9.641170723849328038e-04
3.450000000000000000e+02 -9.899837386633876697e-04 -9.899837386633876697e-04
3.460000000000000000e+02 -9.493210687719153950e-04 -9.493210687719153950e-04
3.470000000000000000e+02 -9.288797448447985456e-04 -9.288797448447985456e-04
3.480000000000000000e+02 -9.100086151689169107e-04 -9.100086151689169107e-04
3.490000000000000000e+02 -9.836443105484991237e-04 -9.836443105484991237e-04
3.500000000000000000e+02 -9.681116149593717432e-04 -9.681116149593717432e-04
3.510000000000000000e+02 -9.283004609319739711e-04 -9.283004609319739711e-04
3.520000000000000000e+02 -8.618622857801220291e-04 -8.618622857801220291e-04
3.530000000000000000e+02 -8.833101865473109082e-04 -8.833101865473109082e-04
3.540000000000000000e+02 -8.604680454983180873e-04 -8.604680454983180873e-04
3.550000000000000000e+02 -8.321680003698671063e-04 -8.321680003698671063e-04
3.560000000000000000e+02 -8.891626783102123425e-04 -8.891626783102123425e-04
3.570000000000000000e+02 -8.337492199511298491e-04 -8.337492199511298491e-04
3.580000000000000000e+02 -8.423183922133894736e-04 -8.423183922133894736e-04
3.590000000000000000e+02 -7.739864514236445038e-04 -7.739864514236445038e-04
3.600000000000000000e+02 -8.406826027577158494e-04 -8.406826027577158494e-04
3.610000000000000000e+02 -7.678142129728928117e-04 -7.678142129728928117e-04
3.620000000000000000e+02 -7.229900034769356056e-04 -7.229900034769356056e-04
3.630000000000000000e+02 -8.196084340989178265e-04 -8.196084340989178265e-04
3.640000000000000000e+02 -7.282381042973464511e-04 -7.282381042973464511e-04
3.650000000000000000e+02 -7.812538036120391998e-04 -7.812538036120391998e-04
3.660000000000000000e+02 -7.123146904335364311e-04 -7.123146904335364311e-04
3.670000000000000000e+02 -7.553172656053768093e-04 -7.553172656053768093e-04
3.680000000000000000e+02 -7.220886768867177535e-04 -7.220886768867177535e-04
3.690000000000000000e+02 -6.345883737224446500e-04 -6.345883737224446500e-04
3.700000000000000000e+02 -6.768126388601138424e-04 -6.768126388601138424e-04
3.710000000000000000e+02 -6.433930217350415258e-04 -6.433930217350415258e-04
3.720000000000000000e+02 -7.113834275959868324e-04 -7.113834275959868324e-04
3.730000000000000000e+02 -6.283871115902525542e-04 -6.283871115902525542e-04
3.740000000000000000e+02 -6.577877991422630610e-04 -6.577877991422630610e-04
3.750000000000000000e+02 -5.904421516606120704e-04 -5.904421516606120704e-04
3.760000000000000000e+02 -6.587572830045380391e-04 -6.587572830045380391e-04
3.770000000000000000e+02 -6.350933996916907544e-04 -6.350933996916907544e-04
3.780000000000000000e+02 -6.133954351250027383e-04 -6.133954351250027383e-04
3.790000000000000000e+02 -5.818091453680285675e-04 -5.818091453680285675e-04
3.800000000000000000e+02 -5.961129660994318865e-04 -5.961129660994318865e-04
3.810000000000000000e+02 -5.907803844186951779e-04 -5.907803844186951779e-04
3.820000000000000000e+02 -5.659542269043320436e-04 -5.659542269043320436e-04
3.830000000000000000e+02 -5.306994877979399894e-04 -5.306994877979399894e-04
3.840000000000000000e+02 -6.216497525892036814e-04 -6.216497525892036814e-04
3.850000000000000000e+02 -5.702669583737994194e-04 -5.702669583737994194e-04
3.860000000000000000e+02 -5.425550672065868789e-04 -5.425550672065868789e-04
3.870000000000000000e+02 -5.581683792460406584e-04 -5.581683792460406584e-04
3.880000000000000000e+02 -5.775637582998333118e-04 -5.775637582998333118e-04
3.890000000000000000e+02 -5.400962824896046255e-04 -5.400962824896046255e-04
3.900000000000000000e+02 -5.624250164417130861e-04 -5.624250164417130861e-04
3.910000000000000000e+02 -4.938258525237436934e-04 -4.938258525237436934e-04
3.920000000000000000e+02 -4.819499194573074541e-04 -4.819499194573074541e-04
3.930000000000000000e+02 -5.203095125503302441e-04 -5.203095125503302441e-04
3.940000000000000000e+02 -4.985071945715667877e-04 -4.985071945715667877e-04
3.950000000000000000e+02 -4.278962657436091764e-04 -4.278962657436091764e-04
3.960000000000000000e+02 -3.944867542518890719e-04 -3.944867542518890719e-04
3.970000000000000000e+02 -4.076685301051138585e-04 -4.076685301051138585e-04
3.980000000000000000e+02 -4.788888620578276418e-04 -4.788888620578276418e-04
3.990000000000000000e+02 -4.330660245567206066e-04 -4.330660245567206066e-04
4.000000000000000000e+02 -3.677740998410712484e-04 -3.677740998410712484e-04
4.010000000000000000e+02 -4.005975065570723708e-04 -4.005975065570723708e-04
4.020000000000000000e+02 -3.968756277668244016e-04 -3.968756277668244016e-04
4.030000000000000000e+02 -3.784321220878893296e-04 -3.784321220878893296e-04
4.040000000000000000e+02 -3.417884988418523617e-04 -3.417884988418523617e-04
4.050000000000000000e+02 -3.648716075020508450e-04 -3.648716075020508450e-04
4.060000000000000000e+02 -3.618599555616747285e-04 -3.618599555616747285e-04
4.070000000000000000e+02 -3.649416178110663858e-04 -3.649416178110663858e-04
4.080000000000000000e+02 -3.149004544557977114e-04 -3.149004544557977114e-04
4.090000000000000000e+02 -3.288410840101415808e-04 -3.288410840101415808e-04
4.100000000000000000e+02 -3.259739224181324000e-04 -3.259739224181324000e-04
4.110000000000000000e+02 -3.716443007271821104e-04 -3.716443007271821104e-04
4.120000000000000000e+02 -2.786903965149288586e-04 -2.786903965149288586e-04
4.130000000000000000e+02 -3.666729315842959399e-04 -3.666729315842959399e-04
4.140000000000000000e+02 -3.909807887186380628e-04 -3.909807887186380628e-04
4.150000000000000000e+02 -3.626204035226730880e-04 -3.626204035226730880e-04
4.160000000000000000e+02 -3.335312165972475996e-04 -3.335312165972475996e-04
4.170000000000000000e+02 -3.432664446285139687e-04 -3.432664446285139687e-04
4.180000000000000000e+02 -3.590096135462588064e-04 -3.590096135462588064e-04
4.190000000000000000e+02 -3.309794947322237924e-04 -3.309794947322237924e-04
4.200000000000000000e+02 -3.647014017013561421e-04 -3.647014017013561421e-04
4.210000000000000000e+02 -3.431050242015026884e-04 -3.431050242015026884e-04
4.220000000000000000e+02 -3.769716461326629779e-04 -3.769716461326629779e-04
4.230000000000000000e+02 -3.190173279932274658e-04 -3.190173279932274658e-04
4.240000000000000000e+02 -4.064691305287524261e-04 -4.064691305287524261e-04
4.250000000000000000e+02 -4.156025204425830687e-04 -4.156025204425830687e-04
4.260000000000000000e+02 -3.488707881910609607e-04 -3.488707881910609607e-04
4.270000000000000000e+02 -4.364915901744200822e-04 -4.364915901744200822e-04
4.280000000000000000e+02 -5.318791885135612822e-04 -5.318791885135612822e-04
4.290000000000000000e+02 -4.627335293991798786e-04 -4.627335293991798786e-04
4.300000000000000000e+02 -4.470675120898824823e-04 -4.470675120898824823e-04
4.310000000000000000e+02 -5.008504899199685842e-04 -5.008504899199685842e-04
4.320000000000000000e+02 -4.778312472776248218e-04 -4.778312472776248218e-04
4.330000000000000000e+02 -5.054976281054397724e-04 -5.054976281054397724e-04
4.340000000000000000e+02 -4.807877607897749180e-04 -4.807877607897749180e-04
4.350000000000000000e+02 -5.500010885743317288e-04 -5.500010885743317288e-04
4.360000000000000000e+02 -4.978532959339010064e-04 -4.978532959339010064e-04
4.370000000000000000e+02 -6.073039974368872173e-04 -6.073039974368872173e-04
4.380000000000000000e+02 -6.019271845834380918e-04 -6.019271845834380918e-04
4.390000000000000000e+02 -6.492205422985501901e-04 -6.492205422985501901e-04
4.400000000000000000e+02 -6.282277135865076741e-04 -6.282277135865076741e-04
4.410000000000000000e+02 -5.854387695635069689e-04 -5.854387695635069689e-04
4.420000000000000000e+02 -5.397400161096290718e-04 -5.397400161096290718e-04
4.430000000000000000e+02 -6.329508109586097974e-04 -6.329508109586097974e-04
4.440000000000000000e+02 -6.485587521828746135e-04 -6.485587521828746135e-04
4.450000000000000000e+02 -6.673461330504864035e-04 -6.673461330504864035e-04
4.460000000000000000e+02 -7.127446429630478935e-04 -7.127446429630478935e-04
4.470000000000000000e+02 -7.461873284447262129e-04 -7.461873284447262129e-04
4.480000000000000000e+02 -6.796480354382636877e-04 -6.796480354382636877e-04
4.490000000000000000e+02 -7.684330034701425827e-04 -7.684330034701425827e-04
4.500000000000000000e+02 -8.391544115832215477e-04 -8.391544115832215477e-04
4.510000000000000000e+02 -7.692018595667078065e-04 -7.692018595667078065e-04
4.520000000000000000e+02 -7.683753487501688954e-04 -7.683753487501688954e-04
4.530000000000000000e+02 -8.149493054723260703e-04 -8.149493054723260703e-04
4.540000000000000000e+02 -8.297059197027665525e-04 -8.297059197027665525e-04
4.550000000000000000e+02 -7.633796405465534179e-04 -7.633796405465534179e-04
4.560000000000000000e+02 -8.857432891014966822e-04 -8.857432891014966822e-04
4.570000000000000000e+02 -9.655458101384339301e-04 -9.655458101384339301e-04
4.580000000000000000e+02 -9.373717181352349747e-04 -9.373717181352349747e-04
4.590000000000000000e+02 -9.888029208504585995e-04 -9.888029208504585995e-04
4.600000000000000000e+02 -9.188836044130200718e-04 -9.188836044130200718e-04
4.610000000000000000e+02 -1.051840418508281265e-03 -1.051840418508281265e-03
4.620000000000000000e+02 -1.069135672971565114e-03 -1.069135672971565114e-03
4.630000000000000000e+02 -1.088380270179826331e-03 -1.088380270179826331e-03
4.640000000000000000e+02 -9.950412238355303002e-04 -9.950412238355303002e-04
4.650000000000000000e+02 -1.167640860271654214e-03 -1.167640860271654214e-03
4.660000000000000000e+02 -1.160624876476689694e-03 -1.160624876476689694e-03
4.670000000000000000e+02 -1.169777257937619063e-03 -1.169777257937619063e-03
4.680000000000000000e+02 -1.139660500872463535e-03 -1.139660500872463535e-03
4.690000000000000000e+02 -1.212232377822463356e-03 -1.212232377822463356e-03
4.700000000000000000e+02 -1.221486215759067656e-03 -1.221486215759067656e-03
4.710000000000000000e+02 -1.292462926623372298e-03 -1.292462926623372298e-03
4.720000000000000000e+02 -1.321086330405300520e-03 -1.321086330405300520e-03
4.730000000000000000e+02 -1.348696943900078030e-03 -1.348696943900078030e-03
4.740000000000000000e+02 -1.437899617940515459e-03 -1.437899617940515459e-03
4.750000000000000000e+02 -1.395913342935105371e-03 -1.395913342935105371e-03
4.760000000000000000e+02 -1.488618786286885140e-03 -1.488618786286885140e-03
4.770000000000000000e+02 -1.529875670316033784e-03 -1.529875670316033784e-03
4.780000000000000000e+02 -1.504930129562578357e-03 -1.504930129562578357e-03
4.790000000000000000e+02 -1.576973315523481651e-03 -1.576973315523481651e-03
4.800000000000000000e+02 -1.623444440832682353e-03 -1.623444440832682353e-03
4.810000000000000000e+02 -1.590347716520204915e-03 -1.590347716520204915e-03
4.820000000000000000e+02 -1.723829921079916404e-03 -1.723829921079916404e-03
4.830000000000000000e+02 -1.663662565750158306e-03 -1.663662565750158306e-03
4.840000000000000000e+02 -1.757369551733863619e-03 -1.757369551733863619e-03
4.850000000000000000e+02 -1.852852611257358633e-03 -1.852852611257358633e-03
4.860000000000000000e+02 -1.778239912531179778e-03 -1.778239912531179778e-03
4.870000000000000000e+02 -1.862880556901597021e-03 -1.862880556901597021e-03
4.880000000000000000e+02 -1.793548960705557268e-03 -1.793548960705557268e-03
4.890000000000000000e+02 -1.868878456682043559e-03 -1.868878456682043559e-03
4.900000000000000000e+02 -1.885160021965842430e-03 -1.885160021965842430e-03
4.910000000000000000e+02 -1.974754925977906337e-03 -1.974754925977906337e-03
4.920000000000000000e+02 -1.789046901728559309e-03 -1.789046901728559309e-03
4.930000000000000000e+02 -1.946704586915228713e-03 -1.946704586915228713e-03
4.940000000000000000e+02 -1.948015850989455976e-03 -1.948015850989455976e-03
4.950000000000000000e+02 -1.995855402080648662e-03 -1.995855402080648662e-03
4.960000000000000000e+02 -1.932743654113308661e-03 -1.932743654113308661e-03
4.970000000000000000e+02 -2.010779379447168863e-03 -2.010779379447168863e-03
4.980000000000000000e+02 -1.949145952199372736e-03 -1.949145952199372736e-03
4.990000000000000000e+02 -2.003881902038946901e-03 -2.003881902038946901e-03
5.000000000000000000e+02 -1.977121893994692597e-03 -1.977121893994692597e-03
