# delays[ps] pumped_signal, blocked_signal, pumped_reference, blocked_reference
-2.000000000000000000e+01 4.648217860137080493e+00 4.652786208208007146e+00 6.561039261366627073e+00 6.567384250722274608e+00
-1.800000000000000000e+01 4.652783323413526517e+00 4.650230771192380708e+00 6.567062331337937486e+00 6.564013922903973786e+00
-1.600000000000000000e+01 4.648097821954159770e+00 4.645071371474228883e+00 6.560869170107496373e+00 6.556996360415933367e+00
-1.400000000000000000e+01 4.646723693998688454e+00 4.647209283024397841e+00 6.558663829780396526e+00 6.560110996890141877e+00
-1.200000000000000000e+01 4.648789533991751100e+00 4.649572692553773479e+00 6.562459766180907650e+00 6.564048033581326713e+00
-1.000000000000000000e+01 4.642288034110033657e+00 4.635408968447244149e+00 6.553177356166481005e+00 6.544043171680541171e+00
-8.000000000000000000e+00 4.640525846311104097e+00 4.635702373171403323e+00 6.550921956729209406e+00 6.544439238705733963e+00
-6.000000000000000000e+00 4.650037863941955507e+00 4.653903049881069620e+00 6.563984373316023913e+00 6.569518169957690112e+00
-4.000000000000000000e+00 4.646934216642482518e+00 4.649107603316854131e+00 6.560396956091254950e+00 6.563539621846108396e+00
-2.000000000000000000e+00 4.653744176389027487e+00 4.654900977440880716e+00 6.570034434496344389e+00 6.572036466639812780e+00
-1.000000000000000000e+00 4.639013182067771801e+00 4.640635311527634421e+00 6.548991438775590979e+00 6.552150272307838641e+00
-9.000000000000000222e-01 4.642886132568508017e+00 4.643557504430229521e+00 6.554963975273671473e+00 6.555802236367720859e+00
-8.000000000000000444e-01 4.642635570359098018e+00 4.644051904285620758e+00 6.554622924328648459e+00 6.556661956376336420e+00
-6.999999999999999556e-01 4.646392329963862089e+00 4.648831177007367366e+00 6.559178723885299434e+00 6.562546577724203800e+00
-5.999999999999999778e-01 4.651768262941925691e+00 4.652605473917961199e+00 6.565967832845243102e+00 6.567824122173549384e+00
-5.000000000000000000e-01 4.644870535823505620e+00 4.649507993593528177e+00 6.556531344325861710e+00 6.562844710550825411e+00
-4.000000000000000222e-01 4.647763099039456947e+00 4.655122630653708349e+00 6.560979041356855390e+00 6.571155283147589010e+00
-2.999999999999999889e-01 4.643957491181655683e+00 4.645799435523242593e+00 6.555984731730857717e+00 6.558921273379448635e+00
-2.000000000000000111e-01 4.651286111622566999e+00 4.649463467303122322e+00 6.565928423675837955e+00 6.563642599986130755e+00
-1.000000000000000056e-01 4.650291708607406704e+00 4.654396729435320346e+00 6.564876679647936086e+00 6.569645977386070257e+00
0.000000000000000000e+00 4.638495719405837825e+00 4.636621341733646595e+00 6.551180770238544504e+00 6.545021080735571317e+00
1.000000000000000056e-01 4.642393257395622364e+00 4.652618364814368412e+00 6.559442829084777493e+00 6.567149859986570526e+00
2.000000000000000111e-01 4.638112707868821794e+00 4.645390639959789070e+00 6.556980664597094943e+00 6.557496685855274343e+00
2.999999999999999889e-01 4.646620153227720706e+00 4.651267455489739078e+00 6.571219031358232598e+00 6.566172106422765609e+00
4.000000000000000222e-01 4.644050462318948469e+00 4.656618883021208966e+00 6.568401481960492561e+00 6.572500681473252726e+00
5.000000000000000000e-01 4.636235128028189045e+00 4.651219329282719528e+00 6.559834566450508220e+00 6.565615885140598351e+00
5.999999999999999778e-01 4.638324673320859404e+00 4.644178987439520512e+00 6.562939835220381823e+00 6.556549686945142064e+00
6.999999999999999556e-01 4.627676436493526779e+00 4.645172831101341160e+00 6.548830482368345862e+00 6.558196414101995053e+00
8.000000000000000444e-01 4.627029808085231011e+00 4.639294090869920062e+00 6.547510230426753175e+00 6.549440107326465643e+00
9.000000000000000222e-01 4.634615239249560759e+00 4.646803370507864628e+00 6.557777603488526452e+00 6.558914472109631078e+00
1.000000000000000000e+00 4.642348331901111180e+00 4.645267883694079281e+00 6.568717547660026135e+00 6.556900751931260096e+00
1.100000000000000089e+00 4.633011364320640979e+00 4.640791222866892163e+00 6.555309274704714362e+00 6.550196928182663747e+00
1.199999999999999956e+00 4.637320660993601962e+00 4.653569845997713728e+00 6.562476745719668436e+00 6.568623935241113543e+00
1.300000000000000044e+00 4.628461676562575455e+00 4.638419725135987548e+00 6.550786307424130150e+00 6.548131315132115660e+00
1.399999999999999911e+00 4.626291333774366521e+00 4.639993010287136954e+00 6.546729632879874750e+00 6.549509941039377559e+00
1.500000000000000000e+00 4.625553419380688425e+00 4.644038130442317502e+00 6.546228986660836746e+00 6.555252901206384486e+00
1.600000000000000089e+00 4.644782449299318827e+00 4.649148120826865238e+00 6.573207201883024098e+00 6.562539602086399526e+00
1.699999999999999956e+00 4.625072150341837052e+00 4.638578519649502852e+00 6.546963775932872487e+00 6.548425363750530970e+00
1.800000000000000044e+00 4.628322422124699465e+00 4.643299895923760801e+00 6.550586433952747534e+00 6.554281396051359287e+00
1.899999999999999911e+00 4.627438043011715685e+00 4.643265302569028918e+00 6.549835776405068088e+00 6.554384056897906596e+00
2.000000000000000000e+00 4.641605772618292214e+00 4.651331837775331657e+00 6.568962827761351875e+00 6.564829837216093367e+00
3.000000000000000000e+00 4.632690651540329441e+00 4.633041954328458445e+00 6.557679019804577791e+00 6.540791119799536979e+00
4.000000000000000000e+00 4.637793839331299850e+00 4.651800212961070713e+00 6.563786261925501186e+00 6.565887592102598980e+00
5.000000000000000000e+00 4.631104477890198190e+00 4.646699748371524663e+00 6.553494549041662509e+00 6.558752389761751900e+00
6.000000000000000000e+00 4.626265950190950882e+00 4.639973312330545774e+00 6.545280542651799038e+00 6.549263223410729751e+00
7.000000000000000000e+00 4.636017879735818248e+00 4.646602134190700895e+00 6.556926857274003595e+00 6.557730033956180371e+00
8.000000000000000000e+00 4.633252877867256814e+00 4.645958711123864937e+00 6.553190967803388389e+00 6.556944549192652794e+00
9.000000000000000000e+00 4.634004486452203864e+00 4.642707479156959138e+00 6.553930569781352133e+00 6.553069567471035306e+00
1.000000000000000000e+01 4.646176680737954534e+00 4.654956711092370192e+00 6.570344651475314990e+00 6.569728695663237694e+00
1.100000000000000000e+01 4.640347513245534294e+00 4.653237043101538184e+00 6.562827164816866343e+00 6.567978424711397700e+00
1.200000000000000000e+01 4.644634227547761895e+00 4.644995779833208438e+00 6.568125611873625758e+00 6.556003076395449547e+00
1.300000000000000000e+01 4.634067345676410987e+00 4.641704348214294562e+00 6.552936075372453928e+00 6.551345729901075110e+00
1.400000000000000000e+01 4.637461196089430082e+00 4.645066164968228328e+00 6.558457463701072854e+00 6.556607577308672496e+00
1.500000000000000000e+01 4.647853265004976642e+00 4.656268621417847697e+00 6.572732818708488800e+00 6.571566004178048814e+00
1.600000000000000000e+01 4.639529841481845551e+00 4.650058043962562948e+00 6.560897925173978074e+00 6.562664287321555712e+00
1.700000000000000000e+01 4.634134290988609628e+00 4.650090073742011221e+00 6.553702584001887210e+00 6.562945117610357038e+00
1.800000000000000000e+01 4.635154881645489944e+00 4.647236749745911055e+00 6.555071603297589533e+00 6.558511677696579056e+00
1.900000000000000000e+01 4.631443125336669020e+00 4.648415574408689466e+00 6.550196451273031961e+00 6.560668426688095245e+00
2.000000000000000000e+01 4.647726986729748155e+00 4.657929109372862087e+00 6.572569390693518976e+00 6.574290497719291082e+00
2.100000000000000000e+01 4.645211508639022213e+00 4.658340549116675611e+00 6.569402781953726844e+00 6.575001593961454560e+00
2.200000000000000000e+01 4.642233179838782142e+00 4.649309877269567792e+00 6.563488047032918438e+00 6.561772132709717376e+00
2.300000000000000000e+01 4.636655536813838907e+00 4.650511923127606195e+00 6.557039204577871594e+00 6.564308368737627575e+00
2.400000000000000000e+01 4.637950871449282531e+00 4.650225248245526188e+00 6.558819418629844300e+00 6.563207302824713985e+00
2.500000000000000000e+01 4.646430607921418598e+00 4.660571831844128710e+00 6.569639326623642361e+00 6.577709115137915674e+00
2.600000000000000000e+01 4.643234873262362505e+00 4.649910700987819112e+00 6.564911842926459684e+00 6.562697278849653593e+00
2.700000000000000000e+01 4.645757236067983520e+00 4.658029769996763214e+00 6.566981777134301979e+00 6.572692948425363113e+00
2.800000000000000000e+01 4.650121785237598893e+00 4.654152411142933765e+00 6.573380735547823761e+00 6.567649146193314635e+00
2.900000000000000000e+01 4.640114887628095097e+00 4.643312226670103016e+00 6.559567905913588959e+00 6.553367541917358707e+00
3.000000000000000000e+01 4.643976390483063099e+00 4.648662131687324006e+00 6.564323185189206988e+00 6.560004414713490384e+00
3.100000000000000000e+01 4.647076033659082839e+00 4.658094391826065106e+00 6.567026379223947607e+00 6.572019729310989433e+00
3.200000000000000000e+01 4.655671401837539136e+00 4.664835403568440952e+00 6.579060510202613621e+00 6.581609237682621405e+00
3.300000000000000000e+01 4.655323466686111189e+00 4.663246986155601626e+00 6.579949943237406451e+00 6.580584483732151213e+00
3.400000000000000000e+01 4.659684812541271981e+00 4.662681477672879105e+00 6.584949936731880449e+00 6.579188000903818612e+00
3.500000000000000000e+01 4.658401087133658969e+00 4.658062200977151512e+00 6.582394160732708777e+00 6.572072181289657422e+00
3.600000000000000000e+01 4.654201496810046912e+00 4.657061630907380234e+00 6.577646409834367880e+00 6.571471754889973482e+00
3.700000000000000000e+01 4.648985322457418690e+00 4.660723578851084348e+00 6.569669032243955265e+00 6.576032520111561475e+00
3.800000000000000000e+01 4.646821867382099569e+00 4.649374581475067103e+00 6.566780619745819614e+00 6.560803992875560375e+00
3.900000000000000000e+01 4.650348484335189880e+00 4.654150970473805771e+00 6.571756990594415093e+00 6.567276464875997810e+00
4.000000000000000000e+01 4.653547424552809453e+00 4.662032367936772559e+00 6.575965414888582217e+00 6.578019339258000642e+00
4.100000000000000000e+01 4.650673680443044411e+00 4.656256369795550576e+00 6.572367828964797098e+00 6.570727186987211255e+00
4.200000000000000000e+01 4.642696832478327984e+00 4.643525553836256314e+00 6.561549605860462542e+00 6.552933599911958673e+00
4.300000000000000000e+01 4.653474313239644999e+00 4.661521954188120098e+00 6.576227509343161692e+00 6.576982971060472138e+00
4.400000000000000000e+01 4.654253307970437348e+00 4.660568870941141029e+00 6.577080180205195248e+00 6.575911687491843516e+00
4.500000000000000000e+01 4.644445806451144243e+00 4.655644737276364076e+00 6.562969388138940374e+00 6.569183842533096396e+00
4.600000000000000000e+01 4.645811688468916678e+00 4.654289184588050965e+00 6.565624612643198077e+00 6.567567548838923130e+00
4.700000000000000000e+01 4.644624219885332472e+00 4.650807250140778670e+00 6.563787227026018023e+00 6.563078611586115052e+00
4.800000000000000000e+01 4.644640154580420344e+00 4.658402289527095341e+00 6.563571174269024588e+00 6.573070432427226883e+00
4.900000000000000000e+01 4.649287217669678007e+00 4.658930321073031067e+00 6.569862988899785705e+00 6.573834216693313692e+00
5.000000000000000000e+01 4.649208019807156589e+00 4.650885886360145882e+00 6.568521117227422046e+00 6.561930372099374686e+00
5.100000000000000000e+01 4.644287331531262275e+00 4.652038763284564560e+00 6.562333323851143874e+00 6.563762637650937926e+00
5.200000000000000000e+01 4.643562709491879659e+00 4.652302219632858282e+00 6.562039838353900478e+00 6.564716530634846059e+00
5.300000000000000000e+01 4.649620339179661777e+00 4.653297743465244274e+00 6.569576385614229963e+00 6.566135031211865147e+00
5.400000000000000000e+01 4.647301615184915136e+00 4.659723973045252876e+00 6.566177159173943068e+00 6.574345202148580647e+00
5.500000000000000000e+01 4.648596547120434685e+00 4.654037821020952315e+00 6.567359183768426867e+00 6.566512600536329458e+00
5.600000000000000000e+01 4.651559339500662027e+00 4.659517933153110469e+00 6.571811528638605182e+00 6.573930717238884114e+00
5.700000000000000000e+01 4.650339198052113154e+00 4.658187201632768115e+00 6.570800705330491098e+00 6.573241800568790261e+00
5.800000000000000000e+01 4.655189176681290952e+00 4.662373017027756639e+00 6.576188995969515894e+00 6.577949268266426230e+00
5.900000000000000000e+01 4.648721308904900873e+00 4.657771600195535378e+00 6.568210896737876503e+00 6.572400904391901832e+00
6.000000000000000000e+01 4.664077948909796767e+00 4.667619780474519864e+00 6.590757357374489978e+00 6.587428428569237937e+00
6.100000000000000000e+01 4.649487091381935500e+00 4.658128265037891680e+00 6.569647818847611731e+00 6.573197438837683926e+00
6.200000000000000000e+01 4.649368255831581642e+00 4.656224820851930346e+00 6.569158941196476142e+00 6.570406238396533816e+00
6.300000000000000000e+01 4.652111632824531995e+00 4.657752780130589798e+00 6.572784151930123109e+00 6.572366946544864419e+00
6.400000000000000000e+01 4.646258683594424177e+00 4.659040589579729108e+00 6.564392056207874582e+00 6.574123703177278344e+00
6.500000000000000000e+01 4.656885380476538216e+00 4.654434045788572227e+00 6.578789051430097956e+00 6.567265736974730039e+00
6.600000000000000000e+01 4.652686592688270117e+00 4.658000860061918935e+00 6.572476179006879526e+00 6.571599316291120374e+00
6.700000000000000000e+01 4.652799581247919924e+00 4.661047092270862890e+00 6.572581639021513489e+00 6.576137982282886263e+00
6.800000000000000000e+01 4.657390671027306084e+00 4.669403430459872162e+00 6.578346382370463985e+00 6.587049823072530508e+00
6.900000000000000000e+01 4.660612991740652689e+00 4.658483888662987127e+00 6.583265653513728388e+00 6.572739869774199661e+00
7.000000000000000000e+01 4.651296683655956166e+00 4.658064524526301042e+00 6.570311422302326676e+00 6.571467595492713087e+00
7.100000000000000000e+01 4.654193250290283856e+00 4.660779954869741282e+00 6.574444491255766465e+00 6.575416963338149401e+00
7.200000000000000000e+01 4.655630643963295512e+00 4.655779027832717354e+00 6.576737209102546444e+00 6.568926632856672221e+00
7.300000000000000000e+01 4.647006368060936587e+00 4.649689208670479523e+00 6.564735190259889386e+00 6.559835294377344361e+00
7.400000000000000000e+01 4.653957741882703836e+00 4.655532868650401390e+00 6.574854731111721584e+00 6.568610883199114348e+00
7.500000000000000000e+01 4.666311393522657447e+00 4.678386216551334797e+00 6.592391271088566818e+00 6.600407170211777697e+00
7.600000000000000000e+01 4.656593738177458697e+00 4.667555559550569555e+00 6.578967066218302406e+00 6.585352167338720974e+00
7.700000000000000000e+01 4.654367258536994179e+00 4.667866101261282985e+00 6.576207169195842361e+00 6.585897501079511329e+00
7.800000000000000000e+01 4.656918053230595156e+00 4.668235658473818717e+00 6.579998554033952729e+00 6.586747607516643122e+00
7.900000000000000000e+01 4.658949458099606922e+00 4.667287779658994218e+00 6.582968159644062567e+00 6.585281857654477378e+00
8.000000000000000000e+01 4.653546223794338133e+00 4.663561610401565360e+00 6.574898535641222175e+00 6.579501745969190907e+00
8.100000000000000000e+01 4.658435681453393151e+00 4.662953979941640625e+00 6.581816800228448727e+00 6.578921415939563921e+00
8.200000000000000000e+01 4.652312708149502818e+00 4.665261736478522714e+00 6.573768633433319408e+00 6.582347957465117361e+00
8.300000000000000000e+01 4.661788209867757438e+00 4.667368017318376694e+00 6.586409357309909396e+00 6.585098398649366302e+00
8.400000000000000000e+01 4.662563203314401328e+00 4.668130997901943857e+00 6.586601630955865261e+00 6.585254554012826667e+00
8.500000000000000000e+01 4.658169424992244068e+00 4.667120658202589034e+00 6.580619396633055729e+00 6.584600234327959711e+00
8.600000000000000000e+01 4.674217217565587390e+00 4.685308926285842723e+00 6.601979507629060606e+00 6.608992264270788120e+00
8.700000000000000000e+01 4.669824317121376467e+00 4.674650193375569529e+00 6.596281942830682254e+00 6.594487630898967723e+00
8.800000000000000000e+01 4.661279959856887700e+00 4.673852061515839651e+00 6.584682319944660023e+00 6.593977217613486985e+00
8.900000000000000000e+01 4.673861511824801696e+00 4.677555570596938495e+00 6.602167608417352618e+00 6.599622802880836581e+00
9.000000000000000000e+01 4.672304161884085261e+00 4.678697156208994734e+00 6.600942652250205711e+00 6.601300917495525056e+00
9.100000000000000000e+01 4.650321578680059353e+00 4.656781439685907742e+00 6.569925285790606750e+00 6.570550377457002433e+00
9.200000000000000000e+01 4.658532896151979408e+00 4.663129910759113983e+00 6.581850994854318238e+00 6.579339984809026376e+00
9.300000000000000000e+01 4.647130967705539462e+00 4.652041566975944065e+00 6.566548555617936600e+00 6.563984296432370691e+00
9.400000000000000000e+01 4.644219186361959295e+00 4.656318912008213573e+00 6.563583665849986204e+00 6.570065586103194022e+00
9.500000000000000000e+01 4.650275216588385163e+00 4.655955679442112860e+00 6.571910269431638696e+00 6.569205386059884688e+00
9.600000000000000000e+01 4.652015141219554728e+00 4.663550640180117668e+00 6.574995913991975804e+00 6.579703223955373659e+00
9.700000000000000000e+01 4.654673959973206543e+00 4.656209288330313889e+00 6.578791621035165349e+00 6.569411755635448102e+00
9.800000000000000000e+01 4.653493853038226824e+00 4.668397896335489961e+00 6.577749235766279234e+00 6.586436025338198164e+00
9.900000000000000000e+01 4.646559052200680107e+00 4.651563261487771328e+00 6.568008856157570463e+00 6.562992604335788904e+00
1.000000000000000000e+02 4.657355435224016738e+00 4.666308191676900030e+00 6.583713611725798387e+00 6.583433899194174543e+00
1.010000000000000000e+02 4.652902960998800630e+00 4.662053588460639553e+00 6.578627453546922688e+00 6.578226581339961854e+00
1.020000000000000000e+02 4.659733500152349883e+00 4.673782394427268727e+00 6.587751950679257895e+00 6.594026146791130749e+00
1.030000000000000000e+02 4.664609425250628938e+00 4.668728136910533344e+00 6.594257734129734594e+00 6.586998014833005399e+00
1.040000000000000000e+02 4.661896315763273790e+00 4.672472083971602075e+00 6.590820782218444585e+00 6.592325206244182390e+00
1.050000000000000000e+02 4.649456981191905314e+00 4.659846890656289986e+00 6.572981547165054117e+00 6.574354327682429222e+00
1.060000000000000000e+02 4.667508393965937863e+00 4.680240333107716033e+00 6.598261316942783949e+00 6.602143902974997758e+00
1.070000000000000000e+02 4.640536417345653142e+00 4.650380837192456873e+00 6.561329307175499892e+00 6.561414990179430973e+00
1.080000000000000000e+02 4.675038731421531146e+00 4.685762164152754927e+00 6.608908338923509262e+00 6.609733062936016701e+00
1.090000000000000000e+02 4.644478396368100448e+00 4.651997284250153797e+00 6.567273020157755603e+00 6.563507111606470268e+00
1.100000000000000000e+02 4.662550709260626647e+00 4.673441424094195717e+00 6.590600485655074614e+00 6.591031146236662863e+00
1.110000000000000000e+02 4.661555825236615824e+00 4.661390867257570569e+00 6.589091414537253222e+00 6.574990628594352238e+00
1.120000000000000000e+02 4.653113087258025082e+00 4.666494853104460105e+00 6.578218662235478575e+00 6.582615262513067833e+00
1.130000000000000000e+02 4.655668440703956357e+00 4.669379969323755653e+00 6.583217288710503823e+00 6.587705586848125350e+00
1.140000000000000000e+02 4.662249378593698701e+00 4.670461978138848558e+00 6.592553033308966803e+00 6.589114000841198582e+00
1.150000000000000000e+02 4.663569376876433914e+00 4.675217946512642442e+00 6.593959442285084016e+00 6.594827009892496150e+00
1.160000000000000000e+02 4.658056354094462392e+00 4.673561059360484826e+00 6.586075594109346731e+00 6.592364765106473179e+00
1.170000000000000000e+02 4.663814655530664766e+00 4.678016259685787936e+00 6.593921648005220071e+00 6.598121346026338152e+00
1.180000000000000000e+02 4.656140417379209140e+00 4.674026388946598054e+00 6.583963774593936336e+00 6.592693481812859524e+00
1.190000000000000000e+02 4.651327436447807884e+00 4.667177674967837753e+00 6.577036548743349975e+00 6.583123758753214538e+00
1.200000000000000000e+02 4.645528936315671764e+00 4.658013677877833381e+00 6.569144530311779917e+00 6.570356839648791691e+00
1.210000000000000000e+02 4.651702196872110839e+00 4.666838546531300480e+00 6.578289362845034738e+00 6.582687493886075103e+00
1.220000000000000000e+02 4.664073626049614951e+00 4.675836065205889014e+00 6.596308775105206301e+00 6.595963076821395710e+00
1.230000000000000000e+02 4.645138555347902098e+00 4.661422256833454902e+00 6.570594496890658220e+00 6.575788284327990674e+00
1.240000000000000000e+02 4.654950945438677934e+00 4.671235127278134946e+00 6.584931841016365972e+00 6.589647560764718470e+00
1.250000000000000000e+02 4.662647443080446763e+00 4.675771844054353643e+00 6.597541094595763767e+00 6.596674253649258191e+00
1.260000000000000000e+02 4.650150373508872725e+00 4.663747550999065794e+00 6.580486706952283882e+00 6.579980694463347213e+00
1.270000000000000000e+02 4.644539255349398488e+00 4.661790133841981820e+00 6.573050333948720514e+00 6.577512366765539298e+00
1.280000000000000000e+02 4.641694980038363560e+00 4.655009322786602510e+00 6.569380998499928737e+00 6.567428454406353033e+00
1.290000000000000000e+02 4.650514486100753686e+00 4.668620912057611427e+00 6.581622693970797577e+00 6.586032671009794726e+00
1.300000000000000000e+02 4.661318716762491654e+00 4.673418203599685405e+00 6.595527935102804662e+00 6.591841462094358839e+00
1.310000000000000000e+02 4.651371640022539999e+00 4.670211335261185148e+00 6.582248032690525719e+00 6.588693350781083424e+00
1.320000000000000000e+02 4.653821210184125867e+00 4.675740131147451351e+00 6.585738866725799667e+00 6.595910302478428910e+00
1.330000000000000000e+02 4.630257901289095201e+00 4.649598638810878093e+00 6.552888689239154907e+00 6.560374935007141417e+00
1.340000000000000000e+02 4.660696112784102674e+00 4.677530267327894897e+00 6.592987855925079188e+00 6.597048856111099369e+00
1.350000000000000000e+02 4.654968643441712572e+00 4.670021150581454172e+00 6.585290753147678089e+00 6.587450777973561600e+00
1.360000000000000000e+02 4.660773710192097852e+00 4.669948519489663497e+00 6.593546567199624953e+00 6.588004195866804302e+00
1.370000000000000000e+02 4.646983544350505646e+00 4.663485135751174404e+00 6.574603048802007521e+00 6.579752309182729242e+00
1.380000000000000000e+02 4.660902792774399117e+00 4.680712713879265685e+00 6.592791503854337876e+00 6.602141349238491053e+00
1.390000000000000000e+02 4.664823153032148895e+00 4.671999386303783197e+00 6.597296940359867357e+00 6.590456825883852510e+00
1.400000000000000000e+02 4.663534862917098067e+00 4.670529723078147732e+00 6.595682161208098471e+00 6.588904674826067343e+00
1.410000000000000000e+02 4.652435547804887328e+00 4.668823429188888596e+00 6.580700995161132383e+00 6.586288603093099603e+00
1.420000000000000000e+02 4.650491824240572392e+00 4.660288839009409934e+00 6.578198875699853510e+00 6.575352661205722704e+00
1.430000000000000000e+02 4.650772415675244353e+00 4.662658415400518841e+00 6.577852936904601044e+00 6.577697748217820717e+00
1.440000000000000000e+02 4.656347738839503592e+00 4.664024860042380816e+00 6.585244865604917841e+00 6.579362332137559832e+00
1.450000000000000000e+02 4.651260649057285868e+00 4.664045841870120945e+00 6.578020540726916998e+00 6.579333187664605731e+00
1.460000000000000000e+02 4.656607349946950691e+00 4.666694405301760717e+00 6.585620270247629193e+00 6.583023737568423961e+00
1.470000000000000000e+02 4.651987834043326053e+00 4.670402079718964039e+00 6.579402929561425140e+00 6.588238746479754049e+00
1.480000000000000000e+02 4.649993742599735747e+00 4.656857915678067172e+00 6.576336021736473469e+00 6.569216361764538270e+00
1.490000000000000000e+02 4.655815061052403614e+00 4.674110793151609045e+00 6.584378015883967095e+00 6.592787179895601923e+00
1.500000000000000000e+02 4.673903790798356717e+00 4.682532554564533989e+00 6.608446927071296884e+00 6.603962956753289149e+00
1.510000000000000000e+02 4.654795674089270641e+00 4.665918694833824709e+00 6.582788788802306001e+00 6.581340579865972984e+00
1.520000000000000000e+02 4.646807614186031721e+00 4.658016717897378811e+00 6.572620156169993066e+00 6.571489296259748869e+00
1.530000000000000000e+02 4.656907881367835955e+00 4.670994974244484510e+00 6.585874679054098735e+00 6.588376880827262916e+00
1.540000000000000000e+02 4.657908612214656685e+00 4.672150973773978144e+00 6.587525491730557903e+00 6.590310204295461993e+00
1.550000000000000000e+02 4.664690624131792696e+00 4.674246847776206693e+00 6.595631074315271292e+00 6.592548234233798432e+00
1.560000000000000000e+02 4.647608550729935395e+00 4.658824700615819658e+00 6.572817869939170166e+00 6.571603406214465259e+00
1.570000000000000000e+02 4.665659563685401245e+00 4.676170470645391930e+00 6.597145752920976491e+00 6.594575086893766702e+00
1.580000000000000000e+02 4.657493410941948575e+00 4.671178832920858781e+00 6.586740168816330510e+00 6.588387612682344852e+00
1.590000000000000000e+02 4.672025410803903434e+00 4.683530481412211621e+00 6.606699463919031068e+00 6.605138102108849552e+00
1.600000000000000000e+02 4.650115621225804574e+00 4.666955140457429430e+00 6.576826101360353505e+00 6.582445820693619609e+00
1.610000000000000000e+02 4.675151962196236077e+00 4.684416219956989202e+00 6.611154692701454394e+00 6.606461072741106832e+00
1.620000000000000000e+02 4.656183420435872300e+00 4.668426483757276202e+00 6.585124270280289238e+00 6.584159805100631147e+00
1.630000000000000000e+02 4.651494875369362347e+00 4.671135830918734300e+00 6.579739575618049230e+00 6.588487789671598094e+00
1.640000000000000000e+02 4.657642513054904398e+00 4.670645196473999228e+00 6.586967023746628236e+00 6.587434925817731823e+00
1.650000000000000000e+02 4.655274059475115855e+00 4.666239084892630729e+00 6.584682080092997047e+00 6.582369021509901330e+00
1.660000000000000000e+02 4.665913488053901048e+00 4.679563518019707047e+00 6.598590997850166673e+00 6.599511338544862049e+00
1.670000000000000000e+02 4.661801984307612834e+00 4.671620784578915497e+00 6.593075461140891491e+00 6.589084461773975221e+00
1.680000000000000000e+02 4.654555522967454451e+00 4.671038936290671018e+00 6.583374724549178936e+00 6.588697832460328030e+00
1.690000000000000000e+02 4.646121108842091729e+00 4.658855929877507407e+00 6.572028698964345494e+00 6.572242746992928097e+00
1.700000000000000000e+02 4.653281168071654150e+00 4.675820449697241088e+00 6.581480397633040269e+00 6.595540744107662334e+00
1.710000000000000000e+02 4.654243380312496292e+00 4.672175317962641294e+00 6.582286863255538911e+00 6.589698088775667095e+00
1.720000000000000000e+02 4.667447936231248207e+00 4.679922347711777064e+00 6.600247736401615661e+00 6.600253186838371811e+00
1.730000000000000000e+02 4.668890853581763700e+00 4.677087918639603714e+00 6.602605072592911739e+00 6.596554934667119952e+00
1.740000000000000000e+02 4.663269967748617795e+00 4.670948853237774756e+00 6.593916523568441157e+00 6.587574268241120024e+00
1.750000000000000000e+02 4.663433244784815024e+00 4.678002245065808751e+00 6.594059780052617725e+00 6.597239603210637071e+00
1.760000000000000000e+02 4.654365577654034247e+00 4.663425718145618681e+00 6.582260114202560075e+00 6.577510282766978023e+00
1.770000000000000000e+02 4.654180758729862255e+00 4.661257298036317387e+00 6.582100358850915711e+00 6.575321512115739786e+00
1.780000000000000000e+02 4.663048311554872427e+00 4.673601739201259875e+00 6.593797363556701541e+00 6.591485188506381654e+00
1.790000000000000000e+02 4.650681288205121611e+00 4.661418975416892430e+00 6.576743857751313094e+00 6.574868271851682877e+00
1.800000000000000000e+02 4.661920578546897787e+00 4.672304321360461365e+00 6.592696609711488520e+00 6.590216189397164470e+00
1.810000000000000000e+02 4.650458431789451730e+00 4.665275511519943130e+00 6.577033178596282781e+00 6.580094324433417796e+00
1.820000000000000000e+02 4.659752159484816580e+00 4.671780857057159508e+00 6.589329732875037315e+00 6.588914448265454027e+00
1.830000000000000000e+02 4.673827717075814014e+00 4.678880854494808617e+00 6.608726399754626613e+00 6.598535661461648161e+00
1.840000000000000000e+02 4.671096672294889451e+00 4.691663243610713074e+00 6.604883537390159987e+00 6.615816036276302547e+00
1.850000000000000000e+02 4.653397360776119207e+00 4.666777445844473959e+00 6.581117243427597963e+00 6.581950611240023008e+00
1.860000000000000000e+02 4.647629609940472584e+00 4.659976135239139339e+00 6.574095672712402916e+00 6.573317074088530276e+00
1.870000000000000000e+02 4.663068892405908272e+00 4.672719125387171601e+00 6.594947767960250395e+00 6.590657265408677468e+00
1.880000000000000000e+02 4.664659552946019083e+00 4.674066108827164889e+00 6.597372930533065727e+00 6.592428267178489953e+00
1.890000000000000000e+02 4.662705579179593940e+00 4.673958886154517600e+00 6.593749956769632270e+00 6.591176729910590559e+00
1.900000000000000000e+02 4.655454232815292137e+00 4.665948483545518499e+00 6.584146914464243494e+00 6.580640136369693138e+00
1.910000000000000000e+02 4.648783128653727559e+00 4.669652712219346746e+00 6.575108022337889935e+00 6.585534345838695458e+00
1.920000000000000000e+02 4.662278686171133835e+00 4.678509377988997464e+00 6.593731140412208092e+00 6.597925636327924614e+00
1.930000000000000000e+02 4.661089536722894167e+00 4.668022335402016054e+00 6.591080483583938943e+00 6.582999482388266266e+00
1.940000000000000000e+02 4.662029164863469965e+00 4.666403887512998949e+00 6.592607085370455700e+00 6.580760661049649407e+00
1.950000000000000000e+02 4.655611266952994320e+00 4.672880721691389461e+00 6.583121760119644783e+00 6.589367286404154811e+00
1.960000000000000000e+02 4.654951107252204068e+00 4.666208736806183310e+00 6.582331950005830379e+00 6.580681299129164330e+00
1.970000000000000000e+02 4.665814993619587625e+00 4.680526691635267689e+00 6.597416895509217838e+00 6.600294262036155324e+00
1.980000000000000000e+02 4.663553841533757627e+00 4.675787538636502205e+00 6.594805546905451621e+00 6.594439192012329087e+00
1.990000000000000000e+02 4.660665444468079954e+00 4.676995349170224081e+00 6.590751358980358354e+00 6.596323749692737159e+00
2.000000000000000000e+02 4.649324693368777517e+00 4.668831277829199600e+00 6.575326715300069402e+00 6.584972121778118748e+00
2.010000000000000000e+02 4.659783227939539252e+00 4.663170591872101589e+00 6.589147791024805301e+00 6.576884154839111041e+00
2.020000000000000000e+02 4.659171033984513599e+00 4.672070735327720215e+00 6.587667545527938096e+00 6.589095497675749868e+00
2.030000000000000000e+02 4.662954379509141489e+00 4.671104520748436961e+00 6.593037579657804237e+00 6.587773413281387214e+00
2.040000000000000000e+02 4.648774961504888559e+00 4.670745934816047829e+00 6.573567642200001337e+00 6.586620773515615035e+00
2.050000000000000000e+02 4.656206001813794515e+00 4.670961020332038416e+00 6.583359027380129014e+00 6.586847626711317183e+00
2.060000000000000000e+02 4.655316819648658289e+00 4.664443102957494425e+00 6.582534141755058243e+00 6.578767185233285630e+00
2.070000000000000000e+02 4.657900203042903087e+00 4.665666530766199749e+00 6.585888852818347239e+00 6.579911507078202604e+00
2.080000000000000000e+02 4.657910293665647572e+00 4.667283778418511275e+00 6.586619887872488199e+00 6.582237135822134988e+00
2.090000000000000000e+02 4.650538109947468079e+00 4.666386346929794371e+00 6.575944519826173007e+00 6.580353854674727998e+00
2.100000000000000000e+02 4.667730849890178391e+00 4.671258831974959058e+00 6.599508134042660679e+00 6.586706137454210186e+00
2.110000000000000000e+02 4.661356512299211552e+00 4.668023373595397096e+00 6.591339046998953677e+00 6.582895133413485311e+00
2.120000000000000000e+02 4.652085853434762441e+00 4.654620628401016980e+00 6.577734034683063946e+00 6.564085841345725925e+00
2.130000000000000000e+02 4.662015392354136978e+00 4.675258545200190241e+00 6.590957239006672630e+00 6.592464144160693706e+00
2.140000000000000000e+02 4.670283005971533008e+00 4.684784095160559048e+00 6.602804796175330893e+00 6.605435669112345032e+00
2.150000000000000000e+02 4.674614639897612278e+00 4.691175329989636822e+00 6.609346364969474585e+00 6.614017400096771304e+00
2.160000000000000000e+02 4.675814763077045910e+00 4.688319204153337694e+00 6.611450336994426635e+00 6.610366325330784498e+00
2.170000000000000000e+02 4.662084177078437364e+00 4.670627819378827539e+00 6.592281084623574650e+00 6.585709001760316816e+00
2.180000000000000000e+02 4.668711080504907684e+00 4.680867183881852078e+00 6.601787398392538364e+00 6.599510864435738533e+00
2.190000000000000000e+02 4.665634097033729333e+00 4.680843078530766199e+00 6.598760282321111781e+00 6.600442647508969252e+00
2.200000000000000000e+02 4.671836109185511177e+00 4.679292216175930719e+00 6.607400553016272049e+00 6.598333072176640890e+00
2.210000000000000000e+02 4.657319000819852839e+00 4.666733483582460096e+00 6.586964945124188731e+00 6.581650639922338009e+00
2.220000000000000000e+02 4.657677991939723761e+00 4.674422776303833515e+00 6.587362061852169326e+00 6.591455563342810464e+00
2.230000000000000000e+02 4.668571425233109196e+00 4.679819525841238281e+00 6.602184666224557574e+00 6.598826589801009668e+00
2.240000000000000000e+02 4.653597395252957902e+00 4.668036747957354571e+00 6.580902475907615568e+00 6.582004268048065931e+00
2.250000000000000000e+02 4.659782426157020652e+00 4.680701259858959240e+00 6.589056499238449938e+00 6.599112066502387464e+00
2.260000000000000000e+02 4.653491851107708577e+00 4.664838287769269343e+00 6.580966453112953474e+00 6.577839165391757170e+00
2.270000000000000000e+02 4.658111367022005567e+00 4.673567064875455479e+00 6.587202932425096691e+00 6.589927507343831259e+00
2.280000000000000000e+02 4.659277217980175578e+00 4.675995340056863903e+00 6.588831723809722263e+00 6.593106933095342903e+00
2.290000000000000000e+02 4.662736651340097183e+00 4.672745790760672868e+00 6.593041911776717612e+00 6.588065296325472886e+00
2.300000000000000000e+02 4.659557810622396268e+00 4.677357700073731195e+00 6.588622802156904434e+00 6.594461693356342025e+00
2.310000000000000000e+02 4.655670366397115956e+00 4.675507107734714118e+00 6.582937827141171816e+00 6.590651260666083644e+00
2.320000000000000000e+02 4.668553808716985110e+00 4.681908509239388394e+00 6.601164152471290514e+00 6.600295779353032799e+00
2.330000000000000000e+02 4.637834841611748082e+00 4.653868061125757016e+00 6.559716701339601386e+00 6.562581179861539660e+00
2.340000000000000000e+02 4.648976275661789614e+00 4.657456575420599876e+00 6.574204981347192778e+00 6.566890492492337472e+00
2.350000000000000000e+02 4.642844896892542650e+00 4.657250056462308052e+00 6.566730901156722311e+00 6.567107347401492490e+00
2.360000000000000000e+02 4.661754419639553504e+00 4.670332172788724812e+00 6.592584186160825865e+00 6.584905017782021197e+00
2.370000000000000000e+02 4.654120462282516968e+00 4.673402026980344459e+00 6.582693582836351531e+00 6.589311071896556626e+00
2.380000000000000000e+02 4.658657657465053781e+00 4.667711393293522804e+00 6.587591874487221943e+00 6.580425049890191502e+00
2.390000000000000000e+02 4.663449662452841871e+00 4.678925540936972105e+00 6.593661316520933902e+00 6.595831512826832110e+00
2.400000000000000000e+02 4.652997855323486753e+00 4.670372132153627120e+00 6.579624112147131498e+00 6.584474759714445291e+00
2.410000000000000000e+02 4.657293135692553321e+00 4.673059375693008555e+00 6.586213892346158616e+00 6.588170361499743777e+00
2.420000000000000000e+02 4.659011759744968728e+00 4.677336000686158179e+00 6.588163149303817079e+00 6.594166529826916978e+00
2.430000000000000000e+02 4.658370901242762763e+00 4.674435350362571739e+00 6.586267627846773998e+00 6.589249817300262713e+00
2.440000000000000000e+02 4.646247390556409229e+00 4.664086360399731568e+00 6.569886929049785884e+00 6.575897115327403952e+00
2.450000000000000000e+02 4.650400140355658074e+00 4.665528957662036014e+00 6.576685893687760576e+00 6.577956801491193772e+00
2.460000000000000000e+02 4.657223308588860355e+00 4.670377737239325810e+00 6.585406706954382017e+00 6.584751909165940553e+00
2.470000000000000000e+02 4.662841873885403388e+00 4.674460573531237451e+00 6.593553372363287757e+00 6.589893000999238026e+00
2.480000000000000000e+02 4.652495205531142375e+00 4.669357467599821732e+00 6.577893857670531474e+00 6.582258755624026847e+00
2.490000000000000000e+02 4.670886708463155124e+00 4.686194424916855894e+00 6.603091388821519025e+00 6.604740038511099698e+00
2.500000000000000000e+02 4.652982638026060158e+00 4.658644767964156941e+00 6.578715619372528245e+00 6.567040562031722040e+00
2.510000000000000000e+02 4.659136681924054280e+00 4.673277426008584534e+00 6.587671552964106780e+00 6.588063614709702698e+00
2.520000000000000000e+02 4.662041738037069116e+00 4.674802984370212577e+00 6.591312385644780392e+00 6.590501992427487465e+00
2.530000000000000000e+02 4.658703062644713455e+00 4.677066859737132098e+00 6.586441075523194577e+00 6.592746985104302127e+00
2.540000000000000000e+02 4.656546092809860760e+00 4.674637384587980726e+00 6.582486500472406021e+00 6.589673506230759870e+00
2.550000000000000000e+02 4.663367183274120364e+00 4.672984022636707202e+00 6.592580103714108297e+00 6.587817056879185174e+00
2.560000000000000000e+02 4.658849123914547974e+00 4.675462105161616755e+00 6.586736002329426576e+00 6.591843705917270313e+00
2.570000000000000000e+02 4.672376150277430362e+00 4.687108189497338095e+00 6.603840995181604612e+00 6.606669037014451185e+00
2.580000000000000000e+02 4.661727192521039953e+00 4.675093667135320707e+00 6.590036979798787442e+00 6.590549641614932952e+00
2.590000000000000000e+02 4.657810277880892080e+00 4.675068441937029640e+00 6.585165192492900665e+00 6.590987106469983203e+00
2.600000000000000000e+02 4.658030331809166036e+00 4.672077944442912134e+00 6.584837354641422280e+00 6.586016740924145907e+00
2.610000000000000000e+02 4.659731498328821608e+00 4.671759393712754616e+00 6.587523408312835116e+00 6.586045964374036998e+00
2.620000000000000000e+02 4.663846125070793214e+00 4.667279212690345958e+00 6.593984026591971137e+00 6.580626601646723195e+00
2.630000000000000000e+02 4.661295894245741422e+00 4.666612407809688001e+00 6.589746055320916618e+00 6.579355365483418261e+00
2.640000000000000000e+02 4.662392235970898469e+00 4.677224208656901361e+00 6.591150222769709188e+00 6.594174607883206640e+00
2.650000000000000000e+02 4.665074196621431746e+00 4.678172570772774819e+00 6.595119137249622732e+00 6.595227802690807550e+00
2.660000000000000000e+02 4.668624275964885939e+00 4.686502241917201772e+00 6.599318829902093064e+00 6.605665257266465140e+00
2.670000000000000000e+02 4.662677793452483677e+00 4.677939866608550545e+00 6.590389002124304341e+00 6.593860713513053362e+00
2.680000000000000000e+02 4.658151169748649068e+00 4.669153272760945050e+00 6.584667991511672369e+00 6.581613494479855220e+00
2.690000000000000000e+02 4.664497957387735205e+00 4.681880323622941376e+00 6.593069296275067437e+00 6.598793598815140271e+00
2.700000000000000000e+02 4.673646103932891371e+00 4.686244311074179159e+00 6.606203306975939604e+00 6.605814520602047324e+00
2.710000000000000000e+02 4.661241123139736153e+00 4.677571911955994644e+00 6.588162436400214261e+00 6.592990830071750352e+00
2.720000000000000000e+02 4.667326380263447483e+00 4.677386369148574197e+00 6.595552442508470392e+00 6.592663142824163103e+00
2.730000000000000000e+02 4.671889602518855433e+00 4.676526415160275008e+00 6.601081674433717517e+00 6.590783708400541840e+00
2.740000000000000000e+02 4.660821594290942116e+00 4.669392622284951777e+00 6.587456621933353240e+00 6.581949655699244062e+00
2.750000000000000000e+02 4.650929689475225892e+00 4.666613208803727986e+00 6.573643395879614992e+00 6.578132173608782551e+00
2.760000000000000000e+02 4.655170120554764424e+00 4.668230537220239285e+00 6.579021204492655706e+00 6.580053890012464990e+00
2.770000000000000000e+02 4.658998229213704434e+00 4.685512483844199494e+00 6.584898853032969512e+00 6.603598925311990442e+00
2.780000000000000000e+02 4.664484985498314806e+00 4.677817185054456317e+00 6.592400245525877445e+00 6.593153376527546072e+00
2.790000000000000000e+02 4.659117628087438234e+00 4.674101184899424943e+00 6.584858822770864428e+00 6.588810504668903612e+00
2.800000000000000000e+02 4.652056702758154749e+00 4.665815954000183119e+00 6.574409666037290378e+00 6.577484496202421482e+00
2.810000000000000000e+02 4.665056340343182839e+00 4.674626814427805144e+00 6.591767871856371919e+00 6.589225149111036295e+00
2.820000000000000000e+02 4.664287276970193297e+00 4.681377197721652728e+00 6.589931766649559819e+00 6.598197021747488122e+00
2.830000000000000000e+02 4.661459735521376935e+00 4.678603067687779671e+00 6.585822636014815323e+00 6.594337493832790997e+00
2.840000000000000000e+02 4.666353676095191361e+00 4.672195739820082849e+00 6.592703339988521094e+00 6.585428490746817687e+00
2.850000000000000000e+02 4.658182479908501428e+00 4.670247052231236928e+00 6.580856514250908340e+00 6.582644017823176874e+00
2.860000000000000000e+02 4.670162248359213564e+00 4.682853826099875327e+00 6.596853790934252615e+00 6.600033525276672641e+00
2.870000000000000000e+02 4.670636787671699430e+00 4.677612189670230514e+00 6.597719994238264718e+00 6.592536543930545889e+00
2.880000000000000000e+02 4.662000818381260459e+00 4.677114505559073265e+00 6.586067350599132730e+00 6.592274843728619160e+00
2.890000000000000000e+02 4.669375244254966972e+00 4.680449097406023107e+00 6.596064297088393147e+00 6.597176744477073029e+00
2.900000000000000000e+02 4.658281853445282117e+00 4.672673642027523222e+00 6.581155758563089542e+00 6.586773159492826046e+00
2.910000000000000000e+02 4.669207801562268223e+00 4.672388644740274266e+00 6.595997511178461892e+00 6.586526195658160887e+00
2.920000000000000000e+02 4.659270573143337479e+00 4.672796560408775335e+00 6.582370467167036665e+00 6.586369724025904482e+00
2.930000000000000000e+02 4.653747942251550640e+00 4.664474736478397610e+00 6.574397335415571142e+00 6.575218932971802488e+00
2.940000000000000000e+02 4.648618890473326992e+00 4.657442962339017001e+00 6.567025263047757022e+00 6.565730001304662444e+00
2.950000000000000000e+02 4.675912379975497579e+00 4.684305233679320501e+00 6.604269099652336550e+00 6.602479352998182449e+00
2.960000000000000000e+02 4.667189605334831626e+00 4.673742997959670298e+00 6.592177464605596171e+00 6.588084036559028078e+00
2.970000000000000000e+02 4.667477967151048901e+00 4.677844893972240570e+00 6.592387756065399174e+00 6.593235301847032659e+00
2.980000000000000000e+02 4.670048935034979642e+00 4.679872058681708857e+00 6.596000309148203122e+00 6.596086962947074639e+00
2.990000000000000000e+02 4.673434297615751021e+00 4.678460851469159465e+00 6.600300106914710696e+00 6.594483801046093774e+00
3.000000000000000000e+02 4.666374016805494129e+00 4.679597712354479633e+00 6.590593605148054479e+00 6.595750874296511412e+00
3.010000000000000000e+02 4.661798462344245664e+00 4.662683401137551975e+00 6.584305071904172912e+00 6.572679098038276102e+00
3.020000000000000000e+02 4.653041341322242452e+00 4.663337795043351441e+00 6.572514229970956912e+00 6.574075979643637879e+00
3.030000000000000000e+02 4.665459293310212807e+00 4.681018526472804808e+00 6.589686969125950533e+00 6.598659142317348625e+00
3.040000000000000000e+02 4.670344984636718877e+00 4.674425422307328049e+00 6.596116909968010589e+00 6.589205538351931679e+00
3.050000000000000000e+02 4.663636163487428377e+00 4.677689301859071058e+00 6.587123741393545728e+00 6.593695106737641254e+00
3.060000000000000000e+02 4.671032291798428382e+00 4.683251253195247266e+00 6.597280767989764705e+00 6.601081672604559358e+00
3.070000000000000000e+02 4.668162468197965431e+00 4.674771515627169194e+00 6.593052157751513320e+00 6.589566845009038332e+00
3.080000000000000000e+02 4.664868315897538587e+00 4.666667180983955276e+00 6.588024775539845557e+00 6.577330991844029917e+00
3.090000000000000000e+02 4.665028550982046163e+00 4.670240962238644045e+00 6.589040165343719835e+00 6.583233061377846695e+00
3.100000000000000000e+02 4.667683285036999585e+00 4.671430115083570200e+00 6.592417061926762578e+00 6.584440079563122161e+00
3.110000000000000000e+02 4.669932343995002455e+00 4.676541789546202921e+00 6.595085502306710978e+00 6.591284195144442748e+00
3.120000000000000000e+02 4.671215668951473887e+00 4.676358651928122612e+00 6.597234401385007274e+00 6.591444270920914228e+00
3.130000000000000000e+02 4.671600602786188716e+00 4.675939366896209926e+00 6.597164335112245759e+00 6.590966368212615833e+00
3.140000000000000000e+02 4.660294525143203082e+00 4.670798145029920967e+00 6.580936187899895984e+00 6.583052652952186889e+00
3.150000000000000000e+02 4.670926267153172162e+00 4.677506805760107689e+00 6.596454517041171250e+00 6.593019810252029878e+00
3.160000000000000000e+02 4.659450348480490334e+00 4.673739712534943358e+00 6.579864506681079028e+00 6.587940530765541425e+00
3.170000000000000000e+02 4.658749588688801069e+00 4.672563614634575480e+00 6.578651561741774678e+00 6.585215478208369611e+00
3.180000000000000000e+02 4.671368056418879533e+00 4.687488718347884387e+00 6.596927301032261326e+00 6.606735662163425893e+00
3.190000000000000000e+02 4.680497303008038124e+00 4.682777512932973174e+00 6.608734653416998839e+00 6.599624808895689476e+00
3.200000000000000000e+02 4.678462369677036214e+00 4.680644245999002528e+00 6.605323163056493030e+00 6.596097450293454401e+00
3.210000000000000000e+02 4.666079653638830038e+00 4.679108519204487671e+00 6.587514528107654144e+00 6.594101828612803473e+00
3.220000000000000000e+02 4.664927255092452540e+00 4.673239630104932374e+00 6.586813920292510893e+00 6.586913214767712077e+00
3.230000000000000000e+02 4.672437894100979427e+00 4.676318053818875775e+00 6.596866844462200064e+00 6.590694022514271389e+00
3.240000000000000000e+02 4.669078394118720610e+00 4.682289761547590246e+00 6.592487282057016174e+00 6.599152431689310205e+00
3.250000000000000000e+02 4.666867696325963877e+00 4.671335624261657493e+00 6.588723143995037113e+00 6.583791288709321066e+00
3.260000000000000000e+02 4.670669858160073851e+00 4.680971604144555265e+00 6.593958721896186148e+00 6.596525309916052571e+00
3.270000000000000000e+02 4.669571195952016751e+00 4.680216872014047347e+00 6.592132627797484545e+00 6.595716439452893987e+00
3.280000000000000000e+02 4.677558055443754803e+00 4.683009259931022683e+00 6.602717027538105299e+00 6.599174696509880533e+00
3.290000000000000000e+02 4.676058602017650223e+00 4.676095678871239336e+00 6.600760558920431897e+00 6.589895084973002248e+00
3.300000000000000000e+02 4.662997787381931936e+00 4.671394323461416143e+00 6.582561779603996577e+00 6.583414047090042409e+00
3.310000000000000000e+02 4.676149971014802453e+00 4.679743693566654095e+00 6.600175989929594422e+00 6.594524797621979850e+00
3.320000000000000000e+02 4.657442802134510451e+00 4.669084165972778422e+00 6.574714682561682899e+00 6.580262658033907641e+00
3.330000000000000000e+02 4.655674287026507763e+00 4.663797679708872046e+00 6.572365027743451549e+00 6.572688383666165812e+00
3.340000000000000000e+02 4.670032202313946890e+00 4.673376642267814240e+00 6.592596759531227590e+00 6.586482072694277434e+00
3.350000000000000000e+02 4.675501903844058837e+00 4.681629680701715479e+00 6.600928806885620226e+00 6.598920042110295370e+00
3.360000000000000000e+02 4.677692745230044302e+00 4.687485515994502805e+00 6.602461255970622389e+00 6.605839830392773671e+00
3.370000000000000000e+02 4.673349417634708125e+00 4.675138829936399176e+00 6.596531637733181519e+00 6.588865356209791635e+00
3.380000000000000000e+02 4.665423255275523928e+00 4.669527072540617496e+00 6.585286028825107607e+00 6.580977827939356040e+00
3.390000000000000000e+02 4.666522880045624433e+00 4.671702302518686345e+00 6.587082818427668407e+00 6.583781687023445350e+00
3.400000000000000000e+02 4.676446417258045329e+00 4.681918123442586399e+00 6.601021371284787165e+00 6.598257404544094484e+00
3.410000000000000000e+02 4.663949269097435568e+00 4.671454059345065524e+00 6.582938305580393390e+00 6.583499965256165432e+00
3.420000000000000000e+02 4.681298960473823989e+00 4.683688957271367137e+00 6.606420878259694263e+00 6.599804586810464002e+00
3.430000000000000000e+02 4.675546104374155298e+00 4.677125236759922977e+00 6.599124480502978507e+00 6.591241438057671154e+00
3.440000000000000000e+02 4.668039309644597346e+00 4.676566535359179433e+00 6.588527667425439382e+00 6.590661272587420960e+00
3.450000000000000000e+02 4.673391776687214616e+00 4.682566188930792350e+00 6.595179754109062209e+00 6.598350688203410641e+00
3.460000000000000000e+02 4.674384579079920776e+00 4.680129508571456043e+00 6.596061974857719612e+00 6.595080062044842428e+00
3.470000000000000000e+02 4.664500443281076159e+00 4.676053637927536144e+00 6.583065229619509573e+00 6.589348231024132474e+00
3.480000000000000000e+02 4.664123275605589036e+00 4.663942781773635637e+00 6.583762383443072075e+00 6.574002949354111003e+00
3.490000000000000000e+02 4.681979939258259726e+00 4.680909064509358508e+00 6.607299251554808350e+00 6.596266980865021168e+00
3.500000000000000000e+02 4.663095800882401498e+00 4.675486367700990797e+00 6.581824656622274894e+00 6.589384665476037739e+00
3.510000000000000000e+02 4.663084669147227856e+00 4.675405166444579486e+00 6.581421060550510127e+00 6.589423816671029499e+00
3.520000000000000000e+02 4.664130401364824152e+00 4.671658576242454508e+00 6.582355328395895100e+00 6.583557698240187328e+00
3.530000000000000000e+02 4.661755701638325533e+00 4.672069296294843355e+00 6.579164220818461750e+00 6.584111843836381261e+00
3.540000000000000000e+02 4.669340410375715678e+00 4.679749059055140492e+00 6.588837569380973314e+00 6.593984191249541382e+00
3.550000000000000000e+02 4.661097144269903403e+00 4.664805136596905655e+00 6.578048975705583779e+00 6.574181601170943523e+00
3.560000000000000000e+02 4.664228336024694777e+00 4.671971921484337820e+00 6.581572083907614612e+00 6.583707848851799049e+00
3.570000000000000000e+02 4.670022914862101970e+00 4.668027621666860583e+00 6.589280409534118199e+00 6.578044173460577682e+00
3.580000000000000000e+02 4.650209073149159877e+00 4.665251809979586994e+00 6.561840371531196148e+00 6.573885793965260405e+00
3.590000000000000000e+02 4.663964883391283678e+00 4.668809658670970641e+00 6.581429711992161202e+00 6.579260156437076290e+00
3.600000000000000000e+02 4.663117981166925219e+00 4.668824313177420748e+00 6.579684806745659031e+00 6.579274331089351335e+00
3.610000000000000000e+02 4.663275574202701002e+00 4.677869477161311629e+00 6.579569334870632780e+00 6.591389900364305277e+00
3.620000000000000000e+02 4.669737357228623154e+00 4.670542055743087673e+00 6.588669170746897841e+00 6.581936841736555799e+00
3.630000000000000000e+02 4.670458854658370740e+00 4.670856682464445520e+00 6.589319079541674284e+00 6.581885356544534105e+00
3.640000000000000000e+02 4.662384871963481281e+00 4.666216025021265423e+00 6.578657648562730387e+00 6.575593781258266546e+00
3.650000000000000000e+02 4.678301736564389302e+00 4.681415233128378262e+00 6.600015673905809344e+00 6.596338645413070800e+00
3.660000000000000000e+02 4.665056499099600629e+00 4.670645195581351494e+00 6.582464235247171835e+00 6.581935159823830261e+00
3.670000000000000000e+02 4.659766975326991023e+00 4.669712371102965776e+00 6.574891657345491858e+00 6.580349452403025268e+00
3.680000000000000000e+02 4.662487371762850330e+00 4.673859752523076061e+00 6.577648906187088862e+00 6.585322868035688337e+00
3.690000000000000000e+02 4.664100054813095753e+00 4.673376004259218064e+00 6.580107143717030205e+00 6.585190420128333777e+00
3.700000000000000000e+02 4.652022269288423217e+00 4.659837281093674122e+00 6.563596000940405517e+00 6.566709992706772248e+00
3.710000000000000000e+02 4.661403200836455873e+00 4.667574540633755653e+00 6.575866767378515831e+00 6.576808723301994952e+00
3.720000000000000000e+02 4.666762152833796584e+00 4.666892276952566476e+00 6.583141297345212806e+00 6.575894865547238233e+00
3.730000000000000000e+02 4.660309899616006390e+00 4.661757705023562792e+00 6.574559888528741958e+00 6.569204592610920379e+00
3.740000000000000000e+02 4.667628192605749682e+00 4.671480086051865932e+00 6.585322225309051092e+00 6.583335809345808975e+00
3.750000000000000000e+02 4.660007687698549894e+00 4.666189437151595953e+00 6.574144125625182689e+00 6.575647587999389643e+00
3.760000000000000000e+02 4.659660229566337186e+00 4.661658087385239568e+00 6.573616167190634130e+00 6.568915988400953587e+00
3.770000000000000000e+02 4.661568320258623110e+00 4.662488654860455384e+00 6.576021316589083732e+00 6.570255541578107206e+00
3.780000000000000000e+02 4.661219101361001371e+00 4.668910955057931744e+00 6.575470618235498499e+00 6.579282333477093125e+00
3.790000000000000000e+02 4.659993594471528944e+00 4.664642339437897078e+00 6.573344547072480282e+00 6.572931824209828910e+00
3.800000000000000000e+02 4.664723778228655249e+00 4.677159350552252626e+00 6.580451796846573664e+00 6.590759450122970264e+00
3.810000000000000000e+02 4.653793185409596411e+00 4.658500468797281080e+00 6.565379179399909226e+00 6.564842900739907172e+00
3.820000000000000000e+02 4.662887757954087498e+00 4.674929825368301373e+00 6.578069471033804128e+00 6.587858689377472210e+00
3.830000000000000000e+02 4.657411971740765821e+00 4.666945531085107568e+00 6.570540210540660730e+00 6.576729045812524710e+00
3.840000000000000000e+02 4.659741910664577880e+00 4.666234283179206521e+00 6.573861211600360299e+00 6.575663130024294922e+00
3.850000000000000000e+02 4.656561307252530924e+00 4.666335900245898394e+00 6.568783777364778587e+00 6.575343374488749504e+00
3.860000000000000000e+02 4.662998345870671635e+00 4.666774406771386552e+00 6.577171157248205446e+00 6.575274671527978398e+00
3.870000000000000000e+02 4.662532613350862221e+00 4.671630309294665828e+00 6.577407784759659926e+00 6.583041035787340789e+00
3.880000000000000000e+02 4.648464500404863031e+00 4.654645692874446183e+00 6.558215231184374439e+00 6.560122457168290566e+00
3.890000000000000000e+02 4.662565044214434629e+00 4.664424445240601180e+00 6.577229529487048865e+00 6.573575563568607727e+00
3.900000000000000000e+02 4.664540321523603872e+00 4.666571328901972571e+00 6.578939925528206167e+00 6.575724707876331898e+00
3.910000000000000000e+02 4.654517888185322860e+00 4.658961073480791804e+00 6.564973985683408841e+00 6.564719175525919326e+00
3.920000000000000000e+02 4.654747149473756451e+00 4.657023916029777055e+00 6.565800789379487412e+00 6.562826209255987919e+00
3.930000000000000000e+02 4.652229428906121456e+00 4.662913384304604669e+00 6.562451121471834625e+00 6.570667537339275555e+00
3.940000000000000000e+02 4.644509950447825553e+00 4.653353320057802556e+00 6.551159477485246185e+00 6.557078447920366315e+00
3.950000000000000000e+02 4.651015614429277356e+00 4.661259941161028486e+00 6.560251701798985202e+00 6.568309395832982567e+00
3.960000000000000000e+02 4.655797127339424080e+00 4.659879245149562976e+00 6.565926672971253097e+00 6.565748344035340800e+00
3.970000000000000000e+02 4.657072924464698893e+00 4.665642268909241608e+00 6.567534242769376363e+00 6.573522000796783615e+00
3.980000000000000000e+02 4.651123718558890729e+00 4.652318477510490879e+00 6.559579284332222926e+00 6.555654260047121262e+00
3.990000000000000000e+02 4.646552728903880158e+00 4.646742914666569746e+00 6.553285387342700830e+00 6.547815817990223941e+00
4.000000000000000000e+02 4.649884439811794223e+00 4.653880550311855657e+00 6.557690808842646213e+00 6.557445844310534788e+00
4.010000000000000000e+02 4.660876047373700537e+00 4.668631324218526224e+00 6.572689342227410414e+00 6.577861988811316785e+00
4.020000000000000000e+02 4.656617362722559328e+00 4.657241728056074948e+00 6.567567634367954987e+00 6.562847432516973889e+00
4.030000000000000000e+02 4.648649321416734814e+00 4.646289035409174595e+00 6.556950002701436020e+00 6.548140856719325775e+00
4.040000000000000000e+02 4.639076363805716419e+00 4.650231973742974922e+00 6.542903824816312053e+00 6.552563721937303853e+00
4.050000000000000000e+02 4.656095575393790931e+00 4.658103600888990670e+00 6.566272847557487857e+00 6.563520161724217594e+00
4.060000000000000000e+02 4.654353730364998221e+00 4.661370930135630530e+00 6.563723970342298486e+00 6.568006864667907507e+00
4.070000000000000000e+02 4.655120872843819591e+00 4.652257458682067970e+00 6.565437318108722664e+00 6.555889770596373900e+00
4.080000000000000000e+02 4.650721168951591267e+00 4.651615157352213537e+00 6.558574225520549916e+00 6.554132220001283926e+00
4.090000000000000000e+02 4.656456006492992294e+00 4.658866021180706696e+00 6.566743951845698035e+00 6.564557337002900894e+00
4.100000000000000000e+02 4.657202890337961421e+00 4.668262327419099300e+00 6.566645936227785363e+00 6.576300308194774402e+00
4.110000000000000000e+02 4.659083672517894570e+00 4.652238560962572933e+00 6.570405681286731081e+00 6.555577547733864918e+00
4.120000000000000000e+02 4.652818801371908286e+00 4.657304909055267395e+00 6.561279422181448773e+00 6.561813863710018069e+00
4.130000000000000000e+02 4.736821493959926244e+00 4.746171835786863191e+00 6.680039643263540050e+00 6.686842915464128900e+00
4.140000000000000000e+02 4.741506352195983709e+00 4.741897132131172476e+00 6.685978148773664032e+00 6.680788128931650860e+00
4.150000000000000000e+02 4.747749762655101513e+00 4.746584313598270377e+00 6.694722515686681419e+00 6.686854121099742976e+00
4.160000000000000000e+02 4.721934504704229596e+00 4.734555298068087836e+00 6.659267221180101615e+00 6.670468228028765267e+00
4.170000000000000000e+02 4.737007512230088757e+00 4.736486608801616427e+00 6.678768157274023842e+00 6.672119195062258257e+00
4.180000000000000000e+02 4.732038936675984075e+00 4.732011789719947181e+00 6.672687747089034893e+00 6.666306480487430797e+00
4.190000000000000000e+02 4.735861280962086362e+00 4.736670547730708947e+00 6.677639776021652374e+00 6.672603989886811249e+00
4.200000000000000000e+02 4.742285508285492668e+00 4.749742656010171871e+00 6.685221653139354459e+00 6.689464349939478360e+00
4.210000000000000000e+02 4.736963789186199314e+00 4.735613041902768217e+00 6.678993815583507576e+00 6.670983126486839332e+00
4.220000000000000000e+02 4.737778180614064638e+00 4.748029556814953978e+00 6.680783086702771989e+00 6.687786556664174320e+00
4.230000000000000000e+02 4.753607600956875068e+00 4.754403093631005994e+00 6.703104453092374904e+00 6.697643289138146550e+00
4.240000000000000000e+02 4.749225274480948222e+00 4.754125144223980470e+00 6.696441316677754330e+00 6.696673303100653563e+00
4.250000000000000000e+02 4.749118052965390469e+00 4.754528657911940570e+00 6.696359883865082629e+00 6.696954624385623944e+00
4.260000000000000000e+02 4.739338413024531960e+00 4.751433174121131309e+00 6.682841334795361021e+00 6.692509559259348428e+00
4.270000000000000000e+02 4.739210286050393073e+00 4.747294842985164465e+00 6.682176038147923158e+00 6.686946292864176300e+00
4.280000000000000000e+02 4.751716647457664422e+00 4.756487512075453061e+00 6.699618891277388855e+00 6.699517992514633313e+00
4.290000000000000000e+02 4.746618268590525602e+00 4.748883747145491441e+00 6.691996503621317594e+00 6.688180387518260162e+00
4.300000000000000000e+02 4.739564790401864514e+00 4.742545760505954888e+00 6.682464241364829860e+00 6.679778823068845739e+00
4.310000000000000000e+02 4.736275684363774552e+00 4.741661945002730860e+00 6.678765438796269827e+00 6.679059404434261715e+00
4.320000000000000000e+02 4.733409224932018766e+00 4.738513692790307985e+00 6.674305645544968080e+00 6.674277377958682145e+00
4.330000000000000000e+02 4.742317378923447180e+00 4.745653013409332210e+00 6.687226087778923578e+00 6.684807010823019979e+00
4.340000000000000000e+02 4.741558883506442612e+00 4.749812084418941538e+00 6.685905919587806778e+00 6.689855694750362680e+00
4.350000000000000000e+02 4.728890686804062327e+00 4.734163477448775303e+00 6.669532914253574418e+00 6.669670007105738208e+00
4.360000000000000000e+02 4.728271285104978183e+00 4.730223898541184191e+00 6.669024494779349332e+00 6.664549651499922511e+00
4.370000000000000000e+02 4.733502113888729212e+00 4.739200118276685636e+00 6.676004659879785308e+00 6.676081217984205729e+00
4.380000000000000000e+02 4.726118317931474522e+00 4.733667555910973768e+00 6.665855482576605873e+00 6.668204575457533423e+00
4.390000000000000000e+02 4.723079612592753662e+00 4.735606394497893668e+00 6.661535748722525518e+00 6.670646795745604152e+00
4.400000000000000000e+02 4.739313828452517363e+00 4.742961763013976650e+00 6.683080766336337852e+00 6.680181614104046872e+00
4.410000000000000000e+02 4.749889279364987615e+00 4.745821575937050341e+00 6.698024864871452877e+00 6.684488938127087998e+00
4.420000000000000000e+02 4.746454351632030111e+00 4.755833521126873187e+00 6.694320536080789807e+00 6.698779680161471184e+00
4.430000000000000000e+02 4.743893948550545581e+00 4.749002898741314205e+00 6.691275241745223035e+00 6.689989181505611171e+00
4.440000000000000000e+02 4.750518849097145058e+00 4.757347786579156690e+00 6.700702275316597678e+00 6.701572638719452080e+00
4.450000000000000000e+02 4.725504684319975723e+00 4.733820345233418436e+00 6.666468803653770259e+00 6.669400945737052666e+00
4.460000000000000000e+02 4.730318712769753908e+00 4.743422689398212100e+00 6.672023989364748608e+00 6.681355558203121880e+00
4.470000000000000000e+02 4.728639402085776489e+00 4.734123842732405940e+00 6.669773065423048486e+00 6.668547001732993529e+00
4.480000000000000000e+02 4.738990152715627069e+00 4.747100334996313897e+00 6.683573001287844484e+00 6.686057827442620116e+00
4.490000000000000000e+02 4.736351916046372956e+00 4.740099549050681205e+00 6.679464034226530345e+00 6.675969185791305271e+00
4.500000000000000000e+02 4.736853683022954620e+00 4.743534237814901466e+00 6.680770030039828278e+00 6.680877012063588083e+00
4.510000000000000000e+02 4.737804045226855720e+00 4.739961655184673717e+00 6.681084259092330946e+00 6.675273546723556883e+00
4.520000000000000000e+02 4.736353998846803748e+00 4.744238122257266710e+00 6.680426015004628404e+00 6.681652093938868830e+00
4.530000000000000000e+02 4.748263139944344680e+00 4.750441252813614845e+00 6.697133827264380557e+00 6.690666801936925978e+00
4.540000000000000000e+02 4.747245115115266145e+00 4.755635087384667337e+00 6.695905273761703747e+00 6.697975932538430932e+00
4.550000000000000000e+02 4.741208142483745114e+00 4.741461111537287998e+00 6.688784324780524315e+00 6.679307489912383211e+00
4.560000000000000000e+02 4.730754170688512339e+00 4.738215883401091233e+00 6.674260159318464503e+00 6.675041481430270096e+00
4.570000000000000000e+02 4.746976616033627749e+00 4.758418184911788806e+00 6.696517394218992614e+00 6.701866367148028303e+00
4.580000000000000000e+02 4.744540414152013774e+00 4.749825457448265453e+00 6.692547440282695881e+00 6.689711394134429057e+00
4.590000000000000000e+02 4.738546525078747074e+00 4.747939228617231500e+00 6.685012651908188275e+00 6.688140019917802270e+00
4.600000000000000000e+02 4.746999997897860979e+00 4.751857025663877465e+00 6.696597870583598677e+00 6.693164039492968342e+00
4.610000000000000000e+02 4.748544135578289804e+00 4.756792288625698362e+00 6.698423093887611479e+00 6.699494132326467621e+00
4.620000000000000000e+02 4.748957415273142857e+00 4.765427139711452931e+00 6.699401245487748291e+00 6.711042360957002906e+00
4.630000000000000000e+02 4.755585518811815682e+00 4.758867263120169611e+00 6.708857907937907150e+00 6.701810800806995871e+00
4.640000000000000000e+02 4.763237415440332967e+00 4.774516109461587554e+00 6.719402914073368649e+00 6.723225605118657633e+00
4.650000000000000000e+02 4.760435099337051668e+00 4.767449097417384429e+00 6.715665588578000111e+00 6.713678766966441280e+00
4.660000000000000000e+02 4.759130796640623551e+00 4.771748626290747808e+00 6.714668059680028556e+00 6.719936795262279716e+00
4.670000000000000000e+02 4.759013160109691221e+00 4.760326835694485226e+00 6.714482832151078107e+00 6.704151398184237109e+00
4.680000000000000000e+02 4.751015172157634581e+00 4.763414228381823712e+00 6.702486181420622913e+00 6.707526450386174233e+00
4.690000000000000000e+02 4.756666326372072540e+00 4.769421730625384548e+00 6.710754317948380177e+00 6.715479406274939222e+00
4.700000000000000000e+02 4.760267336304098151e+00 4.767877033646323426e+00 6.715961956652732212e+00 6.714238676828887087e+00
4.710000000000000000e+02 4.757037807215945158e+00 4.772890210921019616e+00 6.710817661596143680e+00 6.719930063195145742e+00
4.720000000000000000e+02 4.761362958366544440e+00 4.773174168032017661e+00 6.717237761338005875e+00 6.720065160021313488e+00
4.730000000000000000e+02 4.767911385060153329e+00 4.780941537790522666e+00 6.726348807585233125e+00 6.730180629427390038e+00
4.740000000000000000e+02 4.760719935462427443e+00 4.767660266499382793e+00 6.717634950157689744e+00 6.712804485525868614e+00
4.750000000000000000e+02 4.754720440461321473e+00 4.766947250947874970e+00 6.709852478830947931e+00 6.712545020726583545e+00
4.760000000000000000e+02 4.761099104119575820e+00 4.774601552048689079e+00 6.719824689655282235e+00 6.723785350575105291e+00
4.770000000000000000e+02 4.756343291602020074e+00 4.767613579511221999e+00 6.712875342679362589e+00 6.713528307192652811e+00
4.780000000000000000e+02 4.753713704416930419e+00 4.764616034749193041e+00 6.709659810563191051e+00 6.709460741475225198e+00
4.790000000000000000e+02 4.757871734031255961e+00 4.771259512225109134e+00 6.715008466274295706e+00 6.718284062715798477e+00
4.800000000000000000e+02 4.744430305236932988e+00 4.754719880103979612e+00 6.697436924405423042e+00 6.696229588317375025e+00
4.810000000000000000e+02 4.754460589016301419e+00 4.766048302853135965e+00 6.711534441198877765e+00 6.711830092012928795e+00
4.820000000000000000e+02 4.757093621483036827e+00 4.764526826341605847e+00 6.715583271664943510e+00 6.710087667732440586e+00
4.830000000000000000e+02 4.755297000817829023e+00 4.769732190850644038e+00 6.713338844469406652e+00 6.716863234365309410e+00
4.840000000000000000e+02 4.739776915393993484e+00 4.754882997846565651e+00 6.692577465704386164e+00 6.697059356886500225e+00
4.850000000000000000e+02 4.760204636509477893e+00 4.763150454499326614e+00 6.720364975163054311e+00 6.708040156627338213e+00
4.860000000000000000e+02 4.765906561992405699e+00 4.776644653866431334e+00 6.728487935970833611e+00 6.726293721132125647e+00
4.870000000000000000e+02 4.752731471808326447e+00 4.767703105107111483e+00 6.710393805315985283e+00 6.714327804067008465e+00
4.880000000000000000e+02 4.757897519399300279e+00 4.774541172951696666e+00 6.716702520070526816e+00 6.722965428977224711e+00
4.890000000000000000e+02 4.755627240775600839e+00 4.773507852503469984e+00 6.714059066413938126e+00 6.721368274079211780e+00
4.900000000000000000e+02 4.763033699158579104e+00 4.777397862680593299e+00 6.724027749634815976e+00 6.726989676507784566e+00
4.910000000000000000e+02 4.756950525969895871e+00 4.773104421333172809e+00 6.715946995553478516e+00 6.721092324365629089e+00
4.920000000000000000e+02 4.753095345210354594e+00 4.767333787952604318e+00 6.710336230836141169e+00 6.712523245601224708e+00
4.930000000000000000e+02 4.751065538272455591e+00 4.763451305011305870e+00 6.707638400622156993e+00 6.707150085221464941e+00
4.940000000000000000e+02 4.757080247312686083e+00 4.767792232099544059e+00 6.715496463749233591e+00 6.712621821199044270e+00
4.950000000000000000e+02 4.758178032754047493e+00 4.771841038267994328e+00 6.717615494801209231e+00 6.718613110275928335e+00
4.960000000000000000e+02 4.757037887488643868e+00 4.772786673350733366e+00 6.716080637150409594e+00 6.719846469087317864e+00
4.970000000000000000e+02 4.753027839934155452e+00 4.770013265020541127e+00 6.710334149455744246e+00 6.716091926586326366e+00
4.980000000000000000e+02 4.775206857919056525e+00 4.788361370309867304e+00 6.741086469691335736e+00 6.741305803335976066e+00
4.990000000000000000e+02 4.769525832401747323e+00 4.781166317115295605e+00 6.733791756289504882e+00 6.731724699785386790e+00
5.000000000000000000e+02 4.754158777267305069e+00 4.773462527095060359e+00 6.711285800768431287e+00 6.720004379380550397e+00
