# delays[ps] pumped_signal, blocked_signal, pumped_reference, blocked_reference
-2.000000000000000000e+01 4.915558543406021386e+00 4.913144121798317165e+00 6.728190529025974698e+00 6.725611292407044139e+00
-1.800000000000000000e+01 4.915862598248100568e+00 4.913536584248386241e+00 6.728625513471198083e+00 6.726221652345639512e+00
-1.600000000000000000e+01 4.905515203858435314e+00 4.905908628017116691e+00 6.714754860782596424e+00 6.715805572365001197e+00
-1.400000000000000000e+01 4.906962448644425656e+00 4.903615121902586971e+00 6.716704606220131879e+00 6.712582022419441685e+00
-1.200000000000000000e+01 4.906237503621841967e+00 4.910639854169078333e+00 6.715767767092746254e+00 6.721980552174735557e+00
-1.000000000000000000e+01 4.916637107419892239e+00 4.920408764277067526e+00 6.730233797886604918e+00 6.735588300397015615e+00
-8.000000000000000000e+00 4.918437334851076592e+00 4.925321370226745543e+00 6.731319100806803846e+00 6.740618572782019591e+00
-6.000000000000000000e+00 4.915328002153296794e+00 4.923313262530513157e+00 6.728203187351289749e+00 6.738784462556896671e+00
-4.000000000000000000e+00 4.913465953544514875e+00 4.914152618744187073e+00 6.728500830646389375e+00 6.729645465879345423e+00
-2.000000000000000000e+00 4.896356001508822331e+00 4.902223131937771150e+00 6.704097502226482597e+00 6.712137188286682488e+00
-1.000000000000000000e+00 4.906225732078832280e+00 4.907910326710221760e+00 6.716676012985119293e+00 6.718830597567115426e+00
-9.000000000000000222e-01 4.905266321535278529e+00 4.903961537165689499e+00 6.715157811465844340e+00 6.713577551959051704e+00
-8.000000000000000444e-01 4.895122325797786722e+00 4.898334720195376413e+00 6.702209902044644174e+00 6.706379728485682534e+00
-6.999999999999999556e-01 4.899141585168504065e+00 4.896523367623747625e+00 6.706998498392833241e+00 6.703655560621045950e+00
-5.999999999999999778e-01 4.913868104347915988e+00 4.910022934828284669e+00 6.726334959325893870e+00 6.721263049399028411e+00
-5.000000000000000000e-01 4.914296679271036972e+00 4.910287751796140299e+00 6.727881586727217922e+00 6.722361962001588864e+00
-4.000000000000000222e-01 4.895839181003333707e+00 4.897363459145991804e+00 6.703180048721980810e+00 6.705338234284603516e+00
-2.999999999999999889e-01 4.898764096721230921e+00 4.900525084638297280e+00 6.708464642884510276e+00 6.710672397674432688e+00
-2.000000000000000111e-01 4.909229046964338039e+00 4.915984556222010582e+00 6.722019552627074290e+00 6.729292003211330808e+00
-1.000000000000000056e-01 4.914593526926624989e+00 4.918018128120160704e+00 6.732136137577506396e+00 6.731435614012831081e+00
0.000000000000000000e+00 4.896096390742199489e+00 4.911739320414641341e+00 6.712246655399980000e+00 6.723406343059068924e+00
1.000000000000000056e-01 4.909821858388419891e+00 4.919498364644879551e+00 6.733025322543655378e+00 6.733280616798626106e+00
2.000000000000000111e-01 4.896450574350683205e+00 4.902537114459337708e+00 6.717211419827713748e+00 6.711546286751356227e+00
2.999999999999999889e-01 4.893649220285444024e+00 4.904863533118380303e+00 6.714223631148917626e+00 6.714686557021241065e+00
4.000000000000000222e-01 4.888552275854356033e+00 4.895592381906455515e+00 6.707623026454885284e+00 6.702407215406951835e+00
5.000000000000000000e-01 4.899362516965965142e+00 4.908869737263175992e+00 6.722751622203834820e+00 6.719986205482847197e+00
5.999999999999999778e-01 4.885729858046672369e+00 4.898045322593421957e+00 6.705775782142611163e+00 6.705930177414135329e+00
6.999999999999999556e-01 4.893215836528517215e+00 4.902020454372398639e+00 6.715452180971468010e+00 6.711001197176680755e+00
8.000000000000000444e-01 4.897877317826661248e+00 4.915818715815698070e+00 6.721958371058120996e+00 6.729308340068059557e+00
9.000000000000000222e-01 4.896695209548175498e+00 4.913834951549044483e+00 6.720421186255084223e+00 6.726795327019249982e+00
1.000000000000000000e+00 4.899398710840080717e+00 4.911465373861815920e+00 6.723473683628826691e+00 6.723392968061880914e+00
1.100000000000000089e+00 4.889223247625135826e+00 4.904049142859100208e+00 6.711448842051559005e+00 6.714652842889704765e+00
1.199999999999999956e+00 4.897423916549914935e+00 4.908426987953463438e+00 6.721601539082632470e+00 6.719854877373694357e+00
1.300000000000000044e+00 4.894606304094841320e+00 4.907377170258953036e+00 6.717926593070467689e+00 6.718904350927709324e+00
1.399999999999999911e+00 4.888311480139524434e+00 4.906761132669429593e+00 6.710291544659920504e+00 6.718455032221556600e+00
1.500000000000000000e+00 4.887144510084814542e+00 4.901608617288983005e+00 6.707795913661384724e+00 6.710922085691858108e+00
1.600000000000000089e+00 4.889995674894415778e+00 4.896107442690383671e+00 6.712735052452935669e+00 6.704986214823494883e+00
1.699999999999999956e+00 4.887087737581972569e+00 4.907027310599146652e+00 6.707373187841680462e+00 6.717936766047043484e+00
1.800000000000000044e+00 4.895699525939137153e+00 4.907937953403156861e+00 6.718570745919469012e+00 6.718285745761823691e+00
1.899999999999999911e+00 4.884401129735095992e+00 4.901581550484389815e+00 6.703749325413992821e+00 6.710162463150458834e+00
2.000000000000000000e+00 4.900045098972535484e+00 4.911839737970270292e+00 6.725054028956679808e+00 6.724357031141900976e+00
3.000000000000000000e+00 4.894859989787664567e+00 4.903927905834330581e+00 6.718181320892838926e+00 6.713832844252956455e+00
4.000000000000000000e+00 4.901117818605974286e+00 4.914011683339385428e+00 6.726396377109604252e+00 6.727444601524199541e+00
5.000000000000000000e+00 4.898278107956186567e+00 4.898827200807370552e+00 6.721168404293765164e+00 6.706817042701077369e+00
6.000000000000000000e+00 4.888473719290773900e+00 4.902640737738216181e+00 6.707780218995669230e+00 6.711758100401559624e+00
7.000000000000000000e+00 4.901849488415705558e+00 4.906786195977368870e+00 6.725143155035446796e+00 6.717011781544222515e+00
8.000000000000000000e+00 4.893722569926132415e+00 4.903401233857121788e+00 6.715696504220784568e+00 6.714473386001978739e+00
9.000000000000000000e+00 4.904016310647075549e+00 4.920673983656174144e+00 6.727445083518899693e+00 6.736152696425811826e+00
1.000000000000000000e+01 4.901055115748266466e+00 4.912469946955710043e+00 6.724254682254681370e+00 6.725704340321492225e+00
1.100000000000000000e+01 4.901655138386077581e+00 4.907360514611887048e+00 6.724804660861869898e+00 6.718227692156106379e+00
1.200000000000000000e+01 4.903150589695394856e+00 4.905854252616303590e+00 6.726847136533918636e+00 6.716207317800785503e+00
1.300000000000000000e+01 4.901864303875332673e+00 4.913239492314076529e+00 6.726691548771514206e+00 6.726615146875643880e+00
1.400000000000000000e+01 4.907328160699536923e+00 4.915126204090131345e+00 6.734065218867837821e+00 6.728827470589664017e+00
1.500000000000000000e+01 4.904537615811737084e+00 4.922508001014330503e+00 6.730193364230002473e+00 6.738102756058877318e+00
1.600000000000000000e+01 4.904007900008533483e+00 4.914864511419317239e+00 6.730505903734219864e+00 6.727708621516053533e+00
1.700000000000000000e+01 4.884374864110225367e+00 4.900248816057676038e+00 6.705417833061416033e+00 6.708999723838254603e+00
1.800000000000000000e+01 4.883297579802441390e+00 4.899310308323978624e+00 6.704367769172407954e+00 6.707404973727256525e+00
1.900000000000000000e+01 4.878467856915265521e+00 4.890154549954928598e+00 6.699474836731649674e+00 6.696703573780268925e+00
2.000000000000000000e+01 4.885083953623384545e+00 4.903457049207390561e+00 6.707751394396948896e+00 6.714015822764157093e+00
2.100000000000000000e+01 4.885191256341149924e+00 4.898230539569292219e+00 6.707036373418072017e+00 6.705995274399048078e+00
2.200000000000000000e+01 4.900105396198318530e+00 4.915482068874125865e+00 6.726435373660995864e+00 6.728544553746225176e+00
2.300000000000000000e+01 4.890474300429243470e+00 4.907538125551835329e+00 6.714073722111326248e+00 6.718872477761215656e+00
2.400000000000000000e+01 4.912910132806453944e+00 4.922758403976494002e+00 6.744853102291060942e+00 6.739797610251809346e+00
2.500000000000000000e+01 4.887821085825147627e+00 4.900607084388587609e+00 6.710726772362789028e+00 6.710138276948589997e+00
2.600000000000000000e+01 4.892681879442295489e+00 4.905762965473526194e+00 6.716916651605473909e+00 6.716689231181138808e+00
2.700000000000000000e+01 4.887249011090918138e+00 4.897928969351017514e+00 6.709562676501690248e+00 6.706014018200117555e+00
2.800000000000000000e+01 4.882567110983802472e+00 4.900826978713161530e+00 6.703081953716380603e+00 6.710167908437639106e+00
2.900000000000000000e+01 4.883663694885815865e+00 4.892483851710359488e+00 6.704888597732007405e+00 6.699007669269054333e+00
3.000000000000000000e+01 4.893242263324285801e+00 4.902050084279804487e+00 6.717458941816022211e+00 6.711639663037348491e+00
3.100000000000000000e+01 4.886197990942408254e+00 4.899040125391942446e+00 6.707457340145809077e+00 6.707711590771993748e+00
3.200000000000000000e+01 4.892822494665503008e+00 4.902066498650132331e+00 6.715770970932596562e+00 6.711472296103797142e+00
3.300000000000000000e+01 4.889310609984149458e+00 4.909427637762795449e+00 6.711434181949427646e+00 6.721780594989372304e+00
3.400000000000000000e+01 4.877047199802933442e+00 4.889605535546365012e+00 6.694566209183178351e+00 6.695642373817152659e+00
3.500000000000000000e+01 4.896175666279005689e+00 4.910259884329996716e+00 6.718935738578299066e+00 6.721718212772508139e+00
3.600000000000000000e+01 4.898419282338162262e+00 4.904000775791759636e+00 6.721839933079309048e+00 6.714153155060802902e+00
3.700000000000000000e+01 4.897662389047330755e+00 4.902455116569319316e+00 6.720337188623751068e+00 6.711988482341663342e+00
3.800000000000000000e+01 4.890626606482983973e+00 4.898543326014014987e+00 6.709570364087868555e+00 6.705727981376501390e+00
3.900000000000000000e+01 4.893206307882172368e+00 4.904425987420585109e+00 6.713723135394254804e+00 6.714082604205766636e+00
4.000000000000000000e+01 4.891593623075222830e+00 4.897479011299732399e+00 6.711034590000925171e+00 6.704844472941029032e+00
4.100000000000000000e+01 4.892314562204562733e+00 4.901465036505569195e+00 6.711414640856014024e+00 6.709668298751318538e+00
4.200000000000000000e+01 4.892136230271493247e+00 4.905104885056944752e+00 6.711825043640948785e+00 6.715208901372614392e+00
4.300000000000000000e+01 4.893080182990978244e+00 4.900409933137431118e+00 6.713165705188037791e+00 6.709704333434135748e+00
4.400000000000000000e+01 4.884525730332271998e+00 4.894271982341008354e+00 6.701375248636995963e+00 6.701498651191743150e+00
4.500000000000000000e+01 4.882341855194145097e+00 4.894948958256330585e+00 6.698017979809346656e+00 6.702311602829900572e+00
4.600000000000000000e+01 4.893641209839461936e+00 4.905613300510558439e+00 6.712164575468232641e+00 6.715809493400889174e+00
4.700000000000000000e+01 4.898368832264180739e+00 4.909857897072504862e+00 6.718457750208274071e+00 6.721278190093365801e+00
4.800000000000000000e+01 4.900906334777211271e+00 4.907430021036118362e+00 6.722071680616290124e+00 6.718453910495926884e+00
4.900000000000000000e+01 4.888154929803707915e+00 4.901415546419693570e+00 6.706014655486713494e+00 6.711587205687364666e+00
5.000000000000000000e+01 4.891510022630367160e+00 4.902273100448318210e+00 6.711157992024707752e+00 6.713424684373026530e+00
5.100000000000000000e+01 4.890540202697322592e+00 4.900381264533061554e+00 6.709085170777953522e+00 6.711145897993688436e+00
5.200000000000000000e+01 4.887188953518443846e+00 4.896976764317625630e+00 6.703491635117128311e+00 6.705216916398391902e+00
5.300000000000000000e+01 4.891057104516155718e+00 4.897569501149256155e+00 6.708012285485903448e+00 6.705449788588764726e+00
5.400000000000000000e+01 4.881859946660707550e+00 4.892757234160255209e+00 6.695344328105617748e+00 6.699057951766230090e+00
5.500000000000000000e+01 4.891345703914665499e+00 4.906574309693279012e+00 6.707988581215285961e+00 6.717763072573337269e+00
5.600000000000000000e+01 4.884623906844405283e+00 4.895766791144069430e+00 6.699537939572640433e+00 6.703823237197259033e+00
5.700000000000000000e+01 4.892871905709434976e+00 4.899196196453923235e+00 6.709003015401458825e+00 6.707229279507227915e+00
5.800000000000000000e+01 4.897206664700801682e+00 4.905809407578469283e+00 6.715556357877566995e+00 6.716509929074706342e+00
5.900000000000000000e+01 4.896800673147419403e+00 4.895178943898843116e+00 6.715862261534513600e+00 6.703568595996279633e+00
6.000000000000000000e+01 4.892465029677030230e+00 4.898346493607147245e+00 6.709282244197488865e+00 6.706853075514231932e+00
6.100000000000000000e+01 4.889349208137063307e+00 4.887742691245406945e+00 6.706057978232831118e+00 6.693879939554061131e+00
6.200000000000000000e+01 4.889795081010952948e+00 4.897418314202241163e+00 6.706189067437789753e+00 6.706276674559854989e+00
6.300000000000000000e+01 4.882183379806941836e+00 4.891710216961896229e+00 6.695156783990959148e+00 6.697938454918039852e+00
6.400000000000000000e+01 4.880055318950295096e+00 4.889557650629952512e+00 6.691494177558509726e+00 6.694816772078987732e+00
6.500000000000000000e+01 4.887230033148172836e+00 4.895030716893101541e+00 6.701718864887514115e+00 6.702670431510756366e+00
6.600000000000000000e+01 4.886319390974683152e+00 4.894920129206800752e+00 6.700391972552648845e+00 6.702328016095131069e+00
6.700000000000000000e+01 4.888199612290129004e+00 4.895850793678148349e+00 6.702756434654567386e+00 6.703191023210390398e+00
6.800000000000000000e+01 4.892922675278198241e+00 4.896532496037115045e+00 6.709441684250081472e+00 6.704459543943160682e+00
6.900000000000000000e+01 4.885554488506040016e+00 4.894799533558050975e+00 6.700018005910220786e+00 6.703063697165084101e+00
7.000000000000000000e+01 4.897717082948900291e+00 4.896718194370033750e+00 6.714955379746275987e+00 6.704012463262226440e+00
7.100000000000000000e+01 4.893733302238435279e+00 4.902703758641460574e+00 6.710030901495213307e+00 6.712250740445118602e+00
7.200000000000000000e+01 4.893570343051078630e+00 4.899183387449565608e+00 6.710136521499725504e+00 6.708307780189785241e+00
7.300000000000000000e+01 4.885372311815958213e+00 4.894717054825339808e+00 6.699263750015459706e+00 6.701803190625241768e+00
7.400000000000000000e+01 4.890864836908788149e+00 4.896280970220141526e+00 6.706719501393763494e+00 6.704140267720914537e+00
7.500000000000000000e+01 4.880585751819453755e+00 4.895209051646546072e+00 6.693641468605813216e+00 6.703238189752672938e+00
7.600000000000000000e+01 4.901074176825511941e+00 4.907866365255264540e+00 6.720587670908280131e+00 6.719568440524123609e+00
7.700000000000000000e+01 4.892110043587879709e+00 4.902351497363688360e+00 6.709179179035458240e+00 6.712785983559482972e+00
7.800000000000000000e+01 4.891756341904442529e+00 4.903687511313801650e+00 6.706861721182802327e+00 6.712864616171529519e+00
7.900000000000000000e+01 4.902805374437255281e+00 4.902891943846652723e+00 6.722993855721180800e+00 6.712970729810802339e+00
8.000000000000000000e+01 4.898526505790578689e+00 4.901847726953085349e+00 6.718167788793803830e+00 6.712785738680986825e+00
8.100000000000000000e+01 4.899037722752280111e+00 4.905235813544232215e+00 6.717332336755036160e+00 6.715578305434453554e+00
8.200000000000000000e+01 4.895310586249149054e+00 4.898421124931238602e+00 6.713127829232868216e+00 6.707638959542636670e+00
8.300000000000000000e+01 4.897437772818123314e+00 4.900948775651783329e+00 6.714958024227154709e+00 6.709890435202412462e+00
8.400000000000000000e+01 4.892849322097945652e+00 4.896660218245155072e+00 6.708613431191302823e+00 6.703736114025155679e+00
8.500000000000000000e+01 4.883041654152597388e+00 4.892181396729396781e+00 6.695826722856004665e+00 6.698593420971834078e+00
8.600000000000000000e+01 4.896143236775500895e+00 4.895208009513465797e+00 6.713416278147371408e+00 6.703120311972400991e+00
8.700000000000000000e+01 4.895997574350935189e+00 4.898955403498116645e+00 6.712807761619082214e+00 6.707488734244907214e+00
8.800000000000000000e+01 4.892544387331417610e+00 4.895835978752017148e+00 6.708187658044892920e+00 6.703581482568453431e+00
8.900000000000000000e+01 4.887962665092651093e+00 4.889975094961772406e+00 6.700747200657151126e+00 6.695305807851587687e+00
9.000000000000000000e+01 4.892522204819981013e+00 4.896866257920230225e+00 6.707425792158566935e+00 6.704547224947321915e+00
9.100000000000000000e+01 4.894218570488581221e+00 4.900038294653846549e+00 6.710432327006232711e+00 6.709127055262645634e+00
9.200000000000000000e+01 4.893262523744175141e+00 4.899810791695753842e+00 6.708593414023049206e+00 6.708152898847209222e+00
9.300000000000000000e+01 4.891321278703474995e+00 4.898168719091108514e+00 6.707970880055589724e+00 6.706600103398362656e+00
9.400000000000000000e+01 4.899219418406992155e+00 4.911863118883568191e+00 6.718328747459431760e+00 6.724418927282152403e+00
9.500000000000000000e+01 4.890024342338416652e+00 4.901974650664175037e+00 6.707313362026934733e+00 6.711722943242030226e+00
9.600000000000000000e+01 4.890901272300758329e+00 4.897549722950323314e+00 6.709056741644413790e+00 6.706201244354097035e+00
9.700000000000000000e+01 4.889211233343575991e+00 4.896001259750643264e+00 6.706840659468427113e+00 6.703558021405548573e+00
9.800000000000000000e+01 4.884774051485405444e+00 4.895389063463004398e+00 6.701042044642280260e+00 6.702619499390687352e+00
9.900000000000000000e+01 4.886769027624175976e+00 4.898483105342171129e+00 6.704529931319293645e+00 6.707151844949905239e+00
1.000000000000000000e+02 4.890627006689228118e+00 4.896986133043752076e+00 6.708901711455154349e+00 6.704121126627889282e+00
1.010000000000000000e+02 4.881502560630369913e+00 4.889873636994738426e+00 6.697751638359688009e+00 6.695582238827013200e+00
1.020000000000000000e+02 4.892106361322213104e+00 4.895066993765830432e+00 6.711033711769936794e+00 6.701457652310519819e+00
1.030000000000000000e+02 4.882661202719050131e+00 4.895934153294083657e+00 6.699516796897347248e+00 6.703247475163831126e+00
1.040000000000000000e+02 4.889108016544832402e+00 4.893800725353912640e+00 6.708330841736079186e+00 6.700935782043779376e+00
1.050000000000000000e+02 4.899865804555176396e+00 4.907439069453583436e+00 6.722472469059252553e+00 6.718165708290992910e+00
1.060000000000000000e+02 4.902451191471352665e+00 4.909253949423914243e+00 6.725864097504765660e+00 6.720358888036707334e+00
1.070000000000000000e+02 4.894544565783093049e+00 4.901976172033473134e+00 6.715245100853524107e+00 6.710833034808036501e+00
1.080000000000000000e+02 4.879171740091851284e+00 4.890846019960592095e+00 6.694753992788870178e+00 6.695867797117442954e+00
1.090000000000000000e+02 4.882507054593330231e+00 4.894599017637527361e+00 6.699499903708321824e+00 6.701002883098426288e+00
1.100000000000000000e+02 4.884888643650222129e+00 4.897072456984657762e+00 6.702640486541278975e+00 6.703989238467206846e+00
1.110000000000000000e+02 4.890207879917665146e+00 4.898295642187565413e+00 6.709773841621133883e+00 6.705421993891691024e+00
1.120000000000000000e+02 4.885006516918767083e+00 4.897354811048012735e+00 6.703550651929328197e+00 6.704841430509075551e+00
1.130000000000000000e+02 4.881165592724705071e+00 4.894457922254129123e+00 6.698629211509297576e+00 6.701018261588283842e+00
1.140000000000000000e+02 4.886165641703865248e+00 4.899284843062931216e+00 6.706042204903142512e+00 6.707789748084524106e+00
1.150000000000000000e+02 4.876599085469220718e+00 4.887599994385857016e+00 6.692979381822656393e+00 6.691398322247446906e+00
1.160000000000000000e+02 4.882308299017983799e+00 4.899632461007095152e+00 6.701657841732737708e+00 6.708538400699384674e+00
1.170000000000000000e+02 4.887629137942547608e+00 4.899774680344918920e+00 6.708870476939024385e+00 6.707920681423840570e+00
1.180000000000000000e+02 4.880765126847228075e+00 4.898515616797307182e+00 6.699918795814928885e+00 6.706599305774218145e+00
1.190000000000000000e+02 4.885550322873107199e+00 4.895437673945044921e+00 6.706786125138422427e+00 6.702652019488481550e+00
1.200000000000000000e+02 4.878220574889359007e+00 4.888976929118336479e+00 6.697538942722556676e+00 6.694522889289339140e+00
1.210000000000000000e+02 4.879515752388690508e+00 4.897441055299752932e+00 6.699608325433708877e+00 6.705618269913053098e+00
1.220000000000000000e+02 4.896569167256184407e+00 4.910482259000941596e+00 6.722094739276251119e+00 6.722214454450642585e+00
1.230000000000000000e+02 4.868917877077264755e+00 4.879061555146563478e+00 6.685321110181821069e+00 6.680099701208890295e+00
1.240000000000000000e+02 4.871526487695047258e+00 4.887063312513906688e+00 6.690130124565217606e+00 6.691665539497946291e+00
1.250000000000000000e+02 4.863913425129445578e+00 4.873470613864922640e+00 6.680475104355068083e+00 6.673547870017712214e+00
1.260000000000000000e+02 4.872836476802872241e+00 4.886752455889667779e+00 6.693006928396417088e+00 6.691020442267015866e+00
1.270000000000000000e+02 4.858991771993740549e+00 4.876371824437908842e+00 6.676645766516881686e+00 6.679033775081693491e+00
1.280000000000000000e+02 4.873325668751909312e+00 4.884626626633344237e+00 6.695830076474189596e+00 6.689408770438588725e+00
1.290000000000000000e+02 4.873318623517873149e+00 4.883290136394125014e+00 6.695426806975239842e+00 6.686872470245639910e+00
1.300000000000000000e+02 4.868958878592145822e+00 4.886816914344643159e+00 6.689692339071525495e+00 6.691477197647190955e+00
1.310000000000000000e+02 4.882792127462312948e+00 4.892900249933625823e+00 6.708550564946537342e+00 6.699944809776329890e+00
1.320000000000000000e+02 4.871288019586745399e+00 4.890685544250616523e+00 6.691546394230256212e+00 6.695808939730517828e+00
1.330000000000000000e+02 4.884295907658377622e+00 4.894544647270548943e+00 6.708659235817231448e+00 6.700974461123914594e+00
1.340000000000000000e+02 4.882891185058363170e+00 4.896109842834262871e+00 6.707423308835007703e+00 6.704116801217255173e+00
1.350000000000000000e+02 4.883225908471770182e+00 4.898461883459519051e+00 6.708060968231039034e+00 6.707473435292452990e+00
1.360000000000000000e+02 4.885547200692748504e+00 4.902197266138637488e+00 6.711179854208489282e+00 6.712782536116447041e+00
1.370000000000000000e+02 4.881306128599738337e+00 4.896072606827411633e+00 6.704007177445433285e+00 6.703743877532015283e+00
1.380000000000000000e+02 4.880728447786160551e+00 4.895024469844337034e+00 6.702957832156092977e+00 6.702566327507994082e+00
1.390000000000000000e+02 4.886798334327260740e+00 4.897664231036333859e+00 6.710573824068577053e+00 6.705945067205369980e+00
1.400000000000000000e+02 4.887353674049397689e+00 4.897766250087163264e+00 6.711431864018255311e+00 6.706290124005978015e+00
1.410000000000000000e+02 4.881920084423543749e+00 4.892123499260596198e+00 6.703324432367477215e+00 6.698312583828704980e+00
1.420000000000000000e+02 4.893606215994375397e+00 4.907483031979870347e+00 6.717689646332853037e+00 6.717781092864368198e+00
1.430000000000000000e+02 4.877526784142466099e+00 4.892851646059094506e+00 6.695320623562931672e+00 6.697787593253687888e+00
1.440000000000000000e+02 4.877154984508676350e+00 4.885003958292489123e+00 6.695104735453547562e+00 6.687619278990546867e+00
1.450000000000000000e+02 4.870939436665336686e+00 4.880183921644747791e+00 6.688676221812996481e+00 6.683181583142624227e+00
1.460000000000000000e+02 4.871181116058634686e+00 4.888448413578179164e+00 6.689676810972747134e+00 6.694993341008755650e+00
1.470000000000000000e+02 4.877607982610259185e+00 4.894085079955207362e+00 6.697332665766571047e+00 6.701295169865044699e+00
1.480000000000000000e+02 4.875789501445718876e+00 4.889144211556923914e+00 6.693254132305082038e+00 6.693333409521103228e+00
1.490000000000000000e+02 4.875800551482103451e+00 4.887816280973980909e+00 6.694238931391173431e+00 6.692519408215162890e+00
1.500000000000000000e+02 4.879835824076295125e+00 4.896296103937472388e+00 6.699818454015185054e+00 6.704058825902729168e+00
1.510000000000000000e+02 4.876892249245349475e+00 4.890582004177997710e+00 6.695377640119606788e+00 6.696128772643208826e+00
1.520000000000000000e+02 4.870144665954495800e+00 4.879931758251432328e+00 6.687045350494505769e+00 6.682717693474625520e+00
1.530000000000000000e+02 4.869460403564213280e+00 4.882690753331443645e+00 6.686374058400640585e+00 6.686508110146738737e+00
1.540000000000000000e+02 4.877112462428629946e+00 4.887945447498484697e+00 6.696387264309705323e+00 6.693217132117263546e+00
1.550000000000000000e+02 4.884602363481253207e+00 4.902418120290819026e+00 6.706046683503276817e+00 6.711655516343629557e+00
1.560000000000000000e+02 4.873782353043505822e+00 4.891263624134139398e+00 6.691664976646539920e+00 6.696962943849574579e+00
1.570000000000000000e+02 4.880378990110096460e+00 4.900277644870342009e+00 6.699418382173545794e+00 6.707916429255794455e+00
1.580000000000000000e+02 4.875994577793195894e+00 4.888315885430918328e+00 6.694468991213827103e+00 6.692833634854705060e+00
1.590000000000000000e+02 4.879002054135957778e+00 4.894244835366844626e+00 6.698192143908814344e+00 6.700322462210200669e+00
1.600000000000000000e+02 4.875360284402273869e+00 4.889129073501464084e+00 6.694959794410825893e+00 6.695120905096847430e+00
1.610000000000000000e+02 4.881964124832813390e+00 4.895411805843520980e+00 6.704868172746746069e+00 6.704399156688843675e+00
1.620000000000000000e+02 4.888512875734688734e+00 4.900820651222157487e+00 6.711307176452968370e+00 6.708830600424706248e+00
1.630000000000000000e+02 4.893734099180321095e+00 4.907407999218009742e+00 6.718601173738539600e+00 6.718001387615585962e+00
1.640000000000000000e+02 4.874722305694851876e+00 4.885351653643687619e+00 6.693833895583748195e+00 6.689510078932599413e+00
1.650000000000000000e+02 4.886107904373144351e+00 4.898718214052196984e+00 6.709082287551571433e+00 6.707400249383632662e+00
1.660000000000000000e+02 4.875158727478681620e+00 4.890218851133671940e+00 6.694765921190636959e+00 6.696232231231466159e+00
1.670000000000000000e+02 4.880644768203452166e+00 4.891679148952558620e+00 6.701977359251255706e+00 6.698681585314070652e+00
1.680000000000000000e+02 4.889764649498338223e+00 4.904925432310483835e+00 6.714356471111966762e+00 6.716514258227848089e+00
1.690000000000000000e+02 4.885153300658861220e+00 4.899659849291968960e+00 6.708613995460012802e+00 6.709743020060957797e+00
1.700000000000000000e+02 4.888092709324400431e+00 4.903854314678287807e+00 6.712720077470277324e+00 6.715753919111523196e+00
1.710000000000000000e+02 4.880663344421727778e+00 4.885331152673672683e+00 6.702231923156418247e+00 6.690574314551214208e+00
1.720000000000000000e+02 4.879239805204628411e+00 4.888006066209223732e+00 6.699986134960063566e+00 6.693760862607993189e+00
1.730000000000000000e+02 4.878511097950202213e+00 4.896014710266182846e+00 6.698741479121170350e+00 6.704042728261944362e+00
1.740000000000000000e+02 4.882903035357170296e+00 4.904604798757727480e+00 6.703414274728397793e+00 6.714471138370810444e+00
1.750000000000000000e+02 4.883440677795690021e+00 4.901783745326654618e+00 6.704797466683680263e+00 6.711464610921239249e+00
1.760000000000000000e+02 4.886648668675003471e+00 4.889105855910113263e+00 6.709717386998132582e+00 6.695264257127369945e+00
1.770000000000000000e+02 4.878098538680916363e+00 4.893657304027452248e+00 6.697326100395896376e+00 6.700435528570613641e+00
1.780000000000000000e+02 4.880536101355153811e+00 4.892321452512553570e+00 6.700339838113199775e+00 6.698479790248269339e+00
1.790000000000000000e+02 4.884850687061589980e+00 4.893449025302921918e+00 6.707261315505122390e+00 6.700857788597191167e+00
1.800000000000000000e+02 4.884857331717144646e+00 4.894848780555305368e+00 6.707924518145393478e+00 6.703230258003782360e+00
1.810000000000000000e+02 4.884061837633227654e+00 4.899526116335376713e+00 6.706304290542489888e+00 6.709175418013248127e+00
1.820000000000000000e+02 4.883851717922333080e+00 4.896798191626779762e+00 6.705851779292031800e+00 6.705357614903415531e+00
1.830000000000000000e+02 4.872286663005004570e+00 4.890710849082489098e+00 6.690313258838815891e+00 6.696747616399523650e+00
1.840000000000000000e+02 4.870993650051395285e+00 4.885945828494806520e+00 6.688620169191282550e+00 6.689906622594955721e+00
1.850000000000000000e+02 4.880015677262990792e+00 4.881440100124151193e+00 6.700542437274436658e+00 6.683607359632488532e+00
1.860000000000000000e+02 4.875836907711842194e+00 4.897125226648103791e+00 6.695924258172983201e+00 6.705321174283173313e+00
1.870000000000000000e+02 4.881153980595429154e+00 4.899321437460361750e+00 6.703626484749897863e+00 6.708392092871843460e+00
1.880000000000000000e+02 4.866964623586826022e+00 4.885687257190056698e+00 6.684738543207812356e+00 6.690032263781095168e+00
1.890000000000000000e+02 4.870247728368806150e+00 4.895996132614827800e+00 6.687931821842057367e+00 6.702654414616586287e+00
1.900000000000000000e+02 4.884727605184298938e+00 4.904460741003878965e+00 6.708014684376035319e+00 6.714361756767503131e+00
1.910000000000000000e+02 4.874063104843000538e+00 4.887452408467199305e+00 6.693329799857161255e+00 6.692025327362341791e+00
1.920000000000000000e+02 4.879417177436132569e+00 4.889202505416073485e+00 6.701378774593061749e+00 6.695225969387993636e+00
1.930000000000000000e+02 4.879960744681183016e+00 4.893069056224851998e+00 6.702026606901231531e+00 6.700444183448447610e+00
1.940000000000000000e+02 4.870323724541325561e+00 4.890570712636267636e+00 6.688201611266298308e+00 6.696170491803415281e+00
1.950000000000000000e+02 4.877750602902331423e+00 4.892696296643067377e+00 6.697019245121684783e+00 6.697914360009281864e+00
1.960000000000000000e+02 4.884630150910310498e+00 4.894214008025943308e+00 6.705636924993215509e+00 6.699526491858141419e+00
1.970000000000000000e+02 4.882243277479656918e+00 4.888749588488065179e+00 6.703270539115751880e+00 6.693305781641156749e+00
1.980000000000000000e+02 4.881848012614785404e+00 4.894049284754371953e+00 6.703100609313436209e+00 6.701138215634721007e+00
1.990000000000000000e+02 4.896925353347633347e+00 4.906749361423958788e+00 6.722490967729424227e+00 6.717936847143891832e+00
2.000000000000000000e+02 4.884311122125163607e+00 4.896971958066310471e+00 6.705880524189739234e+00 6.705133791800532705e+00
2.010000000000000000e+02 4.876209186972701559e+00 4.886365114148093269e+00 6.694161574171958229e+00 6.690108417267401464e+00
2.020000000000000000e+02 4.881442500620770453e+00 4.900771562440369600e+00 6.701450042039214239e+00 6.709848871236137491e+00
2.030000000000000000e+02 4.882516425559873419e+00 4.895032721309887869e+00 6.702247709280918286e+00 6.701499935706944022e+00
2.040000000000000000e+02 4.891382697692263193e+00 4.903432544246635771e+00 6.714331965044253003e+00 6.713138483890712216e+00
2.050000000000000000e+02 4.884234967473878086e+00 4.890912164267003703e+00 6.704904930244567574e+00 6.696559432683927504e+00
2.060000000000000000e+02 4.884074732680905306e+00 4.897590559637228225e+00 6.704537533440666941e+00 6.704801071237094234e+00
2.070000000000000000e+02 4.879343105957776316e+00 4.892464468796703159e+00 6.698114230481702513e+00 6.698230901382780544e+00
2.080000000000000000e+02 4.895639786653849690e+00 4.908220626438547285e+00 6.719558266329736185e+00 6.718533745295425241e+00
2.090000000000000000e+02 4.881930734587896836e+00 4.897256075505309170e+00 6.701875898896967776e+00 6.704434233829659640e+00
2.100000000000000000e+02 4.878681905998759838e+00 4.894066823594013904e+00 6.697927811521629415e+00 6.700134680961629563e+00
2.110000000000000000e+02 4.887681189997365117e+00 4.902389132184683973e+00 6.710727572769610738e+00 6.711525389556610932e+00
2.120000000000000000e+02 4.881981104228542812e+00 4.901703828015828712e+00 6.702920119622204354e+00 6.710399572346092079e+00
2.130000000000000000e+02 4.871822695666696568e+00 4.884872950988095930e+00 6.689511202587330452e+00 6.687783758847543503e+00
2.140000000000000000e+02 4.873340647454289964e+00 4.887055388161250846e+00 6.690743044080034174e+00 6.690057979830927870e+00
2.150000000000000000e+02 4.884776534699103223e+00 4.896595114369843849e+00 6.706859642548621991e+00 6.703058971475628347e+00
2.160000000000000000e+02 4.871713227239093058e+00 4.886932225558966003e+00 6.689720441066980605e+00 6.690931303640623717e+00
2.170000000000000000e+02 4.877732424378930176e+00 4.890117795439440584e+00 6.698551778132844525e+00 6.695251600348300691e+00
2.180000000000000000e+02 4.879131938801520185e+00 4.891043891587615100e+00 6.700972452931380552e+00 6.697081300873768406e+00
2.190000000000000000e+02 4.870747892655233002e+00 4.889136763567321964e+00 6.689156214427060654e+00 6.693225462462069508e+00
2.200000000000000000e+02 4.872155736596096354e+00 4.886902516298222920e+00 6.689821660550273386e+00 6.689556921612607177e+00
2.210000000000000000e+02 4.879841588243591488e+00 4.893681088453286421e+00 6.700368747320368357e+00 6.699336299494732749e+00
2.220000000000000000e+02 4.885956076842376206e+00 4.897143645610296581e+00 6.710314609213966719e+00 6.704941046210393552e+00
2.230000000000000000e+02 4.887651559447317773e+00 4.888128664849047844e+00 6.713454628955290104e+00 6.693595420269828011e+00
2.240000000000000000e+02 4.881427844795282134e+00 4.900212139668527200e+00 6.705844325299270992e+00 6.709923983875409448e+00
2.250000000000000000e+02 4.885320659241155106e+00 4.905966359861277049e+00 6.709557546916646409e+00 6.715678238050061921e+00
2.260000000000000000e+02 4.887496770738135154e+00 4.896327736886761706e+00 6.711827124646026377e+00 6.702044866698093628e+00
2.270000000000000000e+02 4.884981692968087152e+00 4.900088022238556995e+00 6.709037926084114645e+00 6.708287994837340840e+00
2.280000000000000000e+02 4.883287569726464383e+00 4.895837820219414382e+00 6.707146399577081475e+00 6.703153864771125292e+00
2.290000000000000000e+02 4.873841931869741018e+00 4.894512855391334405e+00 6.694608891535184902e+00 6.701613321899379194e+00
2.300000000000000000e+02 4.886115911125861189e+00 4.900869660521960824e+00 6.711417763644327295e+00 6.710307325560935787e+00
2.310000000000000000e+02 4.881159586418733376e+00 4.894004683200277483e+00 6.704485884268697404e+00 6.700563339044073530e+00
2.320000000000000000e+02 4.874966542272673564e+00 4.890814147196701711e+00 6.696851879626743553e+00 6.696654720808400185e+00
2.330000000000000000e+02 4.882585128101402994e+00 4.888176392151090788e+00 6.707269638697212599e+00 6.693062823365509395e+00
2.340000000000000000e+02 4.871630827623773641e+00 4.890387978306537597e+00 6.692534787552848030e+00 6.696091221876405264e+00
2.350000000000000000e+02 4.882715495826998264e+00 4.894959047042913625e+00 6.706927788411721991e+00 6.701576883640407267e+00
2.360000000000000000e+02 4.872799639367043412e+00 4.891118127610864619e+00 6.694328053014436009e+00 6.696811127266292019e+00
2.370000000000000000e+02 4.876829707497693178e+00 4.892156890307334471e+00 6.699466747069246608e+00 6.698678617712570116e+00
2.380000000000000000e+02 4.870602874984186315e+00 4.891065992624999303e+00 6.691695018955131857e+00 6.697644809556635437e+00
2.390000000000000000e+02 4.870445281784021141e+00 4.892041818738571024e+00 6.690177056928628296e+00 6.697850850031310976e+00
2.400000000000000000e+02 4.878792651829911620e+00 4.894257246535145711e+00 6.701827612466551010e+00 6.701101860573908553e+00
2.410000000000000000e+02 4.879264390065811696e+00 4.895660369043877580e+00 6.702965044059033595e+00 6.703182134618725918e+00
2.420000000000000000e+02 4.884717516276868565e+00 4.902146576985294324e+00 6.708057288002431839e+00 6.709576368068007390e+00
2.430000000000000000e+02 4.876754755537256791e+00 4.894393300559071847e+00 6.697988906872965664e+00 6.700131879352889896e+00
2.440000000000000000e+02 4.872283781715035289e+00 4.892287897101765815e+00 6.693244362257241065e+00 6.698356062490696594e+00
2.450000000000000000e+02 4.885331150585565219e+00 4.896055554329035608e+00 6.710668554065828850e+00 6.703233069519860088e+00
2.460000000000000000e+02 4.870147309145277603e+00 4.885673004400696406e+00 6.690614674453284394e+00 6.690545006564081909e+00
2.470000000000000000e+02 4.876675799120783417e+00 4.893871514066204575e+00 6.699462584884473770e+00 6.701115317582137187e+00
2.480000000000000000e+02 4.887666057021813337e+00 4.903480511204061365e+00 6.712766046000238518e+00 6.713090758395352076e+00
2.490000000000000000e+02 4.885977938935519127e+00 4.896300349132192586e+00 6.711433302830326575e+00 6.704081490689957512e+00
2.500000000000000000e+02 4.876922838608796162e+00 4.887156764202972958e+00 6.699265752770825699e+00 6.692003872380740681e+00
2.510000000000000000e+02 4.876186844273998844e+00 4.887266709992765357e+00 6.699723557744598601e+00 6.693245401400183425e+00
2.520000000000000000e+02 4.884972561918803358e+00 4.899078802543898270e+00 6.710515922526683497e+00 6.708070580282667450e+00
2.530000000000000000e+02 4.881288030408780010e+00 4.895246607066407130e+00 6.704748539185206191e+00 6.703224013554535787e+00
2.540000000000000000e+02 4.868125829060153009e+00 4.881803972826535443e+00 6.687047434352434649e+00 6.685018415534919711e+00
2.550000000000000000e+02 4.881580554481733891e+00 4.896061319598487671e+00 6.705276174747772266e+00 6.703896835895934991e+00
2.560000000000000000e+02 4.872168709945670528e+00 4.883641356088564756e+00 6.692307047101786921e+00 6.687421403550068533e+00
2.570000000000000000e+02 4.877735226484733566e+00 4.894111988810853298e+00 6.700869718008765297e+00 6.702518210132266674e+00
2.580000000000000000e+02 4.868734339286906021e+00 4.883363886655690322e+00 6.687539755130230468e+00 6.687126635064233326e+00
2.590000000000000000e+02 4.869464486708393380e+00 4.888203938113162117e+00 6.687763011553224501e+00 6.692627997379241300e+00
2.600000000000000000e+02 4.873616912219848274e+00 4.890727904928579228e+00 6.695241905463025667e+00 6.697232727862347801e+00
2.610000000000000000e+02 4.872075098875829013e+00 4.890900714720647358e+00 6.692878563912482370e+00 6.697794081069059047e+00
2.620000000000000000e+02 4.872768328221840584e+00 4.883756185265956340e+00 6.693247636919950061e+00 6.687184447120782416e+00
2.630000000000000000e+02 4.875274199615684090e+00 4.889799563812638361e+00 6.696636066516200358e+00 6.695446022636679650e+00
2.640000000000000000e+02 4.865963813808207306e+00 4.878446557247476889e+00 6.683639072469613751e+00 6.679656785195731139e+00
2.650000000000000000e+02 4.864656947514229834e+00 4.885168753188469104e+00 6.681868227247541370e+00 6.688652114483764066e+00
2.660000000000000000e+02 4.872140523823240699e+00 4.883916182241739179e+00 6.691435800289547764e+00 6.686830986798406151e+00
2.670000000000000000e+02 4.865321750678297086e+00 4.882777795647003316e+00 6.684022565093640900e+00 6.686863011479924346e+00
2.680000000000000000e+02 4.872015040091431715e+00 4.893701748089390513e+00 6.692458552820733431e+00 6.701013134463572385e+00
2.690000000000000000e+02 4.872925281971192568e+00 4.880923519733118887e+00 6.694616736354380038e+00 6.684847610613688929e+00
2.700000000000000000e+02 4.859075133924299017e+00 4.873490791302786285e+00 6.675783408185957057e+00 6.674964126437620493e+00
2.710000000000000000e+02 4.873310294374674889e+00 4.888355205084957689e+00 6.693614316107581175e+00 6.693261816152430654e+00
2.720000000000000000e+02 4.870418212430918992e+00 4.879450814252789037e+00 6.689240535395796883e+00 6.680613086076880869e+00
2.730000000000000000e+02 4.869707922070319661e+00 4.877683578670588105e+00 6.688606152309673369e+00 6.678608165516763506e+00
2.740000000000000000e+02 4.862306265496176394e+00 4.875507951242343374e+00 6.678206728369281642e+00 6.676304723978194744e+00
2.750000000000000000e+02 4.863579980950539117e+00 4.871498143477079878e+00 6.680460447865090856e+00 6.671131998922002815e+00
2.760000000000000000e+02 4.867321609003953498e+00 4.875699892295624949e+00 6.685084078327180990e+00 6.676766842126698798e+00
2.770000000000000000e+02 4.854672625942468400e+00 4.873860991857269731e+00 6.668474680388521314e+00 6.674983269065479341e+00
2.780000000000000000e+02 4.860086835889911860e+00 4.880315889270145036e+00 6.675228068798126024e+00 6.682781271663385425e+00
2.790000000000000000e+02 4.864321183142789273e+00 4.874188508471555714e+00 6.680510746026147473e+00 6.674795483553627840e+00
2.800000000000000000e+02 4.858159204887940952e+00 4.868353170959533571e+00 6.671406015420101809e+00 6.666158179722422972e+00
2.810000000000000000e+02 4.867946614679485862e+00 4.883945568317587416e+00 6.684483331702871567e+00 6.687270930126178570e+00
2.820000000000000000e+02 4.867838830305905695e+00 4.882470139472951942e+00 6.683680708919299107e+00 6.685039317548293170e+00
2.830000000000000000e+02 4.851596206408561152e+00 4.867120217808654559e+00 6.661528793299673623e+00 6.664250084482895353e+00
2.840000000000000000e+02 4.870456808778983238e+00 4.882579284195870173e+00 6.686683878326984853e+00 6.685137650740260007e+00
2.850000000000000000e+02 4.856271779636385233e+00 4.876850689991962362e+00 6.668166948295923824e+00 6.678003092635621307e+00
2.860000000000000000e+02 4.849533404098957945e+00 4.862033684627117935e+00 6.659262977792714366e+00 6.659005926457665758e+00
2.870000000000000000e+02 4.855766006897616727e+00 4.877911158942469960e+00 6.667333809356744467e+00 6.680504334331195615e+00
2.880000000000000000e+02 4.863238532475298470e+00 4.875795987700781708e+00 6.676939980309250622e+00 6.677137128979561354e+00
2.890000000000000000e+02 4.868880399972639772e+00 4.883556792855948459e+00 6.684052190505758162e+00 6.687214318602523022e+00
2.900000000000000000e+02 4.870419092582880971e+00 4.883376857562009121e+00 6.686685240642963990e+00 6.687366064681069311e+00
2.910000000000000000e+02 4.874644550952010214e+00 4.879590064803431382e+00 6.691620057678213662e+00 6.682444301555634958e+00
2.920000000000000000e+02 4.871939847685384350e+00 4.883612524870761362e+00 6.688247405952250091e+00 6.687720006849116494e+00
2.930000000000000000e+02 4.887690479354965589e+00 4.905458347620929693e+00 6.708288474181538952e+00 6.715845682425549690e+00
2.940000000000000000e+02 4.879029680995351725e+00 4.890353701125496499e+00 6.696914016883250831e+00 6.696303499012448590e+00
2.950000000000000000e+02 4.885131196594553415e+00 4.893520212535717562e+00 6.704740129619643163e+00 6.700302922762253921e+00
2.960000000000000000e+02 4.886464329031338316e+00 4.899657361075719031e+00 6.706403752002976226e+00 6.709161318187613077e+00
2.970000000000000000e+02 4.874456127150694762e+00 4.893703109381239535e+00 6.689932968898745891e+00 6.700317175460973829e+00
2.980000000000000000e+02 4.874070232704585948e+00 4.880542750119821527e+00 6.689260311849744234e+00 6.682720494542071066e+00
2.990000000000000000e+02 4.874521311845162685e+00 4.887092460691873086e+00 6.689738462812955255e+00 6.691314957225791282e+00
3.000000000000000000e+02 4.870948325450819461e+00 4.886315867790242073e+00 6.685397423442068998e+00 6.691492731214875533e+00
3.010000000000000000e+02 4.877016769584032296e+00 4.887921665650832637e+00 6.692407061042260352e+00 6.692956801093765229e+00
3.020000000000000000e+02 4.896019513559373593e+00 4.905811090014600140e+00 6.717709018578618796e+00 6.716169759406618311e+00
3.030000000000000000e+02 4.893550160911702029e+00 4.904051065755008487e+00 6.713797767403486105e+00 6.713139529020581975e+00
3.040000000000000000e+02 4.894140255274679774e+00 4.902458400865273624e+00 6.714011261009411591e+00 6.710962283971175779e+00
3.050000000000000000e+02 4.888552355093346513e+00 4.898803095205542135e+00 6.706949727777573145e+00 6.706188103628162089e+00
3.060000000000000000e+02 4.890571430211205772e+00 4.900070404847397754e+00 6.709667572348729792e+00 6.707651693390022096e+00
3.070000000000000000e+02 4.888930322731694034e+00 4.894646906502475581e+00 6.708882736432314253e+00 6.701796943828337128e+00
3.080000000000000000e+02 4.870300258225665146e+00 4.885573547672727557e+00 6.685244717565382189e+00 6.691354115182234885e+00
3.090000000000000000e+02 4.880541627278097039e+00 4.894214806142497487e+00 6.697670515183232531e+00 6.701219256864580309e+00
3.100000000000000000e+02 4.874764426771582393e+00 4.889852815972878020e+00 6.689634359214604586e+00 6.695649101977862117e+00
3.110000000000000000e+02 4.892312241967069042e+00 4.898197548983180383e+00 6.712941255558520837e+00 6.706230467521053562e+00
3.120000000000000000e+02 4.882593135786262195e+00 4.895884986828468399e+00 6.700379155682492538e+00 6.703303372639126678e+00
3.130000000000000000e+02 4.870022707258399919e+00 4.878043605962804286e+00 6.682371349762692425e+00 6.679143242961815830e+00
3.140000000000000000e+02 4.879042173373727920e+00 4.893713840356426203e+00 6.694193603622330180e+00 6.699625942404939138e+00
3.150000000000000000e+02 4.894712648570635594e+00 4.907843701598186392e+00 6.714515188274970292e+00 6.717783574950657588e+00
3.160000000000000000e+02 4.879830936360758820e+00 4.889783706886879244e+00 6.695819745373782439e+00 6.694888114582907335e+00
3.170000000000000000e+02 4.890856028330974326e+00 4.905102244376755571e+00 6.710825667520721183e+00 6.715278814426196341e+00
3.180000000000000000e+02 4.896597836591781494e+00 4.905753276281743069e+00 6.717395678459889830e+00 6.715632521017950829e+00
3.190000000000000000e+02 4.895360956008373066e+00 4.900674989583662544e+00 6.715504230185784351e+00 6.709103105580296322e+00
3.200000000000000000e+02 4.897017604983146200e+00 4.899837700151880249e+00 6.717944777630859399e+00 6.708217367681346133e+00
3.210000000000000000e+02 4.881163511626371410e+00 4.899036842302057160e+00 6.697405219747837535e+00 6.707539343054294001e+00
3.220000000000000000e+02 4.890055091527963249e+00 4.901236254388260605e+00 6.708543280551785948e+00 6.710169267044204133e+00
3.230000000000000000e+02 4.889670078391052499e+00 4.904131541707818620e+00 6.708674929592620018e+00 6.714930070873348811e+00
3.240000000000000000e+02 4.884335866765399992e+00 4.887685433741366658e+00 6.700999843949986712e+00 6.692536944502234242e+00
3.250000000000000000e+02 4.885227449841003100e+00 4.890633813836938515e+00 6.701274187963417894e+00 6.696083527012201664e+00
3.260000000000000000e+02 4.894873604546355672e+00 4.903116637790801313e+00 6.714078201636289656e+00 6.712945255228285113e+00
3.270000000000000000e+02 4.878450481581456444e+00 4.895849910518022874e+00 6.692170354565814883e+00 6.703544562449023303e+00
3.280000000000000000e+02 4.883187392711202612e+00 4.887490846675928147e+00 6.698479223921935954e+00 6.692189169487539502e+00
3.290000000000000000e+02 4.884358448505894401e+00 4.895693439331733288e+00 6.699843835810505688e+00 6.703123753183406031e+00
3.300000000000000000e+02 4.886953844427991633e+00 4.892291020456938533e+00 6.702837474286364561e+00 6.698233143379936472e+00
3.310000000000000000e+02 4.893604852927579962e+00 4.900255704386028199e+00 6.711638938601387494e+00 6.708852865008719135e+00
3.320000000000000000e+02 4.879830218889232185e+00 4.892654253029144584e+00 6.692670200742612430e+00 6.698909083555612654e+00
3.330000000000000000e+02 4.890886538287111840e+00 4.897482454826628029e+00 6.708289273840045475e+00 6.706194350366745383e+00
3.340000000000000000e+02 4.880666468707238970e+00 4.885923009068792844e+00 6.694645965483760897e+00 6.690181217191942586e+00
3.350000000000000000e+02 4.892932122270573281e+00 4.902014368323450277e+00 6.711126362664328937e+00 6.712485204949558693e+00
3.360000000000000000e+02 4.890431616966473882e+00 4.899741444478726393e+00 6.707477601504160170e+00 6.708914281570903526e+00
3.370000000000000000e+02 4.889061007557962135e+00 4.895565395096210359e+00 6.705680247316724518e+00 6.703560419238153933e+00
3.380000000000000000e+02 4.881344564776196826e+00 4.878261817274938572e+00 6.695127231453719574e+00 6.680259451008597082e+00
3.390000000000000000e+02 4.873752886749898927e+00 4.883138467492702972e+00 6.686017712941805691e+00 6.688237557739538985e+00
3.400000000000000000e+02 4.885236340822897816e+00 4.895707453871793291e+00 6.700962289784507142e+00 6.704401802469139859e+00
3.410000000000000000e+02 4.888541144720222498e+00 4.894536958432463614e+00 6.704958826408415895e+00 6.702551035768300025e+00
3.420000000000000000e+02 4.890344572400819878e+00 4.894095251557811999e+00 6.705721327712983459e+00 6.700292836542775632e+00
3.430000000000000000e+02 4.890652310121867075e+00 4.894956406688289796e+00 6.706870687268381204e+00 6.702191889450380025e+00
3.440000000000000000e+02 4.887564036480821272e+00 4.893668758377359929e+00 6.702490576755081086e+00 6.700261767125854639e+00
3.450000000000000000e+02 4.892305595109098348e+00 4.895760547326783119e+00 6.708852865503067697e+00 6.703251084677361860e+00
3.460000000000000000e+02 4.902403705281837887e+00 4.910060091659713244e+00 6.721759692439418288e+00 6.721903996841953166e+00
3.470000000000000000e+02 4.891931632754351611e+00 4.905229966760187743e+00 6.708155706203216440e+00 6.716206836209641651e+00
3.480000000000000000e+02 4.883003455430300122e+00 4.891435552410753118e+00 6.696956060579697834e+00 6.698329160488376566e+00
3.490000000000000000e+02 4.883307831983445979e+00 4.894312180688795699e+00 6.696818730072447323e+00 6.701824727845746565e+00
3.500000000000000000e+02 4.886243236743314178e+00 4.887388106656683995e+00 6.700912880001859584e+00 6.692918439846599732e+00
3.510000000000000000e+02 4.885828673974694780e+00 4.891542297760382851e+00 6.699528647766659795e+00 6.697745796195810897e+00
3.520000000000000000e+02 4.879224108521969860e+00 4.884775895342330365e+00 6.690957403138567017e+00 6.688637708042518781e+00
3.530000000000000000e+02 4.885535670169740108e+00 4.899290847419949912e+00 6.699684800967996345e+00 6.708568904739444783e+00
3.540000000000000000e+02 4.878475305601215339e+00 4.890103859561434341e+00 6.690542926653545663e+00 6.696476629641137990e+00
3.550000000000000000e+02 4.885076022414439834e+00 4.885365425583379384e+00 6.699515590879091320e+00 6.690507528736293175e+00
3.560000000000000000e+02 4.879153960837916415e+00 4.885829397589572132e+00 6.690755607001780625e+00 6.690963258661673407e+00
3.570000000000000000e+02 4.875392076057558199e+00 4.888710028627987647e+00 6.686289017378974187e+00 6.695037707503377788e+00
3.580000000000000000e+02 4.873405908426166278e+00 4.884214790346568691e+00 6.683389704522687325e+00 6.689308600418554462e+00
3.590000000000000000e+02 4.874186107109170329e+00 4.881870597596631001e+00 6.683067956082281214e+00 6.684524414174950024e+00
3.600000000000000000e+02 4.868846048296771478e+00 4.882013375197511884e+00 6.675460532997374408e+00 6.684335187342667517e+00
3.610000000000000000e+02 4.880942014901822112e+00 4.884027168524175622e+00 6.693119834269618096e+00 6.688615844866796500e+00
3.620000000000000000e+02 4.885372311033140846e+00 4.884935089873406966e+00 6.698224894699655430e+00 6.689328622607489727e+00
3.630000000000000000e+02 4.888068844821864545e+00 4.884890244753505861e+00 6.702441165525065969e+00 6.689893489584815889e+00
3.640000000000000000e+02 4.892241133913117324e+00 4.898896625595232202e+00 6.707180437135390250e+00 6.707947579643885661e+00
3.650000000000000000e+02 4.891503697069593315e+00 4.902963848903896249e+00 6.707048063640151270e+00 6.714021743562478939e+00
3.660000000000000000e+02 4.887231233001623210e+00 4.897221161848748672e+00 6.700702029796754999e+00 6.705631562659491784e+00
3.670000000000000000e+02 4.879614248139259480e+00 4.882995289353206481e+00 6.689977410266092051e+00 6.686257868061042053e+00
3.680000000000000000e+02 4.882486713467762307e+00 4.889251753514256116e+00 6.693478345733579360e+00 6.694932804253515890e+00
3.690000000000000000e+02 4.884734173231920273e+00 4.886142099635218727e+00 6.696734002663819574e+00 6.691001452691162754e+00
3.700000000000000000e+02 4.879608802027322945e+00 4.886496923011802274e+00 6.690283386695504930e+00 6.691782533134998268e+00
3.710000000000000000e+02 4.890823838544942070e+00 4.892942933687342233e+00 6.704817809684475272e+00 6.700071819798460560e+00
3.720000000000000000e+02 4.873540760648845449e+00 4.880388440074159284e+00 6.681757475895301113e+00 6.683552024877918996e+00
3.730000000000000000e+02 4.881392694192720150e+00 4.888287218485129593e+00 6.692910915932322347e+00 6.695030740499871236e+00
3.740000000000000000e+02 4.884346998258979333e+00 4.888139154877413795e+00 6.696828896468505654e+00 6.694587988406217605e+00
3.750000000000000000e+02 4.888948178530999833e+00 4.898516335735326521e+00 6.702205097787442334e+00 6.707800072939606117e+00
3.760000000000000000e+02 4.890359387460500251e+00 4.894773107276543911e+00 6.703499561831347542e+00 6.702361090427626955e+00
3.770000000000000000e+02 4.889191296035340528e+00 4.894536638202403367e+00 6.702302477048784901e+00 6.702558082911985515e+00
3.780000000000000000e+02 4.879515593944055318e+00 4.889830716115799447e+00 6.689674238245592264e+00 6.696172016097786894e+00
3.790000000000000000e+02 4.887244848355259741e+00 4.893085389658295981e+00 6.699875468687525704e+00 6.700989509576153580e+00
3.800000000000000000e+02 4.890840574434728971e+00 4.889769135748825768e+00 6.704822613500206252e+00 6.696420016443884293e+00
3.810000000000000000e+02 4.888780576613287465e+00 4.898296765021386889e+00 6.701903124530334210e+00 6.707488093955108255e+00
3.820000000000000000e+02 4.896559238643549250e+00 4.899431623864892948e+00 6.712319684563861522e+00 6.709184385011027096e+00
3.830000000000000000e+02 4.890590652365874647e+00 4.898128921327971952e+00 6.704086215684492700e+00 6.707495378948065579e+00
3.840000000000000000e+02 4.891008015502795736e+00 4.896713709452258811e+00 6.704702012606579054e+00 6.705409104678563104e+00
3.850000000000000000e+02 4.881657350192412537e+00 4.888217789638976463e+00 6.692766453410444072e+00 6.695000627351278766e+00
3.860000000000000000e+02 4.886473539834800484e+00 4.885539836001440150e+00 6.699044576841052034e+00 6.690875010381863497e+00
3.870000000000000000e+02 4.898891418410822318e+00 4.901643048358999444e+00 6.715826861717042462e+00 6.712542541281993458e+00
3.880000000000000000e+02 4.890909039990863683e+00 4.900264270535961586e+00 6.704444002061761054e+00 6.710216990424240358e+00
3.890000000000000000e+02 4.900326251179031090e+00 4.910994915351165169e+00 6.717353634890953273e+00 6.724765421812620936e+00
3.900000000000000000e+02 4.898438902778398329e+00 4.904952978747098236e+00 6.714689279936266075e+00 6.717037248007700079e+00
3.910000000000000000e+02 4.900324091934577631e+00 4.904538816882441310e+00 6.715906470040084564e+00 6.715358889950818089e+00
3.920000000000000000e+02 4.890888941865215500e+00 4.898366672432914015e+00 6.703880415379661173e+00 6.707431157635467933e+00
3.930000000000000000e+02 4.898469169946520374e+00 4.903215053147826907e+00 6.714379932734543921e+00 6.714021024506245716e+00
3.940000000000000000e+02 4.895220742910810330e+00 4.902533913031337676e+00 6.709677592306539928e+00 6.713281904486112950e+00
3.950000000000000000e+02 4.888807484151783456e+00 4.894552253298853906e+00 6.700747761037054495e+00 6.702479926755762207e+00
3.960000000000000000e+02 4.903116555431790147e+00 4.905767688638285051e+00 6.720649486404374429e+00 6.717937485797667030e+00
3.970000000000000000e+02 4.898330237504298523e+00 4.896601202744584214e+00 6.712958551636842408e+00 6.704554837193411387e+00
3.980000000000000000e+02 4.902529347894725831e+00 4.909465034128072780e+00 6.717593789872958965e+00 6.721063976052542799e+00
3.990000000000000000e+02 4.891077763044746618e+00 4.899561191170723973e+00 6.702927641279576854e+00 6.708312338305959521e+00
4.000000000000000000e+02 4.891749538319190904e+00 4.897784507309389745e+00 6.704041697786760956e+00 6.706777718775559727e+00
4.010000000000000000e+02 4.883447884828306051e+00 4.885392252111059541e+00 6.692726810596666631e+00 6.689835674547966349e+00
4.020000000000000000e+02 4.889166872005657360e+00 4.893555528116265485e+00 6.700629564050164078e+00 6.701207729036651628e+00
4.030000000000000000e+02 4.891553508666810046e+00 4.899059664107532797e+00 6.703777441012321425e+00 6.708495875600986480e+00
4.040000000000000000e+02 4.889094159894877833e+00 4.894304092335366008e+00 6.700948111010648134e+00 6.702023400637581396e+00
4.050000000000000000e+02 4.896123372908293803e+00 4.893550481108991157e+00 6.709607751110610252e+00 6.700954676792640896e+00
4.060000000000000000e+02 4.891853393330189093e+00 4.889537632117082033e+00 6.704123683386941757e+00 6.695979588914725333e+00
4.070000000000000000e+02 4.898590009130625589e+00 4.906233019557477704e+00 6.712720558579666985e+00 6.717354436098388781e+00
4.080000000000000000e+02 4.899128050805853007e+00 4.898521383671136320e+00 6.712424028953885013e+00 6.706619328551087555e+00
4.090000000000000000e+02 4.891526839445544006e+00 4.891584254291248435e+00 6.703694631671438309e+00 6.699041049357902011e+00
4.100000000000000000e+02 4.898709403951611918e+00 4.904849917911071167e+00 6.712660257294351673e+00 6.715905021147381859e+00
4.110000000000000000e+02 4.886161317948214844e+00 4.894747242243147056e+00 6.695507688228325094e+00 6.702130064972331880e+00
4.120000000000000000e+02 4.897302039522346995e+00 4.892704702275446849e+00 6.710822305020808010e+00 6.699891002294589448e+00
4.130000000000000000e+02 4.893568900566884317e+00 4.894914443801779314e+00 6.705900626193239233e+00 6.703190698244092083e+00
4.140000000000000000e+02 4.900558959280577831e+00 4.912663336244968981e+00 6.714419338032987739e+00 6.725742942585341666e+00
4.150000000000000000e+02 4.895034481503595103e+00 4.896577737129314656e+00 6.706848109924383294e+00 6.703742437540094024e+00
4.160000000000000000e+02 4.887601033374338932e+00 4.889787233439366609e+00 6.698269260833956906e+00 6.696124528437684020e+00
4.170000000000000000e+02 4.885774383399099641e+00 4.891789575614917673e+00 6.695173363744441275e+00 6.698561146754951956e+00
4.180000000000000000e+02 4.886071469628816111e+00 4.888241014073165580e+00 6.695896064155424376e+00 6.693802903649903158e+00
4.190000000000000000e+02 4.892898969036334478e+00 4.888591036247199817e+00 6.705519049173527257e+00 6.694724529719742634e+00
4.200000000000000000e+02 4.891734883329782235e+00 4.900849959009232926e+00 6.704790826616616073e+00 6.712375577653172165e+00
4.210000000000000000e+02 4.898111144940055617e+00 4.895732524904163441e+00 6.713014445653498363e+00 6.704896542377849045e+00
4.220000000000000000e+02 4.890020259050370299e+00 4.889687136514665688e+00 6.701634783522956162e+00 6.696214296424482626e+00
4.230000000000000000e+02 4.890623482898100782e+00 4.893075941143356644e+00 6.702585147849980274e+00 6.700774581396466090e+00
4.240000000000000000e+02 4.896458261947027601e+00 4.903162361133340141e+00 6.709857525339931961e+00 6.713928451882980042e+00
4.250000000000000000e+02 4.892834668579311597e+00 4.898297325214334030e+00 6.704946014782707131e+00 6.707135429081835909e+00
4.260000000000000000e+02 4.890754492088730032e+00 4.894698397084365382e+00 6.702095235256374295e+00 6.701833541082725887e+00
4.270000000000000000e+02 4.895453286398795179e+00 4.901027972802521226e+00 6.708166352782387598e+00 6.709987570765763465e+00
4.280000000000000000e+02 4.890488233321173439e+00 4.890266579469587427e+00 6.701326964301376421e+00 6.695427771593775113e+00
4.290000000000000000e+02 4.893628638788633189e+00 4.898537880734695094e+00 6.706047730403628115e+00 6.707003866317097440e+00
4.300000000000000000e+02 4.898641257895048007e+00 4.899942680762893410e+00 6.713152497517282491e+00 6.709504860660770120e+00
4.310000000000000000e+02 4.896705939555420883e+00 4.901057280577686193e+00 6.710697298181087511e+00 6.710785307431030411e+00
4.320000000000000000e+02 4.888497823611687387e+00 4.899026831921577063e+00 6.700116904905671689e+00 6.708416997663485759e+00
4.330000000000000000e+02 4.892219190152909292e+00 4.901897294365385349e+00 6.704806915236333431e+00 6.711837772317712059e+00
4.340000000000000000e+02 4.886522227467786195e+00 4.884702863751563484e+00 6.697118058025116838e+00 6.688274151420920965e+00
4.350000000000000000e+02 4.896192242786459481e+00 4.904450892554407027e+00 6.710004305759579069e+00 6.714807394075537061e+00
4.360000000000000000e+02 4.880638040010186529e+00 4.886511097192146380e+00 6.689352238193978728e+00 6.690686264801998462e+00
4.370000000000000000e+02 4.884081781038128511e+00 4.890481907232858028e+00 6.694906460907443346e+00 6.696950935108363367e+00
4.380000000000000000e+02 4.888020879608043323e+00 4.890629250665240235e+00 6.700464360047906354e+00 6.696923789908128199e+00
4.390000000000000000e+02 4.885439899071636560e+00 4.893995634282014784e+00 6.696088496873763063e+00 6.701074397301372443e+00
4.400000000000000000e+02 4.895958978181756294e+00 4.903898516768157023e+00 6.710820385833095258e+00 6.714561874397549701e+00
4.410000000000000000e+02 4.899341698302991155e+00 4.906157586069536336e+00 6.714629541739300045e+00 6.716572071963750723e+00
4.420000000000000000e+02 4.899591137556024378e+00 4.904579017980910116e+00 6.715528972707963895e+00 6.714893561148397083e+00
4.430000000000000000e+02 4.900111963370350487e+00 4.900594034059102100e+00 6.716340086031773460e+00 6.709570288857459985e+00
4.440000000000000000e+02 4.894680698961521692e+00 4.902556655170323907e+00 6.709457937537750993e+00 6.712858211378693873e+00
4.450000000000000000e+02 4.876709433372984570e+00 4.889012321699097718e+00 6.685917694848165560e+00 6.694947219172903807e+00
4.460000000000000000e+02 4.891496489712164220e+00 4.896427994822132312e+00 6.705047070686312338e+00 6.703596302272573304e+00
4.470000000000000000e+02 4.901921879994908693e+00 4.906602737817311599e+00 6.718356857095308499e+00 6.716957328108805747e+00
4.480000000000000000e+02 4.892377505247512026e+00 4.895216820150626091e+00 6.706740005045732644e+00 6.703242916994104128e+00
4.490000000000000000e+02 4.877334037501259267e+00 4.877439982990632750e+00 6.686864374445338655e+00 6.679359700274137168e+00
4.500000000000000000e+02 4.873045079933023160e+00 4.877331637974606338e+00 6.681632313718653293e+00 6.679690182507864726e+00
4.510000000000000000e+02 4.873523783373875595e+00 4.886053212654867473e+00 6.682423964161702479e+00 6.691309751633360392e+00
4.520000000000000000e+02 4.875979205702964059e+00 4.881244790684668544e+00 6.684952274088212576e+00 6.683898283098534954e+00
4.530000000000000000e+02 4.875558155525557602e+00 4.880991503282406718e+00 6.683887710793949388e+00 6.683147706416721512e+00
4.540000000000000000e+02 4.875945252321760570e+00 4.880994229379508553e+00 6.685914651717730806e+00 6.684161023741717500e+00
4.550000000000000000e+02 4.880572697734791632e+00 4.886636738547374570e+00 6.692081543638299657e+00 6.691498976377979524e+00
4.560000000000000000e+02 4.884906259225566316e+00 4.892779493368289323e+00 6.697469838561218580e+00 6.699333334758133418e+00
4.570000000000000000e+02 4.885659389276676201e+00 4.888452419913960512e+00 6.699975882661728832e+00 6.694441528735045388e+00
4.580000000000000000e+02 4.868848211723501684e+00 4.880024646784864473e+00 6.677907563410817815e+00 6.683683751978565901e+00
4.590000000000000000e+02 4.878363919969421758e+00 4.897780183556506906e+00 6.689766335178953582e+00 6.706615001020014510e+00
4.600000000000000000e+02 4.878264140383191005e+00 4.893752037856168968e+00 6.690849945100697305e+00 6.702212707307065642e+00
4.610000000000000000e+02 4.876620466254458997e+00 4.886009250561443196e+00 6.688562833126119322e+00 6.690768504899907043e+00
4.620000000000000000e+02 4.883484242120859520e+00 4.888253986566025944e+00 6.697230249253618872e+00 6.693551377987200013e+00
4.630000000000000000e+02 4.887741489836684217e+00 4.899906805448256186e+00 6.703395622918364438e+00 6.709525759970532022e+00
4.640000000000000000e+02 4.875784536970377836e+00 4.877887939544276463e+00 6.687983631286333441e+00 6.680289812694838680e+00
4.650000000000000000e+02 4.869064580852555224e+00 4.877606542741496298e+00 6.678775688878441308e+00 6.679499672104229013e+00
4.660000000000000000e+02 4.881722050001206625e+00 4.886061300048793576e+00 6.697195487250423795e+00 6.692018842361552977e+00
4.670000000000000000e+02 4.888668787098876756e+00 4.902388892464919934e+00 6.706369799735220738e+00 6.713107014164189756e+00
4.680000000000000000e+02 4.884065847353438627e+00 4.893911471201516150e+00 6.700091524044412772e+00 6.702160172960804019e+00
4.690000000000000000e+02 4.874027231343564637e+00 4.882264259168002773e+00 6.687464480939828704e+00 6.686547347269843122e+00
4.700000000000000000e+02 4.865342972500246610e+00 4.870348868205243598e+00 6.675631502358314151e+00 6.670297182730568153e+00
4.710000000000000000e+02 4.863128667408501471e+00 4.871274321560735920e+00 6.673586872681151583e+00 6.672040553339844138e+00
4.720000000000000000e+02 4.862906768808699987e+00 4.869269900763527836e+00 6.673894444140340276e+00 6.669799574248009399e+00
4.730000000000000000e+02 4.873281549423915671e+00 4.881993517853971731e+00 6.687449989796828476e+00 6.686550953747757653e+00
4.740000000000000000e+02 4.867534938511727916e+00 4.877143858061699255e+00 6.679944671291435654e+00 6.679843057003416185e+00
4.750000000000000000e+02 4.872795558597505128e+00 4.886308019857726670e+00 6.687831643126128434e+00 6.692146888539294736e+00
4.760000000000000000e+02 4.860507966241035760e+00 4.874088250921288612e+00 6.670493855209233658e+00 6.674528422079031742e+00
4.770000000000000000e+02 4.866125330785569858e+00 4.882524913549903367e+00 6.678670786324843789e+00 6.685820722468107213e+00
4.780000000000000000e+02 4.868268527364748799e+00 4.879904371458548162e+00 6.682335477370204835e+00 6.683175979865953131e+00
4.790000000000000000e+02 4.851482733409020476e+00 4.862505984005283111e+00 6.660118209656944011e+00 6.659897119413308531e+00
4.800000000000000000e+02 4.861887941637145438e+00 4.878716740031457277e+00 6.674256959888576368e+00 6.681783101602897013e+00
4.810000000000000000e+02 4.868126791086791805e+00 4.885821228602233113e+00 6.683236999896705832e+00 6.691191718771430708e+00
4.820000000000000000e+02 4.863629392374159366e+00 4.877133282793922220e+00 6.677212248216772394e+00 6.679322616833109016e+00
4.830000000000000000e+02 4.868908027830725516e+00 4.884909141758225992e+00 6.684478849369463127e+00 6.690003994152426081e+00
4.840000000000000000e+02 4.865152385582255157e+00 4.875461983908322416e+00 6.679640127597631150e+00 6.676794795342479105e+00
4.850000000000000000e+02 4.864219482876702472e+00 4.873212763349107135e+00 6.679827995638982330e+00 6.674967093418692876e+00
4.860000000000000000e+02 4.860495310374049360e+00 4.875288135667303457e+00 6.674839605985940949e+00 6.677188620412432662e+00
4.870000000000000000e+02 4.863350320204522070e+00 4.883566401149672664e+00 6.677587970836570186e+00 6.687382240198654237e+00
4.880000000000000000e+02 4.880043143889828627e+00 4.888109927776347341e+00 6.700725976358259395e+00 6.694080136038397910e+00
4.890000000000000000e+02 4.852547287946095800e+00 4.862420379771881684e+00 6.663904148849915110e+00 6.659528036073241175e+00
4.900000000000000000e+02 4.861162920680566657e+00 4.874814557898600853e+00 6.675132619069540141e+00 6.675585620084974359e+00
4.910000000000000000e+02 4.859317611182561336e+00 4.879501179184718929e+00 6.673103359221511433e+00 6.682536873200827898e+00
4.920000000000000000e+02 4.862620572039479505e+00 4.876336991123404907e+00 6.678865936097401423e+00 6.679025688412106199e+00
4.930000000000000000e+02 4.867083859760973574e+00 4.874331608396697213e+00 6.684187767402805846e+00 6.675666416055288543e+00
4.940000000000000000e+02 4.869456719638272091e+00 4.884550475415535331e+00 6.685986960035534388e+00 6.688097657914629401e+00
4.950000000000000000e+02 4.857790690851910398e+00 4.867952861908470652e+00 6.671692543266448894e+00 6.667515261526203219e+00
4.960000000000000000e+02 4.879403964746186873e+00 4.892165377758212585e+00 6.700990476192724365e+00 6.700071494704725517e+00
4.970000000000000000e+02 4.867013630096325372e+00 4.883888394032788405e+00 6.684915113036736578e+00 6.689348639761526272e+00
4.980000000000000000e+02 4.874684670304306522e+00 4.885691182361306062e+00 6.694841121228944480e+00 6.690485028862720007e+00
4.990000000000000000e+02 4.858587622177083176e+00 4.875318243712995603e+00 6.673048582644134363e+00 6.677082353875779752e+00
5.000000000000000000e+02 4.860854380967290389e+00 4.878299534390489356e+00 6.676267965456522013e+00 6.680986081386794062e+00
