# delays[ps] delta_averaged scan 0
-2.000000000000000000e+01 1.027723948108665334e-04 1.027723948108665334e-04
-1.800000000000000000e+01 8.169167386622600436e-05 8.169167386622600436e-05
-1.600000000000000000e+01 1.165628690566740091e-04 1.165628690566740091e-04
-1.400000000000000000e+01 7.455282326492796373e-05 7.455282326492796373e-05
-1.200000000000000000e+01 1.461960434204495488e-04 1.461960434204495488e-04
-1.000000000000000000e+01 1.501158023887915133e-04 1.501158023887915133e-04
-8.000000000000000000e+00 1.224921229030069233e-04 1.224921229030069233e-04
-6.000000000000000000e+00 8.411875846926764044e-05 8.411875846926764044e-05
-4.000000000000000000e+00 9.066732482984396274e-05 9.066732482984396274e-05
-2.000000000000000000e+00 8.677619455319585714e-05 8.677619455319585714e-05
-1.000000000000000000e+00 7.767134776503726256e-05 7.767134776503726256e-05
-9.000000000000000222e-01 5.996035832772383831e-05 5.996035832772383831e-05
-8.000000000000000444e-01 3.794918307027661530e-05 3.794918307027661530e-05
-6.999999999999999556e-01 7.624960587765882911e-05 7.624960587765882911e-05
-5.999999999999999778e-01 1.249900420022904610e-04 1.249900420022904610e-04
-5.000000000000000000e-01 8.122763464344650588e-05 8.122763464344650588e-05
-4.000000000000000222e-01 8.150397129224939757e-05 8.150397129224939757e-05
-2.999999999999999889e-01 8.705234220091751093e-05 8.705234220091751093e-05
-2.000000000000000111e-01 -5.095157343096068672e-06 -5.095157343096068672e-06
-1.000000000000000056e-01 -2.872121313282397469e-04 -2.872121313282397469e-04
0.000000000000000000e+00 -7.645281756957386611e-04 -7.645281756957386611e-04
1.000000000000000056e-01 -1.126555823895653745e-03 -1.126555823895653745e-03
2.000000000000000111e-01 -1.420100027766583832e-03 -1.420100027766583832e-03
2.999999999999999889e-01 -1.696705907395491819e-03 -1.696705907395491819e-03
4.000000000000000222e-01 -1.875082754815190090e-03 -1.875082754815190090e-03
5.000000000000000000e-01 -1.951703784628052579e-03 -1.951703784628052579e-03
5.999999999999999778e-01 -1.972902666343794281e-03 -1.972902666343794281e-03
6.999999999999999556e-01 -2.129306032472014307e-03 -2.129306032472014307e-03
8.000000000000000444e-01 -2.122305914441692618e-03 -2.122305914441692618e-03
9.000000000000000222e-01 -2.126141367482973967e-03 -2.126141367482973967e-03
1.000000000000000000e+00 -2.152379306281764111e-03 -2.152379306281764111e-03
1.100000000000000089e+00 -2.178615306419198240e-03 -2.178615306419198240e-03
1.199999999999999956e+00 -2.101986150158259656e-03 -2.101986150158259656e-03
1.300000000000000044e+00 -2.183739172763464638e-03 -2.183739172763464638e-03
1.399999999999999911e+00 -2.346403599324084228e-03 -2.346403599324084228e-03
1.500000000000000000e+00 -2.324912623818421991e-03 -2.324912623818421991e-03
1.600000000000000089e+00 -2.226073387314304614e-03 -2.226073387314304614e-03
1.699999999999999956e+00 -2.317638194054260845e-03 -2.317638194054260845e-03
1.800000000000000044e+00 -2.273469908906999761e-03 -2.273469908906999761e-03
1.899999999999999911e+00 -2.281362401467975070e-03 -2.281362401467975070e-03
2.000000000000000000e+00 -2.306368902185971376e-03 -2.306368902185971376e-03
3.000000000000000000e+00 -2.223653772548343354e-03 -2.223653772548343354e-03
4.000000000000000000e+00 -2.086120063840510470e-03 -2.086120063840510470e-03
5.000000000000000000e+00 -1.996353688008235643e-03 -1.996353688008235643e-03
6.000000000000000000e+00 -1.831574431647551345e-03 -1.831574431647551345e-03
7.000000000000000000e+00 -1.723706129932685901e-03 -1.723706129932685901e-03
8.000000000000000000e+00 -1.569043187957990752e-03 -1.569043187957990752e-03
9.000000000000000000e+00 -1.484062097904794266e-03 -1.484062097904794266e-03
1.000000000000000000e+01 -1.425533482532377648e-03 -1.425533482532377648e-03
1.100000000000000000e+01 -1.389279311026258342e-03 -1.389279311026258342e-03
1.200000000000000000e+01 -1.330029116627762286e-03 -1.330029116627762286e-03
1.300000000000000000e+01 -1.256830498268844383e-03 -1.256830498268844383e-03
1.400000000000000000e+01 -1.266113535286694011e-03 -1.266113535286694011e-03
1.500000000000000000e+01 -1.317273230006063773e-03 -1.317273230006063773e-03
1.600000000000000000e+01 -1.252815217802240224e-03 -1.252815217802240224e-03
1.700000000000000000e+01 -1.315192081238112558e-03 -1.315192081238112558e-03
1.800000000000000000e+01 -1.328972212259826348e-03 -1.328972212259826348e-03
1.900000000000000000e+01 -1.235100358610704977e-03 -1.235100358610704977e-03
2.000000000000000000e+01 -1.280770319088162879e-03 -1.280770319088162879e-03
2.100000000000000000e+01 -1.171071427411491924e-03 -1.171071427411491924e-03
2.200000000000000000e+01 -1.066066356193434402e-03 -1.066066356193434402e-03
2.300000000000000000e+01 -1.162021320244204696e-03 -1.162021320244204696e-03
2.400000000000000000e+01 -1.034225452424929062e-03 -1.034225452424929062e-03
2.500000000000000000e+01 -1.085774541546996336e-03 -1.085774541546996336e-03
2.600000000000000000e+01 -9.624645838297319613e-04 -9.624645838297319613e-04
2.700000000000000000e+01 -9.930381515475847180e-04 -9.930381515475847180e-04
2.800000000000000000e+01 -9.172518741293102804e-04 -9.172518741293102804e-04
2.900000000000000000e+01 -9.704396967649025259e-04 -9.704396967649025259e-04
3.000000000000000000e+01 -9.106854688437145563e-04 -9.106854688437145563e-04
3.100000000000000000e+01 -9.214009829431141175e-04 -9.214009829431141175e-04
3.200000000000000000e+01 -8.336640971092877531e-04 -8.336640971092877531e-04
3.300000000000000000e+01 -8.189783142434495580e-04 -8.189783142434495580e-04
3.400000000000000000e+01 -8.261755018454038394e-04 -8.261755018454038394e-04
3.500000000000000000e+01 -8.256788289278337543e-04 -8.256788289278337543e-04
3.600000000000000000e+01 -8.222230157105314729e-04 -8.222230157105314729e-04
3.700000000000000000e+01 -8.563428761719526529e-04 -8.563428761719526529e-04
3.800000000000000000e+01 -7.914909902668434060e-04 -7.914909902668434060e-04
3.900000000000000000e+01 -8.087515381917795764e-04 -8.087515381917795764e-04
4.000000000000000000e+01 -8.276470894794622909e-04 -8.276470894794622909e-04
4.100000000000000000e+01 -7.707821997787034753e-04 -7.707821997787034753e-04
4.200000000000000000e+01 -8.205204347966922867e-04 -8.205204347966922867e-04
4.300000000000000000e+01 -7.062750381501817134e-04 -7.062750381501817134e-04
4.400000000000000000e+01 -7.023591071832033413e-04 -7.023591071832033413e-04
4.500000000000000000e+01 -7.669422128608557356e-04 -7.669422128608557356e-04
4.600000000000000000e+01 -7.279914328250646242e-04 -7.279914328250646242e-04
4.700000000000000000e+01 -7.021111552764748923e-04 -7.021111552764748923e-04
4.800000000000000000e+01 -7.066656356079478772e-04 -7.066656356079478772e-04
4.900000000000000000e+01 -7.194158004853423412e-04 -7.194158004853423412e-04
5.000000000000000000e+01 -6.203559896198158419e-04 -6.203559896198158419e-04
5.100000000000000000e+01 -6.262976968262376053e-04 -6.262976968262376053e-04
5.200000000000000000e+01 -6.051398679403310237e-04 -6.051398679403310237e-04
5.300000000000000000e+01 -6.644610899854258828e-04 -6.644610899854258828e-04
5.400000000000000000e+01 -5.940102180296450785e-04 -5.940102180296450785e-04
5.500000000000000000e+01 -6.028088556813218386e-04 -6.028088556813218386e-04
5.600000000000000000e+01 -6.046306540910981143e-04 -6.046306540910981143e-04
5.700000000000000000e+01 -6.120448477396471000e-04 -6.120448477396471000e-04
5.800000000000000000e+01 -5.224201624313902807e-04 -5.224201624313902807e-04
5.900000000000000000e+01 -5.776986551597600725e-04 -5.776986551597600725e-04
6.000000000000000000e+01 -5.104030485186640065e-04 -5.104030485186640065e-04
6.100000000000000000e+01 -5.112733305876212110e-04 -5.112733305876212110e-04
6.200000000000000000e+01 -5.166093330355777530e-04 -5.166093330355777530e-04
6.300000000000000000e+01 -4.972716755219139901e-04 -4.972716755219139901e-04
6.400000000000000000e+01 -5.138588774411582093e-04 -5.138588774411582093e-04
6.500000000000000000e+01 -4.997310408914473496e-04 -4.997310408914473496e-04
6.600000000000000000e+01 -4.805525300872714165e-04 -4.805525300872714165e-04
6.700000000000000000e+01 -4.397315359633307999e-04 -4.397315359633307999e-04
6.800000000000000000e+01 -4.879659626122768708e-04 -4.879659626122768708e-04
6.900000000000000000e+01 -4.736977626699650796e-04 -4.736977626699650796e-04
7.000000000000000000e+01 -4.308139630865261073e-04 -4.308139630865261073e-04
7.100000000000000000e+01 -5.651852340124447881e-04 -5.651852340124447881e-04
7.200000000000000000e+01 -5.225812547965317904e-04 -5.225812547965317904e-04
7.300000000000000000e+01 -5.436555419186398300e-04 -5.436555419186398300e-04
7.400000000000000000e+01 -5.519975683521802408e-04 -5.519975683521802408e-04
7.500000000000000000e+01 -5.229110920793709648e-04 -5.229110920793709648e-04
7.600000000000000000e+01 -5.597980702679031728e-04 -5.597980702679031728e-04
7.700000000000000000e+01 -5.565175242057113615e-04 -5.565175242057113615e-04
7.800000000000000000e+01 -6.167790054798699467e-04 -6.167790054798699467e-04
7.900000000000000000e+01 -5.713053991418327914e-04 -5.713053991418327914e-04
8.000000000000000000e+01 -6.007580898853438073e-04 -6.007580898853438073e-04
8.100000000000000000e+01 -5.910440381841307583e-04 -5.910440381841307583e-04
8.200000000000000000e+01 -5.630384047616623098e-04 -5.630384047616623098e-04
8.300000000000000000e+01 -5.455937246897603820e-04 -5.455937246897603820e-04
8.400000000000000000e+01 -6.228835694151700370e-04 -6.228835694151700370e-04
8.500000000000000000e+01 -5.410965253590686646e-04 -5.410965253590686646e-04
8.600000000000000000e+01 -5.095797267971263018e-04 -5.095797267971263018e-04
8.700000000000000000e+01 -5.016794566861480916e-04 -5.016794566861480916e-04
8.800000000000000000e+01 -4.824470950405259566e-04 -4.824470950405259566e-04
8.900000000000000000e+01 -4.559220444133234859e-04 -4.559220444133234859e-04
9.000000000000000000e+01 -4.573810196792364073e-04 -4.573810196792364073e-04
9.100000000000000000e+01 -4.644043819869735404e-04 -4.644043819869735404e-04
9.200000000000000000e+01 -5.294103722985557146e-04 -5.294103722985557146e-04
9.300000000000000000e+01 -7.049907359211527499e-04 -7.049907359211527499e-04
9.400000000000000000e+01 -7.019482373687571186e-04 -7.019482373687571186e-04
9.500000000000000000e+01 -8.078691294460095887e-04 -8.078691294460095887e-04
9.600000000000000000e+01 -7.862108595111582873e-04 -7.862108595111582873e-04
9.700000000000000000e+01 -9.190078077051529832e-04 -9.190078077051529832e-04
9.800000000000000000e+01 -9.727824666302237709e-04 -9.727824666302237709e-04
9.900000000000000000e+01 -9.485764604732675005e-04 -9.485764604732675005e-04
1.000000000000000000e+02 -9.850663237195190092e-04 -9.850663237195190092e-04
1.010000000000000000e+02 -1.023902945999352783e-03 -1.023902945999352783e-03
1.020000000000000000e+02 -1.066148715180169695e-03 -1.066148715180169695e-03
1.030000000000000000e+02 -1.034584475150068014e-03 -1.034584475150068014e-03
1.040000000000000000e+02 -1.067487915689143427e-03 -1.067487915689143427e-03
1.050000000000000000e+02 -1.094701040188877190e-03 -1.094701040188877190e-03
1.060000000000000000e+02 -1.065458845893974904e-03 -1.065458845893974904e-03
1.070000000000000000e+02 -1.088959879834746312e-03 -1.088959879834746312e-03
1.080000000000000000e+02 -1.082521927178772912e-03 -1.082521927178772912e-03
1.090000000000000000e+02 -1.077372597731112054e-03 -1.077372597731112054e-03
1.100000000000000000e+02 -1.071891938452370881e-03 -1.071891938452370881e-03
1.110000000000000000e+02 -1.138581726854377739e-03 -1.138581726854377739e-03
1.120000000000000000e+02 -1.221782366746273574e-03 -1.221782366746273574e-03
1.130000000000000000e+02 -1.238940267747981562e-03 -1.238940267747981562e-03
1.140000000000000000e+02 -1.207397280999901760e-03 -1.207397280999901760e-03
1.150000000000000000e+02 -1.247009342185535427e-03 -1.247009342185535427e-03
1.160000000000000000e+02 -1.279851473695655002e-03 -1.279851473695655002e-03
1.170000000000000000e+02 -1.374769256682251920e-03 -1.374769256682251920e-03
1.180000000000000000e+02 -1.388134818449731018e-03 -1.388134818449731018e-03
1.190000000000000000e+02 -1.383993181989855072e-03 -1.383993181989855072e-03
1.200000000000000000e+02 -1.428743551461831175e-03 -1.428743551461831175e-03
1.210000000000000000e+02 -1.483634478994931994e-03 -1.483634478994931994e-03
1.220000000000000000e+02 -1.539351301625698160e-03 -1.539351301625698160e-03
1.230000000000000000e+02 -1.549823229489659566e-03 -1.549823229489659566e-03
1.240000000000000000e+02 -1.677343042392765706e-03 -1.677343042392765706e-03
1.250000000000000000e+02 -1.818978553668162274e-03 -1.818978553668162274e-03
1.260000000000000000e+02 -1.891326614546822533e-03 -1.891326614546822533e-03
1.270000000000000000e+02 -1.835220722908151563e-03 -1.835220722908151563e-03
1.280000000000000000e+02 -1.978064809155492473e-03 -1.978064809155492473e-03
1.290000000000000000e+02 -1.935163605657837845e-03 -1.935163605657837845e-03
1.300000000000000000e+02 -1.985852647425224299e-03 -1.985852647425224299e-03
1.310000000000000000e+02 -1.922089697490042591e-03 -1.922089697490042591e-03
1.320000000000000000e+02 -1.815459240757658120e-03 -1.815459240757658120e-03
1.330000000000000000e+02 -1.845808493570894222e-03 -1.845808493570894222e-03
1.340000000000000000e+02 -1.848588223729094680e-03 -1.848588223729094680e-03
1.350000000000000000e+02 -1.750689106615384424e-03 -1.750689106615384424e-03
1.360000000000000000e+02 -1.757560498303367344e-03 -1.757560498303367344e-03
1.370000000000000000e+02 -1.625018385575398207e-03 -1.625018385575398207e-03
1.380000000000000000e+02 -1.642333246045519840e-03 -1.642333246045519840e-03
1.390000000000000000e+02 -1.485688065922074206e-03 -1.485688065922074206e-03
1.400000000000000000e+02 -1.554105801525757077e-03 -1.554105801525757077e-03
1.410000000000000000e+02 -1.530838691106523866e-03 -1.530838691106523866e-03
1.420000000000000000e+02 -1.505667302991320648e-03 -1.505667302991320648e-03
1.430000000000000000e+02 -1.483080076577194574e-03 -1.483080076577194574e-03
1.440000000000000000e+02 -1.462840025910312498e-03 -1.462840025910312498e-03
1.450000000000000000e+02 -1.446802772333089914e-03 -1.446802772333089914e-03
1.460000000000000000e+02 -1.420603038102573280e-03 -1.420603038102573280e-03
1.470000000000000000e+02 -1.448984815227571379e-03 -1.448984815227571379e-03
1.480000000000000000e+02 -1.518800514790901585e-03 -1.518800514790901585e-03
1.490000000000000000e+02 -1.428678428765424273e-03 -1.428678428765424273e-03
1.500000000000000000e+02 -1.416553660898615865e-03 -1.416553660898615865e-03
1.510000000000000000e+02 -1.468833539949750177e-03 -1.468833539949750177e-03
1.520000000000000000e+02 -1.466697334982965508e-03 -1.466697334982965508e-03
1.530000000000000000e+02 -1.457188993608404207e-03 -1.457188993608404207e-03
1.540000000000000000e+02 -1.466408106093295164e-03 -1.466408106093295164e-03
1.550000000000000000e+02 -1.531111346689437505e-03 -1.531111346689437505e-03
1.560000000000000000e+02 -1.500476822822385684e-03 -1.500476822822385684e-03
1.570000000000000000e+02 -1.570301840497334567e-03 -1.570301840497334567e-03
1.580000000000000000e+02 -1.569156108913050606e-03 -1.569156108913050606e-03
1.590000000000000000e+02 -1.516546667182688130e-03 -1.516546667182688130e-03
1.600000000000000000e+02 -1.443814475709239223e-03 -1.443814475709239223e-03
1.610000000000000000e+02 -1.607488850027455124e-03 -1.607488850027455124e-03
1.620000000000000000e+02 -1.563067116283065223e-03 -1.563067116283065223e-03
1.630000000000000000e+02 -1.547297364915659317e-03 -1.547297364915659317e-03
1.640000000000000000e+02 -1.572464407606317602e-03 -1.572464407606317602e-03
1.650000000000000000e+02 -1.571611759652002428e-03 -1.571611759652002428e-03
1.660000000000000000e+02 -1.606937335459870291e-03 -1.606937335459870291e-03
1.670000000000000000e+02 -1.510640531547792270e-03 -1.510640531547792270e-03
1.680000000000000000e+02 -1.595822317710315300e-03 -1.595822317710315300e-03
1.690000000000000000e+02 -1.556692521536979330e-03 -1.556692521536979330e-03
1.700000000000000000e+02 -1.572001899956885660e-03 -1.572001899956885660e-03
1.710000000000000000e+02 -1.662225520539432769e-03 -1.662225520539432769e-03
1.720000000000000000e+02 -1.494657593064842175e-03 -1.494657593064842175e-03
1.730000000000000000e+02 -1.530019372717014887e-03 -1.530019372717014887e-03
1.740000000000000000e+02 -1.553589368000458633e-03 -1.553589368000458633e-03
1.750000000000000000e+02 -1.563112921203624632e-03 -1.563112921203624632e-03
1.760000000000000000e+02 -1.523019613874896467e-03 -1.523019613874896467e-03
1.770000000000000000e+02 -1.515001070167119922e-03 -1.515001070167119922e-03
1.780000000000000000e+02 -1.533838783825468115e-03 -1.533838783825468115e-03
1.790000000000000000e+02 -1.616890059997375291e-03 -1.616890059997375291e-03
1.800000000000000000e+02 -1.430540566659123814e-03 -1.430540566659123814e-03
1.810000000000000000e+02 -1.528154728313520921e-03 -1.528154728313520921e-03
1.820000000000000000e+02 -1.538512986195207221e-03 -1.538512986195207221e-03
1.830000000000000000e+02 -1.580222070304384543e-03 -1.580222070304384543e-03
1.840000000000000000e+02 -1.550596916278036740e-03 -1.550596916278036740e-03
1.850000000000000000e+02 -1.713784524958585813e-03 -1.713784524958585813e-03
1.860000000000000000e+02 -1.658527579390982592e-03 -1.658527579390982592e-03
1.870000000000000000e+02 -1.656621912043327411e-03 -1.656621912043327411e-03
1.880000000000000000e+02 -1.650109265812097457e-03 -1.650109265812097457e-03
1.890000000000000000e+02 -1.651023115366442471e-03 -1.651023115366442471e-03
1.900000000000000000e+02 -1.676600952440817065e-03 -1.676600952440817065e-03
1.910000000000000000e+02 -1.766300937293182032e-03 -1.766300937293182032e-03
1.920000000000000000e+02 -1.579216857612085988e-03 -1.579216857612085988e-03
1.930000000000000000e+02 -1.732634628368416368e-03 -1.732634628368416368e-03
1.940000000000000000e+02 -1.691307008134972263e-03 -1.691307008134972263e-03
1.950000000000000000e+02 -1.703913937045315298e-03 -1.703913937045315298e-03
1.960000000000000000e+02 -1.707581955915975398e-03 -1.707581955915975398e-03
1.970000000000000000e+02 -1.685883651805697523e-03 -1.685883651805697523e-03
1.980000000000000000e+02 -1.535714675913161034e-03 -1.535714675913161034e-03
1.990000000000000000e+02 -1.562592470896576307e-03 -1.562592470896576307e-03
2.000000000000000000e+02 -1.510737649926351730e-03 -1.510737649926351730e-03
2.010000000000000000e+02 -1.533722163505618066e-03 -1.533722163505618066e-03
2.020000000000000000e+02 -1.505493394521660675e-03 -1.505493394521660675e-03
2.030000000000000000e+02 -1.536053316836451070e-03 -1.536053316836451070e-03
2.040000000000000000e+02 -1.495925955257478316e-03 -1.495925955257478316e-03
2.050000000000000000e+02 -1.508599011709690083e-03 -1.508599011709690083e-03
2.060000000000000000e+02 -1.516910524690569207e-03 -1.516910524690569207e-03
2.070000000000000000e+02 -1.514096943997499242e-03 -1.514096943997499242e-03
2.080000000000000000e+02 -1.501309876240294015e-03 -1.501309876240294015e-03
2.090000000000000000e+02 -1.582001932602463334e-03 -1.582001932602463334e-03
2.100000000000000000e+02 -1.606140489081615960e-03 -1.606140489081615960e-03
2.110000000000000000e+02 -1.623377190911335201e-03 -1.623377190911335201e-03
2.120000000000000000e+02 -1.624602924740306412e-03 -1.624602924740306412e-03
2.130000000000000000e+02 -1.645770087942288176e-03 -1.645770087942288176e-03
2.140000000000000000e+02 -1.651842672964795805e-03 -1.651842672964795805e-03
2.150000000000000000e+02 -1.661668637321118231e-03 -1.661668637321118231e-03
2.160000000000000000e+02 -1.594191128716351607e-03 -1.594191128716351607e-03
2.170000000000000000e+02 -1.655464780014548115e-03 -1.655464780014548115e-03
2.180000000000000000e+02 -1.599062114258054026e-03 -1.599062114258054026e-03
2.190000000000000000e+02 -1.658245902801513049e-03 -1.658245902801513049e-03
2.200000000000000000e+02 -1.670671589129852849e-03 -1.670671589129852849e-03
2.210000000000000000e+02 -1.739324334310806677e-03 -1.739324334310806677e-03
2.220000000000000000e+02 -1.707998598870656909e-03 -1.707998598870656909e-03
2.230000000000000000e+02 -1.694039856920035846e-03 -1.694039856920035846e-03
2.240000000000000000e+02 -1.592444288416628839e-03 -1.592444288416628839e-03
2.250000000000000000e+02 -1.744076091401755308e-03 -1.744076091401755308e-03
2.260000000000000000e+02 -1.722863685010095564e-03 -1.722863685010095564e-03
2.270000000000000000e+02 -1.721027933643269657e-03 -1.721027933643269657e-03
2.280000000000000000e+02 -1.795224287832215089e-03 -1.795224287832215089e-03
2.290000000000000000e+02 -1.693039036353238044e-03 -1.693039036353238044e-03
2.300000000000000000e+02 -1.697066402643758291e-03 -1.697066402643758291e-03
2.310000000000000000e+02 -1.681698711503448957e-03 -1.681698711503448957e-03
2.320000000000000000e+02 -1.793255668294134767e-03 -1.793255668294134767e-03
2.330000000000000000e+02 -1.756406320573601588e-03 -1.756406320573601588e-03
2.340000000000000000e+02 -1.775405891678573508e-03 -1.775405891678573508e-03
2.350000000000000000e+02 -1.737298547174026542e-03 -1.737298547174026542e-03
2.360000000000000000e+02 -1.823328154176899257e-03 -1.823328154176899257e-03
2.370000000000000000e+02 -1.835027434434567022e-03 -1.835027434434567022e-03
2.380000000000000000e+02 -1.792737494032218106e-03 -1.792737494032218106e-03
2.390000000000000000e+02 -1.755626726836619685e-03 -1.755626726836619685e-03
2.400000000000000000e+02 -1.706129434515875560e-03 -1.706129434515875560e-03
2.410000000000000000e+02 -1.792632555501055044e-03 -1.792632555501055044e-03
2.420000000000000000e+02 -1.657994500380716987e-03 -1.657994500380716987e-03
2.430000000000000000e+02 -1.743837174733025826e-03 -1.743837174733025826e-03
2.440000000000000000e+02 -1.695927905378967829e-03 -1.695927905378967829e-03
2.450000000000000000e+02 -1.716498951231608568e-03 -1.716498951231608568e-03
2.460000000000000000e+02 -1.688994302033675066e-03 -1.688994302033675066e-03
2.470000000000000000e+02 -1.747437887475539360e-03 -1.747437887475539360e-03
2.480000000000000000e+02 -1.647184857605539640e-03 -1.647184857605539640e-03
2.490000000000000000e+02 -1.726220285730522023e-03 -1.726220285730522023e-03
2.500000000000000000e+02 -1.640989350761034183e-03 -1.640989350761034183e-03
2.510000000000000000e+02 -1.694921129696335977e-03 -1.694921129696335977e-03
2.520000000000000000e+02 -1.648088685866862463e-03 -1.648088685866862463e-03
2.530000000000000000e+02 -1.628992468378792895e-03 -1.628992468378792895e-03
2.540000000000000000e+02 -1.594227294466641753e-03 -1.594227294466641753e-03
2.550000000000000000e+02 -1.571353516325664891e-03 -1.571353516325664891e-03
2.560000000000000000e+02 -1.481462063999833658e-03 -1.481462063999833658e-03
2.570000000000000000e+02 -1.557007334240448695e-03 -1.557007334240448695e-03
2.580000000000000000e+02 -1.508960896450770549e-03 -1.508960896450770549e-03
2.590000000000000000e+02 -1.618453838457948419e-03 -1.618453838457948419e-03
2.600000000000000000e+02 -1.615982793863021292e-03 -1.615982793863021292e-03
2.610000000000000000e+02 -1.634459215986214372e-03 -1.634459215986214372e-03
2.620000000000000000e+02 -1.624034529898715730e-03 -1.624034529898715730e-03
2.630000000000000000e+02 -1.654042516432390657e-03 -1.654042516432390657e-03
2.640000000000000000e+02 -1.673213944702345432e-03 -1.673213944702345432e-03
2.650000000000000000e+02 -1.642934361874206573e-03 -1.642934361874206573e-03
2.660000000000000000e+02 -1.585128911025736722e-03 -1.585128911025736722e-03
2.670000000000000000e+02 -1.607285567154049600e-03 -1.607285567154049600e-03
2.680000000000000000e+02 -1.644586645772441562e-03 -1.644586645772441562e-03
2.690000000000000000e+02 -1.589274754779046233e-03 -1.589274754779046233e-03
2.700000000000000000e+02 -1.604483763707269597e-03 -1.604483763707269597e-03
2.710000000000000000e+02 -1.633497508336595070e-03 -1.633497508336595070e-03
2.720000000000000000e+02 -1.626162093184313571e-03 -1.626162093184313571e-03
2.730000000000000000e+02 -1.597193879660870628e-03 -1.597193879660870628e-03
2.740000000000000000e+02 -1.580511737376172213e-03 -1.580511737376172213e-03
2.750000000000000000e+02 -1.596016802528140962e-03 -1.596016802528140962e-03
2.760000000000000000e+02 -1.584904716912454575e-03 -1.584904716912454575e-03
2.770000000000000000e+02 -1.555065966667714197e-03 -1.555065966667714197e-03
2.780000000000000000e+02 -1.507647867485754651e-03 -1.507647867485754651e-03
2.790000000000000000e+02 -1.541557645356295136e-03 -1.541557645356295136e-03
2.800000000000000000e+02 -1.413621275878183033e-03 -1.413621275878183033e-03
2.810000000000000000e+02 -1.389306164790714369e-03 -1.389306164790714369e-03
2.820000000000000000e+02 -1.384671256169846916e-03 -1.384671256169846916e-03
2.830000000000000000e+02 -1.428561054034719040e-03 -1.428561054034719040e-03
2.840000000000000000e+02 -1.373803866017933193e-03 -1.373803866017933193e-03
2.850000000000000000e+02 -1.381532227395630740e-03 -1.381532227395630740e-03
2.860000000000000000e+02 -1.326898690648221305e-03 -1.326898690648221305e-03
2.870000000000000000e+02 -1.247650189043765338e-03 -1.247650189043765338e-03
2.880000000000000000e+02 -1.204072665380127123e-03 -1.204072665380127123e-03
2.890000000000000000e+02 -1.212240883488942874e-03 -1.212240883488942874e-03
2.900000000000000000e+02 -1.180356491249347651e-03 -1.180356491249347651e-03
2.910000000000000000e+02 -1.251708721013249787e-03 -1.251708721013249787e-03
2.920000000000000000e+02 -1.197066771489799664e-03 -1.197066771489799664e-03
2.930000000000000000e+02 -1.156990177328595269e-03 -1.156990177328595269e-03
2.940000000000000000e+02 -1.191576556047403181e-03 -1.191576556047403181e-03
2.950000000000000000e+02 -1.186762482809805000e-03 -1.186762482809805000e-03
2.960000000000000000e+02 -1.113865702742570206e-03 -1.113865702742570206e-03
2.970000000000000000e+02 -1.146727951628139300e-03 -1.146727951628139300e-03
2.980000000000000000e+02 -1.096355155674455127e-03 -1.096355155674455127e-03
2.990000000000000000e+02 -1.149054265512892753e-03 -1.149054265512892753e-03
3.000000000000000000e+02 -1.106116480220402376e-03 -1.106116480220402376e-03
3.010000000000000000e+02 -1.130789733404818313e-03 -1.130789733404818313e-03
3.020000000000000000e+02 -1.048707122098182761e-03 -1.048707122098182761e-03
3.030000000000000000e+02 -1.087907749515746713e-03 -1.087907749515746713e-03
3.040000000000000000e+02 -1.121427101652240806e-03 -1.121427101652240806e-03
3.050000000000000000e+02 -1.098382129078915486e-03 -1.098382129078915486e-03
3.060000000000000000e+02 -1.110718049774333431e-03 -1.110718049774333431e-03
3.070000000000000000e+02 -1.038305918196442490e-03 -1.038305918196442490e-03
3.080000000000000000e+02 -1.055682129927988351e-03 -1.055682129927988351e-03
3.090000000000000000e+02 -9.974799620861855756e-04 -9.974799620861855756e-04
3.100000000000000000e+02 -1.029077308520182695e-03 -1.029077308520182695e-03
3.110000000000000000e+02 -1.094377970446973108e-03 -1.094377970446973108e-03
3.120000000000000000e+02 -1.032160421550371064e-03 -1.032160421550371064e-03
3.130000000000000000e+02 -1.080626601107366903e-03 -1.080626601107366903e-03
3.140000000000000000e+02 -1.142333799788139512e-03 -1.142333799788139512e-03
3.150000000000000000e+02 -1.057142097229817794e-03 -1.057142097229817794e-03
3.160000000000000000e+02 -1.070736972797452918e-03 -1.070736972797452918e-03
3.170000000000000000e+02 -1.021189437488260934e-03 -1.021189437488260934e-03
3.180000000000000000e+02 -1.046735766674429264e-03 -1.046735766674429264e-03
3.190000000000000000e+02 -1.022769059516126814e-03 -1.022769059516126814e-03
3.200000000000000000e+02 -1.102294033089746194e-03 -1.102294033089746194e-03
3.210000000000000000e+02 -1.042114195945096754e-03 -1.042114195945096754e-03
3.220000000000000000e+02 -1.080389886550223383e-03 -1.080389886550223383e-03
3.230000000000000000e+02 -9.401092886079008776e-04 -9.401092886079008776e-04
3.240000000000000000e+02 -9.552008266518435646e-04 -9.552008266518435646e-04
3.250000000000000000e+02 -9.892705569110983935e-04 -9.892705569110983935e-04
3.260000000000000000e+02 -9.242193942343839572e-04 -9.242193942343839572e-04
3.270000000000000000e+02 -9.459172775041339333e-04 -9.459172775041339333e-04
3.280000000000000000e+02 -8.692407936830667163e-04 -8.692407936830667163e-04
3.290000000000000000e+02 -8.412681835597671546e-04 -8.412681835597671546e-04
3.300000000000000000e+02 -8.197996836166405793e-04 -8.197996836166405793e-04
3.310000000000000000e+02 -7.472400029824304186e-04 -7.472400029824304186e-04
3.320000000000000000e+02 -8.373030093481604458e-04 -8.373030093481604458e-04
3.330000000000000000e+02 -8.850217804663596671e-04 -8.850217804663596671e-04
3.340000000000000000e+02 -8.211904636597999697e-04 -8.211904636597999697e-04
3.350000000000000000e+02 -8.277969785964154909e-04 -8.277969785964154909e-04
3.360000000000000000e+02 -7.904540397292137387e-04 -7.904540397292137387e-04
3.370000000000000000e+02 -8.856545711663227219e-04 -8.856545711663227219e-04
3.380000000000000000e+02 -7.577147569678511834e-04 -7.577147569678511834e-04
3.390000000000000000e+02 -7.672953784300254668e-04 -7.672953784300254668e-04
3.400000000000000000e+02 -8.624521066039067888e-04 -8.624521066039067888e-04
3.410000000000000000e+02 -8.020598054239368949e-04 -8.020598054239368949e-04
3.420000000000000000e+02 -7.830628374540299017e-04 -7.830628374540299017e-04
3.430000000000000000e+02 -8.314361951634286711e-04 -8.314361951634286711e-04
3.440000000000000000e+02 -7.988739449848973736e-04 -7.988739449848973736e-04
3.450000000000000000e+02 -7.751680808816848291e-04 -7.751680808816848291e-04
3.460000000000000000e+02 -7.853203786970278880e-04 -7.853203786970278880e-04
3.470000000000000000e+02 -6.932677539453663317e-04 -6.932677539453663317e-04
3.480000000000000000e+02 -7.162070259006661152e-04 -7.162070259006661152e-04
3.490000000000000000e+02 -7.210922511427725941e-04 -7.210922511427725941e-04
3.500000000000000000e+02 -7.332219403469067247e-04 -7.332219403469067247e-04
3.510000000000000000e+02 -7.351604204384831840e-04 -7.351604204384831840e-04
3.520000000000000000e+02 -7.381260370705870245e-04 -7.381260370705870245e-04
3.530000000000000000e+02 -7.202238945339981772e-04 -7.202238945339981772e-04
3.540000000000000000e+02 -6.725034609711951026e-04 -6.725034609711951026e-04
3.550000000000000000e+02 -7.000442335663351447e-04 -7.000442335663351447e-04
3.560000000000000000e+02 -6.089153461643790829e-04 -6.089153461643790829e-04
3.570000000000000000e+02 -6.741635077142277320e-04 -6.741635077142277320e-04
3.580000000000000000e+02 -5.793207887899829052e-04 -5.793207887899829052e-04
3.590000000000000000e+02 -6.543317758356761603e-04 -6.543317758356761603e-04
3.600000000000000000e+02 -6.301705907165237571e-04 -6.301705907165237571e-04
3.610000000000000000e+02 -6.627803342948683377e-04 -6.627803342948683377e-04
3.620000000000000000e+02 -6.172891017903007213e-04 -6.172891017903007213e-04
3.630000000000000000e+02 -5.833739031652043945e-04 -5.833739031652043945e-04
3.640000000000000000e+02 -5.574676257712137852e-04 -5.574676257712137852e-04
3.650000000000000000e+02 -5.304612105537478061e-04 -5.304612105537478061e-04
3.660000000000000000e+02 -4.523205235311920100e-04 -4.523205235311920100e-04
3.670000000000000000e+02 -5.723622477292745732e-04 -5.723622477292745732e-04
3.680000000000000000e+02 -5.281835266986048636e-04 -5.281835266986048636e-04
3.690000000000000000e+02 -5.745855413733520333e-04 -5.745855413733520333e-04
3.700000000000000000e+02 -5.972499590995115079e-04 -5.972499590995115079e-04
3.710000000000000000e+02 -5.506998532403036949e-04 -5.506998532403036949e-04
3.720000000000000000e+02 -4.529813197350154061e-04 -4.529813197350154061e-04
3.730000000000000000e+02 -5.676698524882741207e-04 -5.676698524882741207e-04
3.740000000000000000e+02 -5.312149410091560270e-04 -5.312149410091560270e-04
3.750000000000000000e+02 -4.501389759037439844e-04 -4.501389759037439844e-04
3.760000000000000000e+02 -4.726164270469193954e-04 -4.726164270469193954e-04
3.770000000000000000e+02 -5.177781469795714056e-04 -5.177781469795714056e-04
3.780000000000000000e+02 -5.212892723011932879e-04 -5.212892723011932879e-04
3.790000000000000000e+02 -4.868171243669319119e-04 -4.868171243669319119e-04
3.800000000000000000e+02 -5.423433597449347230e-04 -5.423433597449347230e-04
3.810000000000000000e+02 -4.699338732363369337e-04 -4.699338732363369337e-04
3.820000000000000000e+02 -4.737147728717982153e-04 -4.737147728717982153e-04
3.830000000000000000e+02 -4.665814617446219052e-04 -4.665814617446219052e-04
3.840000000000000000e+02 -5.093284236552992911e-04 -5.093284236552992911e-04
3.850000000000000000e+02 -5.558358149129389615e-04 -5.558358149129389615e-04
3.860000000000000000e+02 -4.485402118954800966e-04 -4.485402118954800966e-04
3.870000000000000000e+02 -3.906408993320478382e-04 -3.906408993320478382e-04
3.880000000000000000e+02 -4.290193259791345208e-04 -4.290193259791345208e-04
3.890000000000000000e+02 -4.024041560491456969e-04 -4.024041560491456969e-04
3.900000000000000000e+02 -4.271705408485441100e-04 -4.271705408485441100e-04
3.910000000000000000e+02 -4.080397743299266902e-04 -4.080397743299266902e-04
3.920000000000000000e+02 -3.674310366280958331e-04 -3.674310366280958331e-04
3.930000000000000000e+02 -4.327165014115336400e-04 -4.327165014115336400e-04
3.940000000000000000e+02 -3.997687103452303350e-04 -3.997687103452303350e-04
3.950000000000000000e+02 -3.795903877005998308e-04 -3.795903877005998308e-04
3.960000000000000000e+02 -3.516868572305824510e-04 -3.516868572305824510e-04
3.970000000000000000e+02 -3.789330556641187396e-04 -3.789330556641187396e-04
3.980000000000000000e+02 -3.633638462320157867e-04 -3.633638462320157867e-04
3.990000000000000000e+02 -3.428128974746696782e-04 -3.428128974746696782e-04
4.000000000000000000e+02 -3.936618334718929675e-04 -3.936618334718929675e-04
4.010000000000000000e+02 -2.743924794285447001e-04 -2.743924794285447001e-04
4.020000000000000000e+02 -3.398450841468421326e-04 -3.398450841468421326e-04
4.030000000000000000e+02 -2.657255834673153370e-04 -2.657255834673153370e-04
4.040000000000000000e+02 -3.124726762603226965e-04 -3.124726762603226965e-04
4.050000000000000000e+02 -2.953428676322738936e-04 -2.953428676322738936e-04
4.060000000000000000e+02 -2.769067498411300460e-04 -2.769067498411300460e-04
4.070000000000000000e+02 -2.698963127716766061e-04 -2.698963127716766061e-04
4.080000000000000000e+02 -2.575357843849862506e-04 -2.575357843849862506e-04
4.090000000000000000e+02 -3.104627229935422693e-04 -3.104627229935422693e-04
4.100000000000000000e+02 -2.433332934610024157e-04 -2.433332934610024157e-04
4.110000000000000000e+02 -2.553827550516014444e-04 -2.553827550516014444e-04
4.120000000000000000e+02 -2.165049746056382307e-04 -2.165049746056382307e-04
4.130000000000000000e+02 -3.158838824608898276e-04 -3.158838824608898276e-04
4.140000000000000000e+02 -2.922454267444193204e-04 -2.922454267444193204e-04
4.150000000000000000e+02 -3.021154540913102249e-04 -3.021154540913102249e-04
4.160000000000000000e+02 -2.340537596881850976e-04 -2.340537596881850976e-04
4.170000000000000000e+02 -2.188828530600056598e-04 -2.188828530600056598e-04
4.180000000000000000e+02 -3.189696247621157414e-04 -3.189696247621157414e-04
4.190000000000000000e+02 -3.455893960862020729e-04 -3.455893960862020729e-04
4.200000000000000000e+02 -2.853172078153693976e-04 -2.853172078153693976e-04
4.210000000000000000e+02 -3.001435385877024883e-04 -3.001435385877024883e-04
4.220000000000000000e+02 -3.034026363088786682e-04 -3.034026363088786682e-04
4.230000000000000000e+02 -3.285171951037089175e-04 -3.285171951037089175e-04
4.240000000000000000e+02 -3.273385693408594941e-04 -3.273385693408594941e-04
4.250000000000000000e+02 -2.836149538558706577e-04 -2.836149538558706577e-04
4.260000000000000000e+02 -3.112294431298094828e-04 -3.112294431298094828e-04
4.270000000000000000e+02 -3.195145077781619291e-04 -3.195145077781619291e-04
4.280000000000000000e+02 -3.494113790062578482e-04 -3.494113790062578482e-04
4.290000000000000000e+02 -3.308683862607714188e-04 -3.308683862607714188e-04
4.300000000000000000e+02 -2.988767889506523698e-04 -2.988767889506523698e-04
4.310000000000000000e+02 -2.713015819873625415e-04 -2.713015819873625415e-04
4.320000000000000000e+02 -3.814898138141117412e-04 -3.814898138141117412e-04
4.330000000000000000e+02 -3.289130383181533513e-04 -3.289130383181533513e-04
4.340000000000000000e+02 -3.575065400518999577e-04 -3.575065400518999577e-04
4.350000000000000000e+02 -4.341229583567661802e-04 -4.341229583567661802e-04
4.360000000000000000e+02 -4.715619459181649297e-04 -4.715619459181649297e-04
4.370000000000000000e+02 -4.153596579474301185e-04 -4.153596579474301185e-04
4.380000000000000000e+02 -4.295762289998458143e-04 -4.295762289998458143e-04
4.390000000000000000e+02 -4.409137562381202193e-04 -4.409137562381202193e-04
4.400000000000000000e+02 -4.633256104907648200e-04 -4.633256104907648200e-04
4.410000000000000000e+02 -5.137491062966549399e-04 -5.137491062966549399e-04
4.420000000000000000e+02 -5.039571905705860855e-04 -5.039571905705860855e-04
4.430000000000000000e+02 -4.359395597407489647e-04 -4.359395597407489647e-04
4.440000000000000000e+02 -5.315978180361097434e-04 -5.315978180361097434e-04
4.450000000000000000e+02 -4.892736451808945251e-04 -4.892736451808945251e-04
4.460000000000000000e+02 -5.000912919960980160e-04 -5.000912919960980160e-04
4.470000000000000000e+02 -5.869443267763914786e-04 -5.869443267763914786e-04
4.480000000000000000e+02 -5.743639276711455651e-04 -5.743639276711455651e-04
4.490000000000000000e+02 -5.889150655373557837e-04 -5.889150655373557837e-04
4.500000000000000000e+02 -5.236581947781281761e-04 -5.236581947781281761e-04
4.510000000000000000e+02 -5.955301871991980226e-04 -5.955301871991980226e-04
4.520000000000000000e+02 -7.005040442745975654e-04 -7.005040442745975654e-04
4.530000000000000000e+02 -6.552654513163033755e-04 -6.552654513163033755e-04
4.540000000000000000e+02 -6.860381971517519892e-04 -6.860381971517519892e-04
4.550000000000000000e+02 -6.818661552157618405e-04 -6.818661552157618405e-04
4.560000000000000000e+02 -6.997147101662385760e-04 -6.997147101662385760e-04
4.570000000000000000e+02 -7.429749595057259359e-04 -7.429749595057259359e-04
4.580000000000000000e+02 -6.528803909498496387e-04 -6.528803909498496387e-04
4.590000000000000000e+02 -6.590277394918569271e-04 -6.590277394918569271e-04
4.600000000000000000e+02 -6.913059166379999015e-04 -6.913059166379999015e-04
4.610000000000000000e+02 -7.752997803914248942e-04 -7.752997803914248942e-04
4.620000000000000000e+02 -8.673851015771502594e-04 -8.673851015771502594e-04
4.630000000000000000e+02 -7.482895167361983905e-04 -7.482895167361983905e-04
4.640000000000000000e+02 -7.474731829309374511e-04 -7.474731829309374511e-04
4.650000000000000000e+02 -8.525733697340445120e-04 -8.525733697340445120e-04
4.660000000000000000e+02 -9.259260325921077079e-04 -9.259260325921077079e-04
4.670000000000000000e+02 -8.008116354762184275e-04 -8.008116354762184275e-04
4.680000000000000000e+02 -9.337662368508899656e-04 -9.337662368508899656e-04
4.690000000000000000e+02 -9.204195683538776446e-04 -9.204195683538776446e-04
4.700000000000000000e+02 -9.331079999451508469e-04 -9.331079999451508469e-04
4.710000000000000000e+02 -1.035033434212485285e-03 -1.035033434212485285e-03
4.720000000000000000e+02 -1.084542117763448270e-03 -1.084542117763448270e-03
4.730000000000000000e+02 -1.113541123308253809e-03 -1.113541123308253809e-03
4.740000000000000000e+02 -1.067656827441960162e-03 -1.067656827441960162e-03
4.750000000000000000e+02 -1.092631293804677359e-03 -1.092631293804677359e-03
4.760000000000000000e+02 -1.151783847041594607e-03 -1.151783847041594607e-03
4.770000000000000000e+02 -1.157010789378641212e-03 -1.157010789378641212e-03
4.780000000000000000e+02 -1.266124574837114740e-03 -1.266124574837114740e-03
4.790000000000000000e+02 -1.213625360895754547e-03 -1.213625360895754547e-03
4.800000000000000000e+02 -1.280139963789628634e-03 -1.280139963789628634e-03
4.810000000000000000e+02 -1.318930053261395570e-03 -1.318930053261395570e-03
4.820000000000000000e+02 -1.388847849740747296e-03 -1.388847849740747296e-03
4.830000000000000000e+02 -1.323466240732643377e-03 -1.323466240732643377e-03
4.840000000000000000e+02 -1.283352527899707211e-03 -1.283352527899707211e-03
4.850000000000000000e+02 -1.370183913693779568e-03 -1.370183913693779568e-03
4.860000000000000000e+02 -1.388709745865081844e-03 -1.388709745865081844e-03
4.870000000000000000e+02 -1.446766659523277074e-03 -1.446766659523277074e-03
4.880000000000000000e+02 -1.476395666513556507e-03 -1.476395666513556507e-03
4.890000000000000000e+02 -1.442791792560991571e-03 -1.442791792560991571e-03
4.900000000000000000e+02 -1.404334895176426613e-03 -1.404334895176426613e-03
4.910000000000000000e+02 -1.424532653377994125e-03 -1.424532653377994125e-03
4.920000000000000000e+02 -1.493602688764170171e-03 -1.493602688764170171e-03
4.930000000000000000e+02 -1.433457201914234425e-03 -1.433457201914234425e-03
4.940000000000000000e+02 -1.425173882281668579e-03 -1.425173882281668579e-03
4.950000000000000000e+02 -1.487605381503906508e-03 -1.487605381503906508e-03
4.960000000000000000e+02 -1.412891737847984204e-03 -1.412891737847984204e-03
4.970000000000000000e+02 -1.553975405236534407e-03 -1.553975405236534407e-03
4.980000000000000000e+02 -1.518966038025194388e-03 -1.518966038025194388e-03
4.990000000000000000e+02 -1.493421295238845075e-03 -1.493421295238845075e-03
5.000000000000000000e+02 -1.467061022830712987e-03 -1.467061022830712987e-03
