# delays[ps] delta_averaged scan 0
-2.000000000000000000e+01 1.069820414918041195e-04 1.069820414918041195e-04
-1.800000000000000000e+01 1.179317582180323655e-04 1.179317582180323655e-04
-1.600000000000000000e+01 8.024676745280534345e-05 8.024676745280534345e-05
-1.400000000000000000e+01 6.830593385565186966e-05 6.830593385565186966e-05
-1.200000000000000000e+01 2.928043186102602288e-05 2.928043186102602288e-05
-1.000000000000000000e+01 2.839582057438905195e-05 2.839582057438905195e-05
-8.000000000000000000e+00 -1.764652335748528918e-05 -1.764652335748528918e-05
-6.000000000000000000e+00 -5.327709512984169220e-05 -5.327709512984169220e-05
-4.000000000000000000e+00 2.987159328315858224e-05 2.987159328315858224e-05
-2.000000000000000000e+00 1.943603369931268420e-06 1.943603369931268420e-06
-1.000000000000000000e+00 -2.064722128905405077e-05 -2.064722128905405077e-05
-9.000000000000000222e-01 3.278515958588701140e-05 3.278515958588701140e-05
-8.000000000000000444e-01 -3.483129911211002523e-05 -3.483129911211002523e-05
-6.999999999999999556e-01 3.765150001556927560e-05 3.765150001556927560e-05
-5.999999999999999778e-01 2.815375611019732389e-05 2.815375611019732389e-05
-5.000000000000000000e-01 -3.948876040235082893e-06 -3.948876040235082893e-06
-4.000000000000000222e-01 1.170786755625030735e-05 1.170786755625030735e-05
-2.999999999999999889e-01 -3.084581850315748399e-05 -3.084581850315748399e-05
-2.000000000000000111e-01 -2.942512018924534783e-04 -2.942512018924534783e-04
-1.000000000000000056e-01 -7.983295811212019061e-04 -7.983295811212019061e-04
0.000000000000000000e+00 -1.524910814323664687e-03 -1.524910814323664687e-03
1.000000000000000056e-01 -1.925433179931795641e-03 -1.925433179931795641e-03
2.000000000000000111e-01 -2.084136159833551230e-03 -2.084136159833551230e-03
2.999999999999999889e-01 -2.216567170619194570e-03 -2.216567170619194570e-03
4.000000000000000222e-01 -2.213858214668589734e-03 -2.213858214668589734e-03
5.000000000000000000e-01 -2.345488231129471638e-03 -2.345488231129471638e-03
5.999999999999999778e-01 -2.487257849332472504e-03 -2.487257849332472504e-03
6.999999999999999556e-01 -2.455211763627496418e-03 -2.455211763627496418e-03
8.000000000000000444e-01 -2.558928290510875583e-03 -2.558928290510875583e-03
9.000000000000000222e-01 -2.541377400080505663e-03 -2.541377400080505663e-03
1.000000000000000000e+00 -2.466926324901260771e-03 -2.466926324901260771e-03
1.100000000000000089e+00 -2.546357647950124505e-03 -2.546357647950124505e-03
1.199999999999999956e+00 -2.496821950119935615e-03 -2.496821950119935615e-03
1.300000000000000044e+00 -2.453352460239553723e-03 -2.453352460239553723e-03
1.399999999999999911e+00 -2.544030825180179905e-03 -2.544030825180179905e-03
1.500000000000000000e+00 -2.482716182941218427e-03 -2.482716182941218427e-03
1.600000000000000089e+00 -2.398335501796918824e-03 -2.398335501796918824e-03
1.699999999999999956e+00 -2.493988351156026066e-03 -2.493988351156026066e-03
1.800000000000000044e+00 -2.534259422200780057e-03 -2.534259422200780057e-03
1.899999999999999911e+00 -2.548590271221769753e-03 -2.548590271221769753e-03
2.000000000000000000e+00 -2.500893664963911318e-03 -2.500893664963911318e-03
3.000000000000000000e+00 -2.491009906517860101e-03 -2.491009906517860101e-03
4.000000000000000000e+00 -2.465906771450399569e-03 -2.465906771450399569e-03
5.000000000000000000e+00 -2.244093806293518886e-03 -2.244093806293518886e-03
6.000000000000000000e+00 -2.296301989537243102e-03 -2.296301989537243102e-03
7.000000000000000000e+00 -2.212005488617415153e-03 -2.212005488617415153e-03
8.000000000000000000e+00 -2.154834484467259281e-03 -2.154834484467259281e-03
9.000000000000000000e+00 -2.093345442890855862e-03 -2.093345442890855862e-03
1.000000000000000000e+01 -2.105013283872437906e-03 -2.105013283872437906e-03
1.100000000000000000e+01 -2.135153064051059906e-03 -2.135153064051059906e-03
1.200000000000000000e+01 -2.129625453154169578e-03 -2.129625453154169578e-03
1.300000000000000000e+01 -2.326438546312994092e-03 -2.326438546312994092e-03
1.400000000000000000e+01 -2.359679589872355331e-03 -2.359679589872355331e-03
1.500000000000000000e+01 -2.478385022326316193e-03 -2.478385022326316193e-03
1.600000000000000000e+01 -2.618373286785410751e-03 -2.618373286785410751e-03
1.700000000000000000e+01 -2.704957329660305585e-03 -2.704957329660305585e-03
1.800000000000000000e+01 -2.813853930779939942e-03 -2.813853930779939942e-03
1.900000000000000000e+01 -2.799365012156406797e-03 -2.799365012156406797e-03
2.000000000000000000e+01 -2.815776213146459987e-03 -2.815776213146459987e-03
2.100000000000000000e+01 -2.816085503321426493e-03 -2.816085503321426493e-03
2.200000000000000000e+01 -2.812836927171084682e-03 -2.812836927171084682e-03
2.300000000000000000e+01 -2.763139787065041139e-03 -2.763139787065041139e-03
2.400000000000000000e+01 -2.747116799400050463e-03 -2.747116799400050463e-03
2.500000000000000000e+01 -2.694224778245209867e-03 -2.694224778245209867e-03
2.600000000000000000e+01 -2.696515821977431455e-03 -2.696515821977431455e-03
2.700000000000000000e+01 -2.704686918070304657e-03 -2.704686918070304657e-03
2.800000000000000000e+01 -2.668463241785133406e-03 -2.668463241785133406e-03
2.900000000000000000e+01 -2.671345729226006285e-03 -2.671345729226006285e-03
3.000000000000000000e+01 -2.659422314809540243e-03 -2.659422314809540243e-03
3.100000000000000000e+01 -2.580323247692168243e-03 -2.580323247692168243e-03
3.200000000000000000e+01 -2.523354100509314201e-03 -2.523354100509314201e-03
3.300000000000000000e+01 -2.559800290251981400e-03 -2.559800290251981400e-03
3.400000000000000000e+01 -2.408295888392764702e-03 -2.408295888392764702e-03
3.500000000000000000e+01 -2.453068663589086547e-03 -2.453068663589086547e-03
3.600000000000000000e+01 -2.277730050730968851e-03 -2.277730050730968851e-03
3.700000000000000000e+01 -2.216961513328959566e-03 -2.216961513328959566e-03
3.800000000000000000e+01 -2.184410294309196282e-03 -2.184410294309196282e-03
3.900000000000000000e+01 -2.232054927627264741e-03 -2.232054927627264741e-03
4.000000000000000000e+01 -2.120196105708834454e-03 -2.120196105708834454e-03
4.100000000000000000e+01 -2.124035796601742281e-03 -2.124035796601742281e-03
4.200000000000000000e+01 -2.140490560611555109e-03 -2.140490560611555109e-03
4.300000000000000000e+01 -2.006554001267279921e-03 -2.006554001267279921e-03
4.400000000000000000e+01 -1.970734448247340315e-03 -1.970734448247340315e-03
4.500000000000000000e+01 -1.935413910858866608e-03 -1.935413910858866608e-03
4.600000000000000000e+01 -1.895284702024338302e-03 -1.895284702024338302e-03
4.700000000000000000e+01 -1.917196422888543762e-03 -1.917196422888543762e-03
4.800000000000000000e+01 -1.866125289653614407e-03 -1.866125289653614407e-03
4.900000000000000000e+01 -1.877115321921209038e-03 -1.877115321921209038e-03
5.000000000000000000e+01 -1.854982330758221405e-03 -1.854982330758221405e-03
5.100000000000000000e+01 -1.702141154008495524e-03 -1.702141154008495524e-03
5.200000000000000000e+01 -1.739707117933217070e-03 -1.739707117933217070e-03
5.300000000000000000e+01 -1.707609686920397206e-03 -1.707609686920397206e-03
5.400000000000000000e+01 -1.672113846569780451e-03 -1.672113846569780451e-03
5.500000000000000000e+01 -1.650539270825367253e-03 -1.650539270825367253e-03
5.600000000000000000e+01 -1.636292633986608999e-03 -1.636292633986608999e-03
5.700000000000000000e+01 -1.555512731452175302e-03 -1.555512731452175302e-03
5.800000000000000000e+01 -1.609758028996024094e-03 -1.609758028996024094e-03
5.900000000000000000e+01 -1.497348146938406880e-03 -1.497348146938406880e-03
6.000000000000000000e+01 -1.561592175330087789e-03 -1.561592175330087789e-03
6.100000000000000000e+01 -1.486042065903329804e-03 -1.486042065903329804e-03
6.200000000000000000e+01 -1.541105864369890196e-03 -1.541105864369890196e-03
6.300000000000000000e+01 -1.531917407411745660e-03 -1.531917407411745660e-03
6.400000000000000000e+01 -1.448985740091368038e-03 -1.448985740091368038e-03
6.500000000000000000e+01 -1.452073759783309524e-03 -1.452073759783309524e-03
6.600000000000000000e+01 -1.468561429226077162e-03 -1.468561429226077162e-03
6.700000000000000000e+01 -1.495011659438946891e-03 -1.495011659438946891e-03
6.800000000000000000e+01 -1.478064269764965211e-03 -1.478064269764965211e-03
6.900000000000000000e+01 -1.433482141576455449e-03 -1.433482141576455449e-03
7.000000000000000000e+01 -1.423839703417309737e-03 -1.423839703417309737e-03
7.100000000000000000e+01 -1.499094749318172258e-03 -1.499094749318172258e-03
7.200000000000000000e+01 -1.414983845082739763e-03 -1.414983845082739763e-03
7.300000000000000000e+01 -1.528592428865836348e-03 -1.528592428865836348e-03
7.400000000000000000e+01 -1.487634296376537076e-03 -1.487634296376537076e-03
7.500000000000000000e+01 -1.556639684947121443e-03 -1.556639684947121443e-03
7.600000000000000000e+01 -1.532810782321553144e-03 -1.532810782321553144e-03
7.700000000000000000e+01 -1.549026803730733665e-03 -1.549026803730733665e-03
7.800000000000000000e+01 -1.539670073983866704e-03 -1.539670073983866704e-03
7.900000000000000000e+01 -1.501883233317511009e-03 -1.501883233317511009e-03
8.000000000000000000e+01 -1.476464102255147740e-03 -1.476464102255147740e-03
8.100000000000000000e+01 -1.520850303066040602e-03 -1.520850303066040602e-03
8.200000000000000000e+01 -1.448557283793733145e-03 -1.448557283793733145e-03
8.300000000000000000e+01 -1.471586377580628427e-03 -1.471586377580628427e-03
8.400000000000000000e+01 -1.502430740869892907e-03 -1.502430740869892907e-03
8.500000000000000000e+01 -1.453653389603122830e-03 -1.453653389603122830e-03
8.600000000000000000e+01 -1.341836015142473327e-03 -1.341836015142473327e-03
8.700000000000000000e+01 -1.394306754878211910e-03 -1.394306754878211910e-03
8.800000000000000000e+01 -1.356952556538417809e-03 -1.356952556538417809e-03
8.900000000000000000e+01 -1.222920220271625545e-03 -1.222920220271625545e-03
9.000000000000000000e+01 -1.314061696242128886e-03 -1.314061696242128886e-03
9.100000000000000000e+01 -1.382134651570000568e-03 -1.382134651570000568e-03
9.200000000000000000e+01 -1.402154427906896839e-03 -1.402154427906896839e-03
9.300000000000000000e+01 -1.601987064620546573e-03 -1.601987064620546573e-03
9.400000000000000000e+01 -1.668679838425037032e-03 -1.668679838425037032e-03
9.500000000000000000e+01 -1.779748109768181357e-03 -1.779748109768181357e-03
9.600000000000000000e+01 -1.778881377202977138e-03 -1.778881377202977138e-03
9.700000000000000000e+01 -1.871324927765979657e-03 -1.871324927765979657e-03
9.800000000000000000e+01 -1.932238083291512327e-03 -1.932238083291512327e-03
9.900000000000000000e+01 -2.001122760324382591e-03 -2.001122760324382591e-03
1.000000000000000000e+02 -2.009314087965766941e-03 -2.009314087965766941e-03
1.010000000000000000e+02 -2.034084374938799865e-03 -2.034084374938799865e-03
1.020000000000000000e+02 -2.027112219620941843e-03 -2.027112219620941843e-03
1.030000000000000000e+02 -2.152552840272679846e-03 -2.152552840272679846e-03
1.040000000000000000e+02 -2.059471291045419320e-03 -2.059471291045419320e-03
1.050000000000000000e+02 -2.178917527432004154e-03 -2.178917527432004154e-03
1.060000000000000000e+02 -2.199571300478706578e-03 -2.199571300478706578e-03
1.070000000000000000e+02 -2.170518797641235367e-03 -2.170518797641235367e-03
1.080000000000000000e+02 -2.217937586038918035e-03 -2.217937586038918035e-03
1.090000000000000000e+02 -2.246872205494055384e-03 -2.246872205494055384e-03
1.100000000000000000e+02 -2.287395078218243307e-03 -2.287395078218243307e-03
1.110000000000000000e+02 -2.296988983832624117e-03 -2.296988983832624117e-03
1.120000000000000000e+02 -2.328102875754461433e-03 -2.328102875754461433e-03
1.130000000000000000e+02 -2.358007308066806945e-03 -2.358007308066806945e-03
1.140000000000000000e+02 -2.416679006308537162e-03 -2.416679006308537162e-03
1.150000000000000000e+02 -2.481497951305139307e-03 -2.481497951305139307e-03
1.160000000000000000e+02 -2.509808841812805752e-03 -2.509808841812805752e-03
1.170000000000000000e+02 -2.614125357415195659e-03 -2.614125357415195659e-03
1.180000000000000000e+02 -2.630928553177813711e-03 -2.630928553177813711e-03
1.190000000000000000e+02 -2.630827984085735288e-03 -2.630827984085735288e-03
1.200000000000000000e+02 -2.642919375349104313e-03 -2.642919375349104313e-03
1.210000000000000000e+02 -2.763539882605254693e-03 -2.763539882605254693e-03
1.220000000000000000e+02 -2.813244880636336757e-03 -2.813244880636336757e-03
1.230000000000000000e+02 -2.854717790151720634e-03 -2.854717790151720634e-03
1.240000000000000000e+02 -2.948536322182221305e-03 -2.948536322182221305e-03
1.250000000000000000e+02 -2.991924800696260569e-03 -2.991924800696260569e-03
1.260000000000000000e+02 -3.136493320552821013e-03 -3.136493320552821013e-03
1.270000000000000000e+02 -3.205077897933902333e-03 -3.205077897933902333e-03
1.280000000000000000e+02 -3.268481712563535684e-03 -3.268481712563535684e-03
1.290000000000000000e+02 -3.310944686405762651e-03 -3.310944686405762651e-03
1.300000000000000000e+02 -3.386270141574126372e-03 -3.386270141574126372e-03
1.310000000000000000e+02 -3.342104736567640469e-03 -3.342104736567640469e-03
1.320000000000000000e+02 -3.332696443206659316e-03 -3.332696443206659316e-03
1.330000000000000000e+02 -3.233511656590043731e-03 -3.233511656590043731e-03
1.340000000000000000e+02 -3.189404981291041764e-03 -3.189404981291041764e-03
1.350000000000000000e+02 -3.192536378906449777e-03 -3.192536378906449777e-03
1.360000000000000000e+02 -3.156089385810914843e-03 -3.156089385810914843e-03
1.370000000000000000e+02 -3.052353682648850479e-03 -3.052353682648850479e-03
1.380000000000000000e+02 -2.976941022529367136e-03 -2.976941022529367136e-03
1.390000000000000000e+02 -2.904306737337720122e-03 -2.904306737337720122e-03
1.400000000000000000e+02 -2.889302593512622138e-03 -2.889302593512622138e-03
1.410000000000000000e+02 -2.830073887319295087e-03 -2.830073887319295087e-03
1.420000000000000000e+02 -2.812874805503599515e-03 -2.812874805503599515e-03
1.430000000000000000e+02 -2.760411154807330958e-03 -2.760411154807330958e-03
1.440000000000000000e+02 -2.717267625119390052e-03 -2.717267625119390052e-03
1.450000000000000000e+02 -2.710902020512001662e-03 -2.710902020512001662e-03
1.460000000000000000e+02 -2.742610246101539247e-03 -2.742610246101539247e-03
1.470000000000000000e+02 -2.775167175065456748e-03 -2.775167175065456748e-03
1.480000000000000000e+02 -2.717026462544699147e-03 -2.717026462544699147e-03
1.490000000000000000e+02 -2.713344707361890328e-03 -2.713344707361890328e-03
1.500000000000000000e+02 -2.729245801611504107e-03 -2.729245801611504107e-03
1.510000000000000000e+02 -2.685260294203756053e-03 -2.685260294203756053e-03
1.520000000000000000e+02 -2.648685987207687574e-03 -2.648685987207687574e-03
1.530000000000000000e+02 -2.685838354357067848e-03 -2.685838354357067848e-03
1.540000000000000000e+02 -2.685727974179863680e-03 -2.685727974179863680e-03
1.550000000000000000e+02 -2.796990169893449635e-03 -2.796990169893449635e-03
1.560000000000000000e+02 -2.782658341124145344e-03 -2.782658341124145344e-03
1.570000000000000000e+02 -2.794661243065183365e-03 -2.794661243065183365e-03
1.580000000000000000e+02 -2.762321885936913114e-03 -2.762321885936913114e-03
1.590000000000000000e+02 -2.793679242657999898e-03 -2.793679242657999898e-03
1.600000000000000000e+02 -2.791394162010646211e-03 -2.791394162010646211e-03
1.610000000000000000e+02 -2.815261161945819494e-03 -2.815261161945819494e-03
1.620000000000000000e+02 -2.875791901117169969e-03 -2.875791901117169969e-03
1.630000000000000000e+02 -2.871752023571031397e-03 -2.871752023571031397e-03
1.640000000000000000e+02 -2.816917149825021692e-03 -2.816917149825021692e-03
1.650000000000000000e+02 -2.822289391989291248e-03 -2.822289391989291248e-03
1.660000000000000000e+02 -2.859238257224817024e-03 -2.859238257224817024e-03
1.670000000000000000e+02 -2.744065517222572022e-03 -2.744065517222572022e-03
1.680000000000000000e+02 -2.767240156540603634e-03 -2.767240156540603634e-03
1.690000000000000000e+02 -2.790304695119527004e-03 -2.790304695119527004e-03
1.700000000000000000e+02 -2.760008384241010530e-03 -2.760008384241010530e-03
1.710000000000000000e+02 -2.689925746063005774e-03 -2.689925746063005774e-03
1.720000000000000000e+02 -2.720473387916008939e-03 -2.720473387916008939e-03
1.730000000000000000e+02 -2.785886611983008545e-03 -2.785886611983008545e-03
1.740000000000000000e+02 -2.779800328048350443e-03 -2.779800328048350443e-03
1.750000000000000000e+02 -2.750278777475469519e-03 -2.750278777475469519e-03
1.760000000000000000e+02 -2.649757867898184290e-03 -2.649757867898184290e-03
1.770000000000000000e+02 -2.716145592886835217e-03 -2.716145592886835217e-03
1.780000000000000000e+02 -2.681565408157191108e-03 -2.681565408157191108e-03
1.790000000000000000e+02 -2.708025536110316052e-03 -2.708025536110316052e-03
1.800000000000000000e+02 -2.737905693170883652e-03 -2.737905693170883652e-03
1.810000000000000000e+02 -2.724083610371362801e-03 -2.724083610371362801e-03
1.820000000000000000e+02 -2.714556613017619652e-03 -2.714556613017619652e-03
1.830000000000000000e+02 -2.805911317375877657e-03 -2.805911317375877657e-03
1.840000000000000000e+02 -2.865701428262670564e-03 -2.865701428262670564e-03
1.850000000000000000e+02 -2.816066489619511049e-03 -2.816066489619511049e-03
1.860000000000000000e+02 -2.950633672424506082e-03 -2.950633672424506082e-03
1.870000000000000000e+02 -2.997715087893983079e-03 -2.997715087893983079e-03
1.880000000000000000e+02 -3.041406395963535802e-03 -3.041406395963535802e-03
1.890000000000000000e+02 -3.068101617023848843e-03 -3.068101617023848843e-03
1.900000000000000000e+02 -3.079077005830586390e-03 -3.079077005830586390e-03
1.910000000000000000e+02 -2.932076747340777410e-03 -2.932076747340777410e-03
1.920000000000000000e+02 -2.915966933249343994e-03 -2.915966933249343994e-03
1.930000000000000000e+02 -2.911093399532845190e-03 -2.911093399532845190e-03
1.940000000000000000e+02 -2.953567313127560164e-03 -2.953567313127560164e-03
1.950000000000000000e+02 -2.917066067860892530e-03 -2.917066067860892530e-03
1.960000000000000000e+02 -2.861750392598021511e-03 -2.861750392598021511e-03
1.970000000000000000e+02 -2.811619223485839220e-03 -2.811619223485839220e-03
1.980000000000000000e+02 -2.782674964946187796e-03 -2.782674964946187796e-03
1.990000000000000000e+02 -2.674511826965081992e-03 -2.674511826965081992e-03
2.000000000000000000e+02 -2.696376810973204717e-03 -2.696376810973204717e-03
2.010000000000000000e+02 -2.680951688649380570e-03 -2.680951688649380570e-03
2.020000000000000000e+02 -2.695771932250580569e-03 -2.695771932250580569e-03
2.030000000000000000e+02 -2.667450692923563176e-03 -2.667450692923563176e-03
2.040000000000000000e+02 -2.631871438504537405e-03 -2.631871438504537405e-03
2.050000000000000000e+02 -2.604797833303519345e-03 -2.604797833303519345e-03
2.060000000000000000e+02 -2.717513997372445443e-03 -2.717513997372445443e-03
2.070000000000000000e+02 -2.662516512296505752e-03 -2.662516512296505752e-03
2.080000000000000000e+02 -2.713278199172546035e-03 -2.713278199172546035e-03
2.090000000000000000e+02 -2.746763724581882064e-03 -2.746763724581882064e-03
2.100000000000000000e+02 -2.812944006410053859e-03 -2.812944006410053859e-03
2.110000000000000000e+02 -2.879998259320696793e-03 -2.879998259320696793e-03
2.120000000000000000e+02 -2.912388181702772316e-03 -2.912388181702772316e-03
2.130000000000000000e+02 -2.926750174139034454e-03 -2.926750174139034454e-03
2.140000000000000000e+02 -2.905827811628983789e-03 -2.905827811628983789e-03
2.150000000000000000e+02 -2.976425993584734444e-03 -2.976425993584734444e-03
2.160000000000000000e+02 -2.930679849397731674e-03 -2.930679849397731674e-03
2.170000000000000000e+02 -3.019691702941863266e-03 -3.019691702941863266e-03
2.180000000000000000e+02 -3.011881229186910876e-03 -3.011881229186910876e-03
2.190000000000000000e+02 -3.152995796124023059e-03 -3.152995796124023059e-03
2.200000000000000000e+02 -3.053597643938390799e-03 -3.053597643938390799e-03
2.210000000000000000e+02 -2.978600800245828021e-03 -2.978600800245828021e-03
2.220000000000000000e+02 -3.081560419628739857e-03 -3.081560419628739857e-03
2.230000000000000000e+02 -3.050112960100653282e-03 -3.050112960100653282e-03
2.240000000000000000e+02 -3.225684370015007279e-03 -3.225684370015007279e-03
2.250000000000000000e+02 -3.298111589876896732e-03 -3.298111589876896732e-03
2.260000000000000000e+02 -3.253471183142710166e-03 -3.253471183142710166e-03
2.270000000000000000e+02 -3.191442317025648852e-03 -3.191442317025648852e-03
2.280000000000000000e+02 -3.154121298311730968e-03 -3.154121298311730968e-03
2.290000000000000000e+02 -3.178895547345701473e-03 -3.178895547345701473e-03
2.300000000000000000e+02 -3.170320442735185661e-03 -3.170320442735185661e-03
2.310000000000000000e+02 -3.205986958532056758e-03 -3.205986958532056758e-03
2.320000000000000000e+02 -3.269307502713806289e-03 -3.269307502713806289e-03
2.330000000000000000e+02 -3.254746140089129734e-03 -3.254746140089129734e-03
2.340000000000000000e+02 -3.301744382118848402e-03 -3.301744382118848402e-03
2.350000000000000000e+02 -3.294861503873974719e-03 -3.294861503873974719e-03
2.360000000000000000e+02 -3.367960009723350301e-03 -3.367960009723350301e-03
2.370000000000000000e+02 -3.246691016510990825e-03 -3.246691016510990825e-03
2.380000000000000000e+02 -3.298683900842777281e-03 -3.298683900842777281e-03
2.390000000000000000e+02 -3.272423886980006802e-03 -3.272423886980006802e-03
2.400000000000000000e+02 -3.266567943457055270e-03 -3.266567943457055270e-03
2.410000000000000000e+02 -3.314734127637339670e-03 -3.314734127637339670e-03
2.420000000000000000e+02 -3.327959249581697448e-03 -3.327959249581697448e-03
2.430000000000000000e+02 -3.281657469725841880e-03 -3.281657469725841880e-03
2.440000000000000000e+02 -3.327336059475820285e-03 -3.327336059475820285e-03
2.450000000000000000e+02 -3.289366748764489812e-03 -3.289366748764489812e-03
2.460000000000000000e+02 -3.184459908992649108e-03 -3.184459908992649108e-03
2.470000000000000000e+02 -3.266092219609918312e-03 -3.266092219609918312e-03
2.480000000000000000e+02 -3.174968055455108622e-03 -3.174968055455108622e-03
2.490000000000000000e+02 -3.198586989111156919e-03 -3.198586989111156919e-03
2.500000000000000000e+02 -3.172024480448436962e-03 -3.172024480448436962e-03
2.510000000000000000e+02 -3.227647322700283750e-03 -3.227647322700283750e-03
2.520000000000000000e+02 -3.239439196791707269e-03 -3.239439196791707269e-03
2.530000000000000000e+02 -3.074356988665667006e-03 -3.074356988665667006e-03
2.540000000000000000e+02 -3.101246143164307009e-03 -3.101246143164307009e-03
2.550000000000000000e+02 -3.157006308793926588e-03 -3.157006308793926588e-03
2.560000000000000000e+02 -3.073190584478095646e-03 -3.073190584478095646e-03
2.570000000000000000e+02 -3.096525670712967516e-03 -3.096525670712967516e-03
2.580000000000000000e+02 -3.052633236201579905e-03 -3.052633236201579905e-03
2.590000000000000000e+02 -3.105971970964311896e-03 -3.105971970964311896e-03
2.600000000000000000e+02 -3.198578636136123043e-03 -3.198578636136123043e-03
2.610000000000000000e+02 -3.114467262496783094e-03 -3.114467262496783094e-03
2.620000000000000000e+02 -3.148710957977056066e-03 -3.148710957977056066e-03
2.630000000000000000e+02 -3.145656103359509900e-03 -3.145656103359509900e-03
2.640000000000000000e+02 -3.149306427219468289e-03 -3.149306427219468289e-03
2.650000000000000000e+02 -3.188080585950308493e-03 -3.188080585950308493e-03
2.660000000000000000e+02 -3.094309363521759084e-03 -3.094309363521759084e-03
2.670000000000000000e+02 -3.150070502409698953e-03 -3.150070502409698953e-03
2.680000000000000000e+02 -3.157353429123784146e-03 -3.157353429123784146e-03
2.690000000000000000e+02 -3.091436594981127224e-03 -3.091436594981127224e-03
2.700000000000000000e+02 -3.077381334182746273e-03 -3.077381334182746273e-03
2.710000000000000000e+02 -3.124840683176609724e-03 -3.124840683176609724e-03
2.720000000000000000e+02 -3.132331118024777802e-03 -3.132331118024777802e-03
2.730000000000000000e+02 -3.122779053236548422e-03 -3.122779053236548422e-03
2.740000000000000000e+02 -2.984433094548230667e-03 -2.984433094548230667e-03
2.750000000000000000e+02 -3.012755079344208060e-03 -3.012755079344208060e-03
2.760000000000000000e+02 -2.958862690929909244e-03 -2.958862690929909244e-03
2.770000000000000000e+02 -2.961973355814814801e-03 -2.961973355814814801e-03
2.780000000000000000e+02 -3.016124935714413306e-03 -3.016124935714413306e-03
2.790000000000000000e+02 -2.877741315052909608e-03 -2.877741315052909608e-03
2.800000000000000000e+02 -2.875124573243059527e-03 -2.875124573243059527e-03
2.810000000000000000e+02 -2.856534876212229925e-03 -2.856534876212229925e-03
2.820000000000000000e+02 -2.788654753280597840e-03 -2.788654753280597840e-03
2.830000000000000000e+02 -2.781332994036680301e-03 -2.781332994036680301e-03
2.840000000000000000e+02 -2.710261133176529967e-03 -2.710261133176529967e-03
2.850000000000000000e+02 -2.749650940488723543e-03 -2.749650940488723543e-03
2.860000000000000000e+02 -2.606280627099095189e-03 -2.606280627099095189e-03
2.870000000000000000e+02 -2.571917199091109871e-03 -2.571917199091109871e-03
2.880000000000000000e+02 -2.543600477349089103e-03 -2.543600477349089103e-03
2.890000000000000000e+02 -2.528946719983545238e-03 -2.528946719983545238e-03
2.900000000000000000e+02 -2.549134912689614632e-03 -2.549134912689614632e-03
2.910000000000000000e+02 -2.382558177523895655e-03 -2.382558177523895655e-03
2.920000000000000000e+02 -2.466446667374405915e-03 -2.466446667374405915e-03
2.930000000000000000e+02 -2.497869722368140782e-03 -2.497869722368140782e-03
2.940000000000000000e+02 -2.404934132541004712e-03 -2.404934132541004712e-03
2.950000000000000000e+02 -2.371811073289769364e-03 -2.371811073289769364e-03
2.960000000000000000e+02 -2.281139506118958979e-03 -2.281139506118958979e-03
2.970000000000000000e+02 -2.385841021624849571e-03 -2.385841021624849571e-03
2.980000000000000000e+02 -2.299984569536383042e-03 -2.299984569536383042e-03
2.990000000000000000e+02 -2.335629359580974895e-03 -2.335629359580974895e-03
3.000000000000000000e+02 -2.233194141244800122e-03 -2.233194141244800122e-03
3.010000000000000000e+02 -2.145024010229889568e-03 -2.145024010229889568e-03
3.020000000000000000e+02 -2.222047857834202542e-03 -2.222047857834202542e-03
3.030000000000000000e+02 -2.234828366597918156e-03 -2.234828366597918156e-03
3.040000000000000000e+02 -2.149127264679989539e-03 -2.149127264679989539e-03
3.050000000000000000e+02 -2.203417549408257653e-03 -2.203417549408257653e-03
3.060000000000000000e+02 -2.234045826692854838e-03 -2.234045826692854838e-03
3.070000000000000000e+02 -2.221032344277464998e-03 -2.221032344277464998e-03
3.080000000000000000e+02 -2.212172002766175406e-03 -2.212172002766175406e-03
3.090000000000000000e+02 -2.263931795150931920e-03 -2.263931795150931920e-03
3.100000000000000000e+02 -2.188782951429398167e-03 -2.188782951429398167e-03
3.110000000000000000e+02 -2.197558235573396357e-03 -2.197558235573396357e-03
3.120000000000000000e+02 -2.275688553217206089e-03 -2.275688553217206089e-03
3.130000000000000000e+02 -2.123367838023631528e-03 -2.123367838023631528e-03
3.140000000000000000e+02 -2.186019528238412630e-03 -2.186019528238412630e-03
3.150000000000000000e+02 -2.188271176454834564e-03 -2.188271176454834564e-03
3.160000000000000000e+02 -2.173052734467991170e-03 -2.173052734467991170e-03
3.170000000000000000e+02 -2.239710996589871616e-03 -2.239710996589871616e-03
3.180000000000000000e+02 -2.125048700444063035e-03 -2.125048700444063035e-03
3.190000000000000000e+02 -2.034238891946326538e-03 -2.034238891946326538e-03
3.200000000000000000e+02 -2.020644031921248456e-03 -2.020644031921248456e-03
3.210000000000000000e+02 -2.139423625915899511e-03 -2.139423625915899511e-03
3.220000000000000000e+02 -2.037225846660349615e-03 -2.037225846660349615e-03
3.230000000000000000e+02 -2.016276258102178091e-03 -2.016276258102178091e-03
3.240000000000000000e+02 -1.946116714814962768e-03 -1.946116714814962768e-03
3.250000000000000000e+02 -1.875165995217310724e-03 -1.875165995217310724e-03
3.260000000000000000e+02 -1.848335948166105304e-03 -1.848335948166105304e-03
3.270000000000000000e+02 -1.860896549648575690e-03 -1.860896549648575690e-03
3.280000000000000000e+02 -1.816330526343799823e-03 -1.816330526343799823e-03
3.290000000000000000e+02 -1.825009553376741832e-03 -1.825009553376741832e-03
3.300000000000000000e+02 -1.775548877953912318e-03 -1.775548877953912318e-03
3.310000000000000000e+02 -1.769014913254669114e-03 -1.769014913254669114e-03
3.320000000000000000e+02 -1.689833780929378198e-03 -1.689833780929378198e-03
3.330000000000000000e+02 -1.655655466298755051e-03 -1.655655466298755051e-03
3.340000000000000000e+02 -1.737037434656514860e-03 -1.737037434656514860e-03
3.350000000000000000e+02 -1.649845310611521574e-03 -1.649845310611521574e-03
3.360000000000000000e+02 -1.683760775827105758e-03 -1.683760775827105758e-03
3.370000000000000000e+02 -1.642750022185174167e-03 -1.642750022185174167e-03
3.380000000000000000e+02 -1.585340279767172289e-03 -1.585340279767172289e-03
3.390000000000000000e+02 -1.589633202405718072e-03 -1.589633202405718072e-03
3.400000000000000000e+02 -1.623583882878396100e-03 -1.623583882878396100e-03
3.410000000000000000e+02 -1.582555026698641157e-03 -1.582555026698641157e-03
3.420000000000000000e+02 -1.572345409725364913e-03 -1.572345409725364913e-03
3.430000000000000000e+02 -1.573149948767567797e-03 -1.573149948767567797e-03
3.440000000000000000e+02 -1.575607028396021131e-03 -1.575607028396021131e-03
3.450000000000000000e+02 -1.536918061131377269e-03 -1.536918061131377269e-03
3.460000000000000000e+02 -1.534663131531279704e-03 -1.534663131531279704e-03
3.470000000000000000e+02 -1.512666506823633159e-03 -1.512666506823633159e-03
3.480000000000000000e+02 -1.515708574613317157e-03 -1.515708574613317157e-03
3.490000000000000000e+02 -1.502236020502374430e-03 -1.502236020502374430e-03
3.500000000000000000e+02 -1.426066208647218132e-03 -1.426066208647218132e-03
3.510000000000000000e+02 -1.428753105487190435e-03 -1.428753105487190435e-03
3.520000000000000000e+02 -1.478001615280588685e-03 -1.478001615280588685e-03
3.530000000000000000e+02 -1.484684803192844269e-03 -1.484684803192844269e-03
3.540000000000000000e+02 -1.493114032285393139e-03 -1.493114032285393139e-03
3.550000000000000000e+02 -1.399377886375557196e-03 -1.399377886375557196e-03
3.560000000000000000e+02 -1.331366675593582006e-03 -1.331366675593582006e-03
3.570000000000000000e+02 -1.417520522412133756e-03 -1.417520522412133756e-03
3.580000000000000000e+02 -1.327296758569034354e-03 -1.327296758569034354e-03
3.590000000000000000e+02 -1.355842245904684534e-03 -1.355842245904684534e-03
3.600000000000000000e+02 -1.369723041223694588e-03 -1.369723041223694588e-03
3.610000000000000000e+02 -1.299987195410746890e-03 -1.299987195410746890e-03
3.620000000000000000e+02 -1.235451775472464061e-03 -1.235451775472464061e-03
3.630000000000000000e+02 -1.219514073061765290e-03 -1.219514073061765290e-03
3.640000000000000000e+02 -1.245165409923227424e-03 -1.245165409923227424e-03
3.650000000000000000e+02 -1.299151256794119297e-03 -1.299151256794119297e-03
3.660000000000000000e+02 -1.303970572709225529e-03 -1.303970572709225529e-03
3.670000000000000000e+02 -1.243929256601498251e-03 -1.243929256601498251e-03
3.680000000000000000e+02 -1.164244802264641915e-03 -1.164244802264641915e-03
3.690000000000000000e+02 -1.141133950189793505e-03 -1.141133950189793505e-03
3.700000000000000000e+02 -1.183382641094849049e-03 -1.183382641094849049e-03
3.710000000000000000e+02 -1.139001779450934298e-03 -1.139001779450934298e-03
3.720000000000000000e+02 -1.134170594788625570e-03 -1.134170594788625570e-03
3.730000000000000000e+02 -1.093540703710582261e-03 -1.093540703710582261e-03
3.740000000000000000e+02 -1.108683119777936982e-03 -1.108683119777936982e-03
3.750000000000000000e+02 -1.118747318385152024e-03 -1.118747318385152024e-03
3.760000000000000000e+02 -1.070654888327220470e-03 -1.070654888327220470e-03
3.770000000000000000e+02 -1.053262196087408151e-03 -1.053262196087408151e-03
3.780000000000000000e+02 -1.138451225628103834e-03 -1.138451225628103834e-03
3.790000000000000000e+02 -1.028134099882174139e-03 -1.028134099882174139e-03
3.800000000000000000e+02 -1.032470499778809442e-03 -1.032470499778809442e-03
3.810000000000000000e+02 -1.108450924791712800e-03 -1.108450924791712800e-03
3.820000000000000000e+02 -1.052485209149874425e-03 -1.052485209149874425e-03
3.830000000000000000e+02 -1.031005697217471677e-03 -1.031005697217471677e-03
3.840000000000000000e+02 -1.056714112822905579e-03 -1.056714112822905579e-03
3.850000000000000000e+02 -1.008821668112194715e-03 -1.008821668112194715e-03
3.860000000000000000e+02 -1.025352186487363520e-03 -1.025352186487363520e-03
3.870000000000000000e+02 -1.048265412427607304e-03 -1.048265412427607304e-03
3.880000000000000000e+02 -1.048967475926866535e-03 -1.048967475926866535e-03
3.890000000000000000e+02 -1.071633382967172952e-03 -1.071633382967172952e-03
3.900000000000000000e+02 -9.777497185589792243e-04 -9.777497185589792243e-04
3.910000000000000000e+02 -9.410749182323794237e-04 -9.410749182323794237e-04
3.920000000000000000e+02 -9.974904961524088363e-04 -9.974904961524088363e-04
3.930000000000000000e+02 -1.017728433020179254e-03 -1.017728433020179254e-03
3.940000000000000000e+02 -9.557063923907629628e-04 -9.557063923907629628e-04
3.950000000000000000e+02 -9.159357262665192463e-04 -9.159357262665192463e-04
3.960000000000000000e+02 -9.399601473522929034e-04 -9.399601473522929034e-04
3.970000000000000000e+02 -8.954918136702805622e-04 -8.954918136702805622e-04
3.980000000000000000e+02 -8.938556695549917854e-04 -8.938556695549917854e-04
3.990000000000000000e+02 -9.264522295417644202e-04 -9.264522295417644202e-04
4.000000000000000000e+02 -8.264482092516773184e-04 -8.264482092516773184e-04
4.010000000000000000e+02 -8.270827924710045425e-04 -8.270827924710045425e-04
4.020000000000000000e+02 -8.098884912952456243e-04 -8.098884912952456243e-04
4.030000000000000000e+02 -8.304856809366359090e-04 -8.304856809366359090e-04
4.040000000000000000e+02 -9.027411107246681313e-04 -9.027411107246681313e-04
4.050000000000000000e+02 -7.604769086481323777e-04 -7.604769086481323777e-04
4.060000000000000000e+02 -7.369817417165722183e-04 -7.369817417165722183e-04
4.070000000000000000e+02 -8.680207269833659220e-04 -8.680207269833659220e-04
4.080000000000000000e+02 -7.393994339340360152e-04 -7.393994339340360152e-04
4.090000000000000000e+02 -7.048352470919602925e-04 -7.048352470919602925e-04
4.100000000000000000e+02 -7.690021972872345844e-04 -7.690021972872345844e-04
4.110000000000000000e+02 -7.669047031095827102e-04 -7.669047031095827102e-04
4.120000000000000000e+02 -6.886062383324891879e-04 -6.886062383324891879e-04
4.130000000000000000e+02 -6.783184182996211979e-04 -6.783184182996211979e-04
4.140000000000000000e+02 -7.798839982499828792e-04 -7.798839982499828792e-04
4.150000000000000000e+02 -7.773588992395825568e-04 -7.773588992395825568e-04
4.160000000000000000e+02 -7.651272903992299397e-04 -7.651272903992299397e-04
4.170000000000000000e+02 -7.232809469598937193e-04 -7.232809469598937193e-04
4.180000000000000000e+02 -7.551023518664849591e-04 -7.551023518664849591e-04
4.190000000000000000e+02 -7.255560853806495214e-04 -7.255560853806495214e-04
4.200000000000000000e+02 -7.316221378538117224e-04 -7.316221378538117224e-04
4.210000000000000000e+02 -7.168206382458567304e-04 -7.168206382458567304e-04
4.220000000000000000e+02 -7.393831975845943346e-04 -7.393831975845943346e-04
4.230000000000000000e+02 -7.695240362604444627e-04 -7.695240362604444627e-04
4.240000000000000000e+02 -7.613432529384181946e-04 -7.613432529384181946e-04
4.250000000000000000e+02 -7.886228091660362578e-04 -7.886228091660362578e-04
4.260000000000000000e+02 -8.428888328178133806e-04 -8.428888328178133806e-04
4.270000000000000000e+02 -8.655234963467983928e-04 -8.655234963467983928e-04
4.280000000000000000e+02 -8.326273545114056462e-04 -8.326273545114056462e-04
4.290000000000000000e+02 -8.570185738752795178e-04 -8.570185738752795178e-04
4.300000000000000000e+02 -8.067777006793470668e-04 -8.067777006793470668e-04
4.310000000000000000e+02 -8.727396187918762260e-04 -8.727396187918762260e-04
4.320000000000000000e+02 -9.128783321780278110e-04 -9.128783321780278110e-04
4.330000000000000000e+02 -9.273119139147233039e-04 -9.273119139147233039e-04
4.340000000000000000e+02 -9.476019306155715385e-04 -9.476019306155715385e-04
4.350000000000000000e+02 -9.656089006375400937e-04 -9.656089006375400937e-04
4.360000000000000000e+02 -9.996882148799498668e-04 -9.996882148799498668e-04
4.370000000000000000e+02 -1.001590683302192725e-03 -1.001590683302192725e-03
4.380000000000000000e+02 -1.058620436132238747e-03 -1.058620436132238747e-03
4.390000000000000000e+02 -1.003531907817590630e-03 -1.003531907817590630e-03
4.400000000000000000e+02 -1.061951716083092559e-03 -1.061951716083092559e-03
4.410000000000000000e+02 -1.100032057538986949e-03 -1.100032057538986949e-03
4.420000000000000000e+02 -1.106979388436685500e-03 -1.106979388436685500e-03
4.430000000000000000e+02 -1.102067286545050252e-03 -1.102067286545050252e-03
4.440000000000000000e+02 -1.100198153459255651e-03 -1.100198153459255651e-03
4.450000000000000000e+02 -1.168291323634791396e-03 -1.168291323634791396e-03
4.460000000000000000e+02 -1.218888213510591371e-03 -1.218888213510591371e-03
4.470000000000000000e+02 -1.163359165745456300e-03 -1.163359165745456300e-03
4.480000000000000000e+02 -1.098535017658765819e-03 -1.098535017658765819e-03
4.490000000000000000e+02 -1.141308533487874269e-03 -1.141308533487874269e-03
4.500000000000000000e+02 -1.166181536434188594e-03 -1.166181536434188594e-03
4.510000000000000000e+02 -1.235965264161588330e-03 -1.235965264161588330e-03
4.520000000000000000e+02 -1.234509017865331347e-03 -1.234509017865331347e-03
4.530000000000000000e+02 -1.221955136342879524e-03 -1.221955136342879524e-03
4.540000000000000000e+02 -1.294493995336126095e-03 -1.294493995336126095e-03
4.550000000000000000e+02 -1.325428395680893238e-03 -1.325428395680893238e-03
4.560000000000000000e+02 -1.329570666188482171e-03 -1.329570666188482171e-03
4.570000000000000000e+02 -1.393656641119452293e-03 -1.393656641119452293e-03
4.580000000000000000e+02 -1.427153565987977638e-03 -1.427153565987977638e-03
4.590000000000000000e+02 -1.457088300676005624e-03 -1.457088300676005624e-03
4.600000000000000000e+02 -1.470813138871348517e-03 -1.470813138871348517e-03
4.610000000000000000e+02 -1.590505763409723761e-03 -1.590505763409723761e-03
4.620000000000000000e+02 -1.523555749472754045e-03 -1.523555749472754045e-03
4.630000000000000000e+02 -1.569881708942076235e-03 -1.569881708942076235e-03
4.640000000000000000e+02 -1.576768197111413873e-03 -1.576768197111413873e-03
4.650000000000000000e+02 -1.640244655819318893e-03 -1.640244655819318893e-03
4.660000000000000000e+02 -1.656227782360287582e-03 -1.656227782360287582e-03
4.670000000000000000e+02 -1.795135139560818634e-03 -1.795135139560818634e-03
4.680000000000000000e+02 -1.703958702420538610e-03 -1.703958702420538610e-03
4.690000000000000000e+02 -1.821764641399728274e-03 -1.821764641399728274e-03
4.700000000000000000e+02 -1.823092385031101952e-03 -1.823092385031101952e-03
4.710000000000000000e+02 -1.905948467030596678e-03 -1.905948467030596678e-03
4.720000000000000000e+02 -1.916654190728140370e-03 -1.916654190728140370e-03
4.730000000000000000e+02 -1.915101647566761498e-03 -1.915101647566761498e-03
4.740000000000000000e+02 -1.981164333224397396e-03 -1.981164333224397396e-03
4.750000000000000000e+02 -2.120251964025412095e-03 -2.120251964025412095e-03
4.760000000000000000e+02 -2.184775415090716918e-03 -2.184775415090716918e-03
4.770000000000000000e+02 -2.289770906061739959e-03 -2.289770906061739959e-03
4.780000000000000000e+02 -2.255972942011720116e-03 -2.255972942011720116e-03
4.790000000000000000e+02 -2.298130794886138906e-03 -2.298130794886138906e-03
4.800000000000000000e+02 -2.321719905221228571e-03 -2.321719905221228571e-03
4.810000000000000000e+02 -2.433533828716930459e-03 -2.433533828716930459e-03
4.820000000000000000e+02 -2.453612720040274347e-03 -2.453612720040274347e-03
4.830000000000000000e+02 -2.451330872752669008e-03 -2.451330872752669008e-03
4.840000000000000000e+02 -2.536360465780359251e-03 -2.536360465780359251e-03
4.850000000000000000e+02 -2.568905555408528864e-03 -2.568905555408528864e-03
4.860000000000000000e+02 -2.679367983400308875e-03 -2.679367983400308875e-03
4.870000000000000000e+02 -2.677855120166374933e-03 -2.677855120166374933e-03
4.880000000000000000e+02 -2.636311186497158118e-03 -2.636311186497158118e-03
4.890000000000000000e+02 -2.684274090067453444e-03 -2.684274090067453444e-03
4.900000000000000000e+02 -2.730483725842149535e-03 -2.730483725842149535e-03
4.910000000000000000e+02 -2.727211741845511454e-03 -2.727211741845511454e-03
4.920000000000000000e+02 -2.786233727642666112e-03 -2.786233727642666112e-03
4.930000000000000000e+02 -2.756869590257564947e-03 -2.756869590257564947e-03
4.940000000000000000e+02 -2.772994725320941743e-03 -2.772994725320941743e-03
4.950000000000000000e+02 -2.712713488912863596e-03 -2.712713488912863596e-03
4.960000000000000000e+02 -2.743560972629287796e-03 -2.743560972629287796e-03
4.970000000000000000e+02 -2.789293356820496741e-03 -2.789293356820496741e-03
4.980000000000000000e+02 -2.899346440999199959e-03 -2.899346440999199959e-03
4.990000000000000000e+02 -2.828082356524022969e-03 -2.828082356524022969e-03
5.000000000000000000e+02 -2.870515033233541485e-03 -2.870515033233541485e-03
