# delays[ps] pumped_signal, blocked_signal, pumped_reference, blocked_reference
-2.000000000000000000e+01 5.099476397382859183e+00 5.101772865071710683e+00 6.646516304362950933e+00 6.650043984084525128e+00
-1.800000000000000000e+01 5.116749156067519344e+00 5.113284594385008930e+00 6.666834440330126732e+00 6.662860804357954692e+00
-1.600000000000000000e+01 5.121014811591076743e+00 5.124584516988537786e+00 6.673944888748756910e+00 6.678838785969170466e+00
-1.400000000000000000e+01 5.120288108077364342e+00 5.119908377698451751e+00 6.672887460646244939e+00 6.672890819996733391e+00
-1.200000000000000000e+01 5.122645756068893164e+00 5.114221262554070613e+00 6.676574417856932619e+00 6.666435569840079012e+00
-1.000000000000000000e+01 5.124236980629055083e+00 5.113329199105757006e+00 6.678884111885465380e+00 6.665317523930924359e+00
-8.000000000000000000e+00 5.116530703284066561e+00 5.115146641094544755e+00 6.668629869962818368e+00 6.667201758507706799e+00
-6.000000000000000000e+00 5.121855949343997239e+00 5.116268611575520708e+00 6.674360817641842303e+00 6.667345823030889740e+00
-4.000000000000000000e+00 5.128282666540477486e+00 5.125550976059408903e+00 6.682226733168721289e+00 6.679309007405848320e+00
-2.000000000000000000e+00 5.117820753773682618e+00 5.119663022070219505e+00 6.671818257403089980e+00 6.674176959920523622e+00
-1.000000000000000000e+00 5.132952556741946282e+00 5.134330856512401731e+00 6.690611069399887256e+00 6.692319621304118726e+00
-9.000000000000000222e-01 5.114262103589373609e+00 5.117841813965709363e+00 6.665002495047423814e+00 6.669896061900489670e+00
-8.000000000000000444e-01 5.122603157228213355e+00 5.112360339867175085e+00 6.675930675405260750e+00 6.663061565428757049e+00
-6.999999999999999556e-01 5.114758902257224626e+00 5.108049996702556328e+00 6.665442196775503092e+00 6.656863197603511750e+00
-5.999999999999999778e-01 5.127122579687617865e+00 5.121392699767642220e+00 6.680689871140541136e+00 6.673593188789814334e+00
-5.000000000000000000e-01 5.117794730357888788e+00 5.114794381118536570e+00 6.669633650431764593e+00 6.665953825258890575e+00
-4.000000000000000222e-01 5.114391509222981469e+00 5.115468792510897700e+00 6.665189077268942164e+00 6.666443656746017687e+00
-2.999999999999999889e-01 5.106930028560423551e+00 5.108826026900801232e+00 6.656803536461229243e+00 6.658584230164669826e+00
-2.000000000000000111e-01 5.107319125198948484e+00 5.114435710653800093e+00 6.662385539727861072e+00 6.666249708924841144e+00
-1.000000000000000056e-01 5.098090568871976203e+00 5.102099179579352217e+00 6.654187779167512140e+00 6.650914668703002519e+00
0.000000000000000000e+00 5.109331715703985921e+00 5.111913903134298387e+00 6.670602349846827650e+00 6.663297467875335833e+00
1.000000000000000056e-01 5.101456636252843957e+00 5.112179281534434239e+00 6.660459980165895466e+00 6.662478591148617291e+00
2.000000000000000111e-01 5.104439210420127715e+00 5.115416663228188554e+00 6.664700036499882074e+00 6.666870395860368781e+00
2.999999999999999889e-01 5.112275933763597457e+00 5.123564566756896532e+00 6.675705891005187631e+00 6.678458814420221934e+00
4.000000000000000222e-01 5.115693488227392116e+00 5.125866319702627294e+00 6.680050445510660850e+00 6.681276922106115457e+00
5.000000000000000000e-01 5.129092088914990910e+00 5.137971745195414108e+00 6.694832304169477943e+00 6.694867377047965640e+00
5.999999999999999778e-01 5.120412468986811128e+00 5.133150510495338104e+00 6.682971778820374631e+00 6.687753405030336218e+00
6.999999999999999556e-01 5.116003070588375223e+00 5.131879039323949065e+00 6.677781436180481478e+00 6.686342194553792417e+00
8.000000000000000444e-01 5.121540284278060184e+00 5.123336906754274445e+00 6.684316452708042533e+00 6.675484154245484802e+00
9.000000000000000222e-01 5.106810229212931596e+00 5.110074196861543960e+00 6.665761387841484087e+00 6.658784903431153701e+00
1.000000000000000000e+00 5.109278464501584516e+00 5.116398093394868951e+00 6.669063569557670768e+00 6.666931330495610375e+00
1.100000000000000089e+00 5.105994321775078504e+00 5.109109184434260875e+00 6.665264031667716971e+00 6.657994220712764033e+00
1.199999999999999956e+00 5.113617158312910860e+00 5.125695995302583796e+00 6.674567186830183907e+00 6.678448004351339229e+00
1.300000000000000044e+00 5.122140471544986084e+00 5.135985580797576944e+00 6.684988638896704138e+00 6.691210615965537123e+00
1.399999999999999911e+00 5.114005611416920338e+00 5.112862425226587959e+00 6.674683932130716535e+00 6.661749161163496247e+00
1.500000000000000000e+00 5.093947273313982116e+00 5.109555853512309120e+00 6.649311432626324070e+00 6.658034170300324739e+00
1.600000000000000089e+00 5.104613299717684960e+00 5.107234407488999040e+00 6.662920701480057772e+00 6.655189729958959077e+00
1.699999999999999956e+00 5.110626013118712230e+00 5.121686186118003192e+00 6.670037161852307328e+00 6.672561545843596065e+00
1.800000000000000044e+00 5.105280988675308329e+00 5.118248770812636295e+00 6.663337750697245099e+00 6.668698658098930032e+00
1.899999999999999911e+00 5.108986100708721168e+00 5.113596174974767372e+00 6.669750719849575127e+00 6.664357060390662113e+00
2.000000000000000000e+00 5.108598447931361086e+00 5.116459914226640926e+00 6.669470854154456951e+00 6.667730511924690795e+00
3.000000000000000000e+00 5.121991760936159821e+00 5.123555838444966426e+00 6.684660064593900053e+00 6.674804769929853165e+00
4.000000000000000000e+00 5.124633363867933333e+00 5.126876743337278164e+00 6.688487157565147001e+00 6.678918868309959400e+00
5.000000000000000000e+00 5.099422744207870117e+00 5.109363750857276898e+00 6.656653630299261160e+00 6.657055944221755617e+00
6.000000000000000000e+00 5.108254353648012724e+00 5.119806442154913206e+00 6.667296332141708248e+00 6.669698753300561833e+00
7.000000000000000000e+00 5.125057698627761837e+00 5.132528224817702878e+00 6.689568458892357405e+00 6.686637752998923823e+00
8.000000000000000000e+00 5.121077834088829661e+00 5.123730728432063231e+00 6.685619640739196790e+00 6.676663463585280844e+00
9.000000000000000000e+00 5.129352662514419237e+00 5.142323570855680259e+00 6.694490051960742427e+00 6.697758283043751426e+00
1.000000000000000000e+01 5.123512836538163917e+00 5.138723434558463588e+00 6.688288323454591122e+00 6.693665644620021560e+00
1.100000000000000000e+01 5.112241019914663731e+00 5.126389388682955683e+00 6.675511060800932484e+00 6.678611044371437266e+00
1.200000000000000000e+01 5.107676671267031843e+00 5.111687284769385720e+00 6.669294277139262483e+00 6.659356827271605717e+00
1.300000000000000000e+01 5.105663439792400560e+00 5.113948998386303124e+00 6.668676078114254224e+00 6.662573242448887711e+00
1.400000000000000000e+01 5.105238388213293454e+00 5.116759964735369870e+00 6.669095289357245271e+00 6.666540629874347701e+00
1.500000000000000000e+01 5.093060889477939668e+00 5.108303839373410149e+00 6.655337062137076209e+00 6.655938767777987763e+00
1.600000000000000000e+01 5.099805113545110125e+00 5.113445069540870414e+00 6.663953467594487812e+00 6.661049836668315294e+00
1.700000000000000000e+01 5.092471598638925734e+00 5.110621609051080760e+00 6.655532294720684305e+00 6.657950651939811948e+00
1.800000000000000000e+01 5.114124365876826950e+00 5.129676017961180889e+00 6.683053375465989987e+00 6.681698616379067701e+00
1.900000000000000000e+01 5.110281199381986994e+00 5.129976790655859098e+00 6.677389456187626138e+00 6.680278913160298870e+00
2.000000000000000000e+01 5.113405588055045747e+00 5.132803852022879809e+00 6.682586038889921198e+00 6.684466834534015689e+00
2.100000000000000000e+01 5.089828392339144969e+00 5.111886597065447901e+00 6.654547891030698104e+00 6.660385588121060074e+00
2.200000000000000000e+01 5.109750125028260648e+00 5.123878471839568682e+00 6.679819748818441205e+00 6.675536844590778784e+00
2.300000000000000000e+01 5.110305060216338902e+00 5.132416435708199387e+00 6.681036368349316135e+00 6.686451970130428357e+00
2.400000000000000000e+01 5.112491822571988642e+00 5.120155980226061665e+00 6.682584680120416287e+00 6.669854022386150660e+00
2.500000000000000000e+01 5.108102124521111342e+00 5.122415135744912362e+00 6.676310882727813478e+00 6.672073394536919722e+00
2.600000000000000000e+01 5.110884102109470639e+00 5.129383654941209514e+00 6.680226778819227107e+00 6.681171864038389252e+00
2.700000000000000000e+01 5.112611298446321229e+00 5.132784153465961730e+00 6.682329550982433197e+00 6.685966378658115161e+00
2.800000000000000000e+01 5.115500900258705741e+00 5.132063132454853793e+00 6.685290355013246533e+00 6.684923037896649767e+00
2.900000000000000000e+01 5.110780722481169214e+00 5.133900837766645076e+00 6.678599112502621615e+00 6.686970719688958731e+00
3.000000000000000000e+01 5.119681037952656943e+00 5.135556365494147180e+00 6.689325815057301838e+00 6.688380737783242047e+00
3.100000000000000000e+01 5.104204342149172291e+00 5.116022770485221471e+00 6.670383179651685701e+00 6.663921757446114924e+00
3.200000000000000000e+01 5.117906677573451191e+00 5.124641612937621993e+00 6.687194378553523499e+00 6.674659430131509197e+00
3.300000000000000000e+01 5.117998765153541463e+00 5.132329150769348480e+00 6.687709997759440306e+00 6.684691612454519039e+00
3.400000000000000000e+01 5.103484845813055060e+00 5.117997969649848322e+00 6.669415199268210692e+00 6.667177018408784406e+00
3.500000000000000000e+01 5.114295893563605588e+00 5.131450058940854042e+00 6.683084208200840592e+00 6.684130507772874985e+00
3.600000000000000000e+01 5.116279661788163402e+00 5.130900484812348061e+00 6.684734225254270079e+00 6.682869195357571179e+00
3.700000000000000000e+01 5.100669872304787411e+00 5.113974223234455607e+00 6.664760333999349307e+00 6.662205284479405520e+00
3.800000000000000000e+01 5.109003557233676496e+00 5.124275977490383660e+00 6.674778023024407148e+00 6.674976778150799817e+00
3.900000000000000000e+01 5.098699401737206927e+00 5.116044632299910688e+00 6.660545825756473803e+00 6.663604969739629347e+00
4.000000000000000000e+01 5.104664067424192098e+00 5.111735252817754649e+00 6.668245572532867094e+00 6.658551084334005665e+00
4.100000000000000000e+01 5.103167335659896331e+00 5.121114828088153992e+00 6.665710460841013152e+00 6.670478385928973353e+00
4.200000000000000000e+01 5.114846586185254118e+00 5.127228282627279476e+00 6.678681028856241042e+00 6.676055190745893597e+00
4.300000000000000000e+01 5.110404518250430073e+00 5.121920412501700604e+00 6.671968325732602345e+00 6.669650864441446281e+00
4.400000000000000000e+01 5.115266434854138566e+00 5.123752749746828705e+00 6.679803006291431977e+00 6.673296819433013560e+00
4.500000000000000000e+01 5.100448458452484957e+00 5.122436354775548928e+00 6.660393836548833768e+00 6.671254752354611739e+00
4.600000000000000000e+01 5.115721757889691190e+00 5.122886630565026245e+00 6.678748219831908806e+00 6.670716865305424292e+00
4.700000000000000000e+01 5.107082255612689359e+00 5.123787742827909497e+00 6.667380252424406351e+00 6.671743622270814633e+00
4.800000000000000000e+01 5.106619968104412877e+00 5.125268621644781142e+00 6.667466498692334653e+00 6.674396053672091433e+00
4.900000000000000000e+01 5.112488217309163474e+00 5.122473426221421988e+00 6.674114973733897394e+00 6.670039397197262687e+00
5.000000000000000000e+01 5.122075202457041065e+00 5.125886662611485178e+00 6.685140935113804694e+00 6.673744941226948946e+00
5.100000000000000000e+01 5.124330109253877552e+00 5.131476004988129169e+00 6.689247017990356703e+00 6.682091320169888604e+00
5.200000000000000000e+01 5.117271660573281977e+00 5.143943700568136101e+00 6.680263055080149392e+00 6.698074426059249298e+00
5.300000000000000000e+01 5.122985688193735676e+00 5.141625933454531783e+00 6.686591475034363796e+00 6.694633393454552994e+00
5.400000000000000000e+01 5.106609960533702974e+00 5.124288632160410195e+00 6.665221113245286766e+00 6.672380250306703786e+00
5.500000000000000000e+01 5.099966472738040046e+00 5.116870793298871511e+00 6.656827482147608777e+00 6.662978357238054983e+00
5.600000000000000000e+01 5.104803565680956723e+00 5.125952806251647509e+00 6.661756048579063005e+00 6.673377381393407859e+00
5.700000000000000000e+01 5.109674931355020711e+00 5.116965526061687086e+00 6.667158355978070716e+00 6.661613267129365745e+00
5.800000000000000000e+01 5.107816087878101818e+00 5.118186391852924899e+00 6.665002893999067979e+00 6.663539388680526976e+00
5.900000000000000000e+01 5.110627132762945557e+00 5.118961060590797807e+00 6.669683453545958152e+00 6.665415692480530119e+00
6.000000000000000000e+01 5.113452998804690175e+00 5.125378007565132954e+00 6.671717926840813995e+00 6.672537039770046974e+00
6.100000000000000000e+01 5.114310627513758867e+00 5.119321653555480189e+00 6.673423743154775600e+00 6.665428031150215205e+00
6.200000000000000000e+01 5.114456768873322012e+00 5.121486713275773539e+00 6.674621630994519883e+00 6.668798836901968841e+00
6.300000000000000000e+01 5.112816540572870494e+00 5.121124763056061013e+00 6.671092515244181342e+00 6.667561471666565431e+00
6.400000000000000000e+01 5.112148053690745542e+00 5.121663045435185246e+00 6.671040788982751657e+00 6.668869628032966901e+00
6.500000000000000000e+01 5.104902941143992123e+00 5.110708334467434000e+00 6.661052960396228961e+00 6.654624129706913749e+00
6.600000000000000000e+01 5.109475137540688827e+00 5.117876806377033461e+00 6.667473383269749476e+00 6.664254955653827750e+00
6.700000000000000000e+01 5.106714777985849274e+00 5.121477103830926580e+00 6.664627004179498826e+00 6.669403746517274634e+00
6.800000000000000000e+01 5.121071025435622204e+00 5.126878823240101468e+00 6.680827281364813075e+00 6.674131153256031901e+00
6.900000000000000000e+01 5.098503449250130437e+00 5.103571169793445605e+00 6.652723950848903556e+00 6.645119820558371693e+00
7.000000000000000000e+01 5.105419443704782623e+00 5.119373546199788017e+00 6.661404746613576400e+00 6.664979839036977438e+00
7.100000000000000000e+01 5.107660337481167545e+00 5.119290982813724966e+00 6.663616903221045717e+00 6.664497200986468251e+00
7.200000000000000000e+01 5.108067691009443578e+00 5.121261532399896232e+00 6.664722858239255032e+00 6.667337326080972737e+00
7.300000000000000000e+01 5.121583203373960558e+00 5.128005277683812757e+00 6.682797365379270715e+00 6.676670753715163720e+00
7.400000000000000000e+01 5.121933142921185400e+00 5.129535159765463703e+00 6.684089185331115957e+00 6.678961302564300873e+00
7.500000000000000000e+01 5.121974303388163285e+00 5.127951863118124010e+00 6.683489641488731259e+00 6.677210634274248768e+00
7.600000000000000000e+01 5.122963181573616076e+00 5.132723693776969576e+00 6.684471476264754131e+00 6.682537271016635749e+00
7.700000000000000000e+01 5.115971200314310074e+00 5.125133609819163105e+00 6.675592662426344859e+00 6.672793608665870124e+00
7.800000000000000000e+01 5.117855504388826304e+00 5.126807234249236345e+00 6.678276791234793563e+00 6.674847453292763078e+00
7.900000000000000000e+01 5.115479364125460116e+00 5.127784821996399955e+00 6.674818069192300918e+00 6.676014990152209450e+00
8.000000000000000000e+01 5.125867921228041801e+00 5.134053464582056137e+00 6.688126324020188029e+00 6.683954334369678563e+00
8.100000000000000000e+01 5.123502106124369959e+00 5.135093353936382776e+00 6.684081018862234380e+00 6.683675342752092519e+00
8.200000000000000000e+01 5.131727287267164428e+00 5.136226295608823378e+00 6.694210179873214983e+00 6.685161037047207877e+00
8.300000000000000000e+01 5.119505188984603272e+00 5.137507135246170087e+00 6.679182483205107879e+00 6.687673721117347370e+00
8.400000000000000000e+01 5.116556566373380299e+00 5.126753742267245784e+00 6.676292300581005534e+00 6.674612343540171189e+00
8.500000000000000000e+01 5.114900082373696755e+00 5.128385245196561470e+00 6.673178630535457678e+00 6.676426753080959564e+00
8.600000000000000000e+01 5.122278680559922748e+00 5.128812384495297749e+00 6.681313442564438709e+00 6.675813285223658688e+00
8.700000000000000000e+01 5.111327096133070569e+00 5.125998127875109667e+00 6.667689037298072385e+00 6.673204247668350853e+00
8.800000000000000000e+01 5.127926315203803931e+00 5.138347791465523784e+00 6.688678295195880530e+00 6.688823723944820721e+00
8.900000000000000000e+01 5.122840821516255971e+00 5.136372596326697071e+00 6.682530379889767502e+00 6.686577696138156668e+00
9.000000000000000000e+01 5.125640659680835931e+00 5.136207157593853267e+00 6.685943151976182719e+00 6.686207338950718615e+00
9.100000000000000000e+01 5.120988386176837714e+00 5.135948266995457701e+00 6.680385892588039276e+00 6.685739283891676266e+00
9.200000000000000000e+01 5.123595234491256534e+00 5.134311394005358409e+00 6.684437202235976372e+00 6.683551940048018558e+00
9.300000000000000000e+01 5.120620109633959416e+00 5.128867633646808422e+00 6.681032925775699738e+00 6.676648730353994310e+00
9.400000000000000000e+01 5.120512085528409862e+00 5.133003086470258935e+00 6.682360061776504878e+00 6.682744756759865901e+00
9.500000000000000000e+01 5.117538959240968133e+00 5.128957400168197900e+00 6.679192809444524315e+00 6.677244990632544841e+00
9.600000000000000000e+01 5.115542941911607855e+00 5.123131027644396873e+00 6.677154419684964815e+00 6.670311509648021442e+00
9.700000000000000000e+01 5.109248195426919104e+00 5.124880564540044148e+00 6.669036343829893632e+00 6.671852931559451250e+00
9.800000000000000000e+01 5.124820263863495207e+00 5.146653288585347319e+00 6.689525927894089286e+00 6.700126825193462032e+00
9.900000000000000000e+01 5.112279934169202456e+00 5.128713562607472021e+00 6.674184479100627065e+00 6.677679091953483415e+00
1.000000000000000000e+02 5.112813334062964898e+00 5.122322882734154703e+00 6.673897083824193111e+00 6.667798096407935304e+00
1.010000000000000000e+02 5.122080487637669322e+00 5.135798438718091496e+00 6.686729364737391990e+00 6.686014826189788707e+00
1.020000000000000000e+02 5.119164295929696351e+00 5.138794784301121688e+00 6.683858480005619107e+00 6.689801235839110127e+00
1.030000000000000000e+02 5.113281787771244424e+00 5.128675928555548325e+00 6.676896568348713146e+00 6.677438062448076472e+00
1.040000000000000000e+02 5.120801163026597713e+00 5.128732699912188941e+00 6.687087387119660775e+00 6.678593020872904518e+00
1.050000000000000000e+02 5.109397539140407396e+00 5.118525198365726503e+00 6.672229216053309209e+00 6.665226309164080654e+00
1.060000000000000000e+02 5.109532069594075132e+00 5.130709578953903893e+00 6.671097391814100774e+00 6.678922784341308372e+00
1.070000000000000000e+02 5.110374010593244698e+00 5.131790307581789001e+00 6.671849894567663419e+00 6.680558459532961457e+00
1.080000000000000000e+02 5.113179691678502614e+00 5.122715905291068239e+00 6.675265703667344397e+00 6.668256706344893203e+00
1.090000000000000000e+02 5.119456579030977394e+00 5.128757448138824948e+00 6.683360152713831326e+00 6.676071930754233996e+00
1.100000000000000000e+02 5.111254461980140107e+00 5.128824711357472310e+00 6.673682075281724302e+00 6.676525809046591320e+00
1.110000000000000000e+02 5.098384213602641601e+00 5.112413348355438814e+00 6.658621463755101999e+00 6.656538395646689921e+00
1.120000000000000000e+02 5.098964056575904458e+00 5.115602762830215866e+00 6.658736937055060423e+00 6.660381663892590787e+00
1.130000000000000000e+02 5.113973419689902933e+00 5.127858973286241628e+00 6.677562579596707515e+00 6.675436344171000513e+00
1.140000000000000000e+02 5.121529230298778046e+00 5.137594820761396619e+00 6.686856123395545914e+00 6.687634884141317571e+00
1.150000000000000000e+02 5.118495967056663432e+00 5.130574889007307959e+00 6.683047207724490235e+00 6.678986448034157419e+00
1.160000000000000000e+02 5.125558900516615779e+00 5.129336408738394582e+00 6.692556404221057242e+00 6.677061933795553905e+00
1.170000000000000000e+02 5.108231528241373276e+00 5.127721000496081594e+00 6.671358848195532154e+00 6.674909592699244776e+00
1.180000000000000000e+02 5.105005598726600979e+00 5.124568502242815349e+00 6.667010767963420292e+00 6.670886630052305755e+00
1.190000000000000000e+02 5.114344097979260262e+00 5.127165822886083468e+00 6.679243336325341396e+00 6.674086712367579999e+00
1.200000000000000000e+02 5.109842690155152134e+00 5.128998480717084085e+00 6.674638444147364069e+00 6.676923318481373215e+00
1.210000000000000000e+02 5.107216304646370553e+00 5.118424700503561020e+00 6.671093312133672626e+00 6.663319088266309365e+00
1.220000000000000000e+02 5.105999123107073601e+00 5.124308567997537978e+00 6.670183303509594985e+00 6.671123336805143467e+00
1.230000000000000000e+02 5.116795595243915251e+00 5.137947000985834123e+00 6.685397576493312677e+00 6.689817410003667142e+00
1.240000000000000000e+02 5.099066556474979528e+00 5.122299098551642338e+00 6.663181273410003769e+00 6.669933216865769232e+00
1.250000000000000000e+02 5.109402424980183710e+00 5.128437453984699523e+00 6.676888003012010131e+00 6.677133678734737288e+00
1.260000000000000000e+02 5.115149357249729078e+00 5.125677975945754028e+00 6.683974026733942253e+00 6.672830680336033993e+00
1.270000000000000000e+02 5.100345796163854750e+00 5.118895716025107845e+00 6.665773718882928911e+00 6.665073115857740760e+00
1.280000000000000000e+02 5.105640613737950417e+00 5.129981113364572742e+00 6.672763337065651612e+00 6.678453048886462184e+00
1.290000000000000000e+02 5.121164395114090162e+00 5.144930738299294148e+00 6.692821060108975040e+00 6.697029005821896419e+00
1.300000000000000000e+02 5.114195714471249765e+00 5.138460699115626973e+00 6.684299549874769930e+00 6.689700735315291524e+00
1.310000000000000000e+02 5.108497703647408628e+00 5.130044054649609997e+00 6.676259782822576483e+00 6.678438475043108724e+00
1.320000000000000000e+02 5.103151719446263890e+00 5.127141238674528090e+00 6.670151270475860983e+00 6.675391184446378467e+00
1.330000000000000000e+02 5.112820061320804577e+00 5.135742463041530037e+00 6.682022211995177763e+00 6.685999928927754965e+00
1.340000000000000000e+02 5.125539441607299906e+00 5.142576934326773319e+00 6.696487919726775928e+00 6.693025260310482061e+00
1.350000000000000000e+02 5.119803313904163211e+00 5.129344495029936724e+00 6.689040330749366881e+00 6.676632151329111586e+00
1.360000000000000000e+02 5.110291125565622039e+00 5.122350987025440006e+00 6.678050012794447099e+00 6.669848570387953757e+00
1.370000000000000000e+02 5.121932260040430229e+00 5.140808177244847954e+00 6.690936100905360284e+00 6.691293409536983816e+00
1.380000000000000000e+02 5.119015430525163168e+00 5.135769449946804954e+00 6.686696927036421378e+00 6.684774334704925103e+00
1.390000000000000000e+02 5.120804284216821323e+00 5.130117086062045750e+00 6.690555886960284582e+00 6.678831499666270766e+00
1.400000000000000000e+02 5.116810489561581576e+00 5.127965801411622948e+00 6.683578041411177395e+00 6.675453891113455995e+00
1.410000000000000000e+02 5.120916154515095187e+00 5.133904519285348300e+00 6.689392115522666771e+00 6.683550498671301909e+00
1.420000000000000000e+02 5.121008886817532968e+00 5.143432804595938990e+00 6.688856638194107695e+00 6.695748796690886628e+00
1.430000000000000000e+02 5.120844884421659415e+00 5.135654138361960719e+00 6.688125998287418383e+00 6.685365952395072142e+00
1.440000000000000000e+02 5.116538709357136838e+00 5.141525671469561409e+00 6.682345086408998824e+00 6.692758754576458635e+00
1.450000000000000000e+02 5.134716025502413572e+00 5.143120264674641895e+00 6.704509823900137278e+00 6.694110966083673731e+00
1.460000000000000000e+02 5.128931371622611479e+00 5.141310344762001883e+00 6.696571037634610590e+00 6.691017060208026557e+00
1.470000000000000000e+02 5.123583944531799439e+00 5.139783103522553631e+00 6.690420081147149034e+00 6.690504321610223570e+00
1.480000000000000000e+02 5.130317517940610195e+00 5.146098830775585498e+00 6.697042219987642930e+00 6.696434023106963451e+00
1.490000000000000000e+02 5.131948298603306924e+00 5.148171482335826887e+00 6.700343516774677433e+00 6.700204101777837096e+00
1.500000000000000000e+02 5.137293484488733242e+00 5.148263650330989982e+00 6.710115768580168449e+00 6.704031512568700890e+00
1.510000000000000000e+02 5.126250210836539090e+00 5.144311337292251984e+00 6.694167655204754652e+00 6.696610277733090477e+00
1.520000000000000000e+02 5.131463828989324405e+00 5.139372866016949537e+00 6.699384262218305963e+00 6.688591016516216570e+00
1.530000000000000000e+02 5.120938896402898344e+00 5.143105367357157398e+00 6.686007613358277091e+00 6.693569231570428713e+00
1.540000000000000000e+02 5.123700856960404337e+00 5.137669772990212991e+00 6.689929199955624739e+00 6.686814963378560073e+00
1.550000000000000000e+02 5.119996465540862296e+00 5.139885442619101852e+00 6.685277389209359100e+00 6.689745581251298923e+00
1.560000000000000000e+02 5.122886946445647460e+00 5.137020824392334539e+00 6.689783936587677893e+00 6.686781573198843809e+00
1.570000000000000000e+02 5.127313881709159915e+00 5.143314048551477669e+00 6.694151556696804839e+00 6.693641058925992482e+00
1.580000000000000000e+02 5.124584354263309827e+00 5.147849731458520317e+00 6.689349594605672245e+00 6.697856133767793096e+00
1.590000000000000000e+02 5.118663489967634206e+00 5.132187493240262910e+00 6.682130474242836904e+00 6.678812276891798128e+00
1.600000000000000000e+02 5.119626582942984783e+00 5.137458606922178816e+00 6.684621380902117771e+00 6.686513226238291807e+00
1.610000000000000000e+02 5.123343068541531764e+00 5.133602146111615916e+00 6.691498007718538865e+00 6.683699764865353998e+00
1.620000000000000000e+02 5.127422067231745650e+00 5.144402384897261093e+00 6.695716684702843757e+00 6.696510338582768895e+00
1.630000000000000000e+02 5.122851873547228152e+00 5.137213088629525082e+00 6.689641400127173121e+00 6.686934997748717358e+00
1.640000000000000000e+02 5.118679985692554446e+00 5.132999802284897939e+00 6.684488534025070372e+00 6.681656653393757139e+00
1.650000000000000000e+02 5.119351998323924846e+00 5.138319605954285940e+00 6.685234703110285004e+00 6.688983003401560268e+00
1.660000000000000000e+02 5.117083636155859594e+00 5.136795725129599255e+00 6.682511884531602497e+00 6.686407686726801636e+00
1.670000000000000000e+02 5.135662863703931436e+00 5.152571432875685531e+00 6.704089732843774740e+00 6.705213389835884996e+00
1.680000000000000000e+02 5.129652629940308906e+00 5.148508208008059306e+00 6.696869885870850858e+00 6.700829669596336302e+00
1.690000000000000000e+02 5.127593032850380261e+00 5.143280738547534092e+00 6.694328049285730664e+00 6.693740280527231690e+00
1.700000000000000000e+02 5.125382892267432489e+00 5.136976702638983205e+00 6.690052367053609395e+00 6.684710034329095052e+00
1.710000000000000000e+02 5.122237998598038189e+00 5.136281785073395056e+00 6.686773564034849571e+00 6.683987963064157434e+00
1.720000000000000000e+02 5.124341399883302728e+00 5.143419752798966904e+00 6.689442968608693363e+00 6.693731630717227432e+00
1.730000000000000000e+02 5.125247958422231243e+00 5.135535623426602747e+00 6.690738550046253508e+00 6.683848392255691273e+00
1.740000000000000000e+02 5.127631950016350082e+00 5.142578134289507830e+00 6.693744679096484518e+00 6.693017089831542421e+00
1.750000000000000000e+02 5.135700100278665303e+00 5.145434426930074245e+00 6.703214319800536281e+00 6.695795161677587259e+00
1.760000000000000000e+02 5.128412068079460262e+00 5.141466095973151518e+00 6.693893946980071341e+00 6.690841368975882553e+00
1.770000000000000000e+02 5.125808421763004219e+00 5.140571870504338392e+00 6.689027599914648015e+00 6.687875200398845088e+00
1.780000000000000000e+02 5.116757640490114056e+00 5.126667176301617168e+00 6.680184415535121545e+00 6.673115199190306157e+00
1.790000000000000000e+02 5.123073849579874661e+00 5.136112742412548116e+00 6.687137518692070515e+00 6.683762145992255377e+00
1.800000000000000000e+02 5.119400446074686251e+00 5.136862509181017167e+00 6.682568583695123188e+00 6.685257122630848592e+00
1.810000000000000000e+02 5.117886253786885220e+00 5.123354685116206397e+00 6.681461096786326159e+00 6.668123936693997500e+00
1.820000000000000000e+02 5.111573409473547436e+00 5.133075395219663939e+00 6.672169555633950644e+00 6.679893892797283073e+00
1.830000000000000000e+02 5.113591447509434396e+00 5.126305788324470925e+00 6.675491676049264633e+00 6.671592919829071100e+00
1.840000000000000000e+02 5.113237903695806885e+00 5.127386753576868017e+00 6.675303330797345502e+00 6.673879862798298035e+00
1.850000000000000000e+02 5.120624191859600494e+00 5.139754597910790146e+00 6.683820681570739275e+00 6.688134654542815305e+00
1.860000000000000000e+02 5.108368300725020461e+00 5.125757253541197045e+00 6.670255130872313920e+00 6.672254359650920286e+00
1.870000000000000000e+02 5.116415631356134419e+00 5.131742340268588443e+00 6.680114593590773531e+00 6.679180714062220581e+00
1.880000000000000000e+02 5.111181110031038699e+00 5.132401620126778141e+00 6.672087157829982296e+00 6.678952571621357137e+00
1.890000000000000000e+02 5.111952017248186486e+00 5.122793900386063193e+00 6.674409101227067431e+00 6.667948964914330645e+00
1.900000000000000000e+02 5.123567526563059360e+00 5.128498472493165927e+00 6.688498522119062706e+00 6.674608253575162742e+00
1.910000000000000000e+02 5.114071033055876292e+00 5.137272266809398857e+00 6.677440297381920686e+00 6.686460536403191490e+00
1.920000000000000000e+02 5.116373265615559163e+00 5.131659060484556889e+00 6.679676796098108937e+00 6.678502054154239254e+00
1.930000000000000000e+02 5.126039206029596507e+00 5.144044517824807095e+00 6.689872504698951339e+00 6.692645128069838023e+00
1.940000000000000000e+02 5.121393340373674441e+00 5.139746105112034336e+00 6.684796838535439711e+00 6.688798892759643344e+00
1.950000000000000000e+02 5.123207817662828845e+00 5.136933378878548062e+00 6.687523491198682279e+00 6.685603622536349988e+00
1.960000000000000000e+02 5.120946744059290623e+00 5.128277299640712883e+00 6.685321103607460458e+00 6.675267060173693423e+00
1.970000000000000000e+02 5.115036529524180864e+00 5.130543015110248461e+00 6.677832359118650807e+00 6.678272144614733286e+00
1.980000000000000000e+02 5.121196907004834209e+00 5.129983354354280323e+00 6.684489172489377573e+00 6.676818251626350786e+00
1.990000000000000000e+02 5.114944200441923883e+00 5.137162879214669076e+00 6.674963881871451399e+00 6.685095281419991764e+00
2.000000000000000000e+02 5.128928328783302071e+00 5.141492922927373144e+00 6.692512278409218140e+00 6.690024654175092067e+00
2.010000000000000000e+02 5.119626020821939960e+00 5.133542326702156267e+00 6.680620834855541368e+00 6.679896051507293819e+00
2.020000000000000000e+02 5.109183170021666776e+00 5.125605024121619557e+00 6.667521901520726324e+00 6.669712036012708012e+00
2.030000000000000000e+02 5.115070485805774503e+00 5.133587890247627961e+00 6.674788357012850781e+00 6.679305233540437037e+00
2.040000000000000000e+02 5.122532522201992400e+00 5.141042403533458760e+00 6.684075887561991891e+00 6.689111758977693611e+00
2.050000000000000000e+02 5.125516618273913139e+00 5.146450691415886070e+00 6.688192544331981182e+00 6.696025622911723651e+00
2.060000000000000000e+02 5.125009486095973621e+00 5.138603558497583101e+00 6.687086745434609902e+00 6.685970537965860494e+00
2.070000000000000000e+02 5.109886658183891761e+00 5.137545810185789819e+00 6.667793779062018089e+00 6.684006858335835410e+00
2.080000000000000000e+02 5.114708370742896193e+00 5.139161699779109860e+00 6.676227832984897859e+00 6.688017974782918706e+00
2.090000000000000000e+02 5.116339073673345617e+00 5.137130289396971250e+00 6.678023345955614865e+00 6.684979172020874216e+00
2.100000000000000000e+02 5.129249120510126936e+00 5.148268777190391887e+00 6.694569326083719574e+00 6.698467047856805578e+00
2.110000000000000000e+02 5.127274165812884199e+00 5.144242149243028805e+00 6.691457814404166093e+00 6.692468074460948380e+00
2.120000000000000000e+02 5.127214185726232110e+00 5.141141858899549000e+00 6.693004839613347912e+00 6.690123783871214869e+00
2.130000000000000000e+02 5.129452117644148323e+00 5.142314279369799124e+00 6.695746074507258783e+00 6.691373649094985332e+00
2.140000000000000000e+02 5.121392378046724758e+00 5.137536924594598098e+00 6.684539864735408621e+00 6.684687688919607851e+00
2.150000000000000000e+02 5.123633592930892711e+00 5.135947061410106151e+00 6.687251150100579800e+00 6.682045190382097211e+00
2.160000000000000000e+02 5.139206945154894512e+00 5.147262365805588047e+00 6.707174507187350088e+00 6.696075606431733718e+00
2.170000000000000000e+02 5.124489381761668128e+00 5.145396708931412988e+00 6.688012129024900609e+00 6.694074199818291326e+00
2.180000000000000000e+02 5.126712819958553879e+00 5.144628124221928722e+00 6.690672565834595353e+00 6.691948528517660755e+00
2.190000000000000000e+02 5.119458500238315501e+00 5.141264060576311579e+00 6.683725627703389627e+00 6.689779374322148087e+00
2.200000000000000000e+02 5.133205198564775529e+00 5.143622590820061014e+00 6.701055011492047520e+00 6.692185565109623369e+00
2.210000000000000000e+02 5.111725077631970926e+00 5.129453238493600686e+00 6.673832460109641040e+00 6.674595600194155764e+00
2.220000000000000000e+02 5.112384275605163175e+00 5.128763930030109108e+00 6.675138050095144493e+00 6.673884107026688106e+00
2.230000000000000000e+02 5.123295666120519343e+00 5.150136347225473088e+00 6.687656828397563480e+00 6.699958658142270984e+00
2.240000000000000000e+02 5.123689005620533976e+00 5.140223850307214626e+00 6.689784739536859703e+00 6.688216327705386099e+00
2.250000000000000000e+02 5.120475487575389728e+00 5.143745906679123792e+00 6.684942656044293940e+00 6.692250259941343593e+00
2.260000000000000000e+02 5.109624959132031741e+00 5.127660060255990082e+00 6.670823763509433846e+00 6.672221047763896351e+00
2.270000000000000000e+02 5.117461282427055558e+00 5.136800289651311857e+00 6.679930165586891455e+00 6.682570503228945746e+00
2.280000000000000000e+02 5.119502943287191243e+00 5.140708401246844694e+00 6.682262920702851439e+00 6.687685171082395463e+00
2.290000000000000000e+02 5.108190528578179013e+00 5.129758094833698934e+00 6.667069704266767260e+00 6.672750281069384393e+00
2.300000000000000000e+02 5.102166362700174318e+00 5.123112689727161495e+00 6.661654340696540721e+00 6.665491127413273986e+00
2.310000000000000000e+02 5.111428307767147849e+00 5.134277200191859514e+00 6.673343339068986246e+00 6.678926226162092306e+00
2.320000000000000000e+02 5.102895470282383883e+00 5.126003252134465171e+00 6.661802245303611869e+00 6.668044732981935674e+00
2.330000000000000000e+02 5.115972237149470025e+00 5.130968951384018872e+00 6.679559403098194181e+00 6.675296128140162821e+00
2.340000000000000000e+02 5.118884262677081409e+00 5.134338380357376330e+00 6.683170045203096876e+00 6.679734216060431606e+00
2.350000000000000000e+02 5.107429307858958545e+00 5.125559300107616068e+00 6.669020562888886339e+00 6.669191448939509215e+00
2.360000000000000000e+02 5.112461074365098668e+00 5.120629641587631120e+00 6.674864672423696632e+00 6.662656044550210765e+00
2.370000000000000000e+02 5.106127644848783120e+00 5.124224169676831586e+00 6.668277437834553290e+00 6.668212985431027917e+00
2.380000000000000000e+02 5.106985602259059398e+00 5.124673723471715903e+00 6.668320770897273597e+00 6.667908603161732728e+00
2.390000000000000000e+02 5.097201385579008814e+00 5.120223085980390998e+00 6.656147289586473725e+00 6.662428139902868196e+00
2.400000000000000000e+02 5.092493859808757684e+00 5.103294500479001350e+00 6.650461267367910878e+00 6.641487635735745521e+00
2.410000000000000000e+02 5.089328630682389942e+00 5.110039284455038633e+00 6.645218878386524253e+00 6.649453964852129140e+00
2.420000000000000000e+02 5.091223664035589458e+00 5.108419953320100682e+00 6.647766791918298779e+00 6.646962575011103880e+00
2.430000000000000000e+02 5.100499067373736040e+00 5.125046243607048524e+00 6.660108197820153286e+00 6.668877945949622799e+00
2.440000000000000000e+02 5.095435673226544004e+00 5.116188928981833861e+00 6.653891010789206639e+00 6.658045539669942059e+00
2.450000000000000000e+02 5.092628231305750930e+00 5.109048883109871930e+00 6.649946367635582334e+00 6.648057081781041155e+00
2.460000000000000000e+02 5.107796705479559662e+00 5.117510612690300498e+00 6.670122440241810224e+00 6.658479725745417355e+00
2.470000000000000000e+02 5.102594858792169674e+00 5.115836266514516950e+00 6.663218907632329824e+00 6.657081959121977199e+00
2.480000000000000000e+02 5.097957960883419126e+00 5.117224735414924730e+00 6.656424682870781595e+00 6.658127221965679965e+00
2.490000000000000000e+02 5.106213890441753556e+00 5.128331269631248190e+00 6.668062512616067750e+00 6.673715941772176308e+00
2.500000000000000000e+02 5.102507575597315714e+00 5.126872974476502698e+00 6.663236287492074972e+00 6.671287732930180958e+00
2.510000000000000000e+02 5.104581186679750360e+00 5.119255184308551421e+00 6.665837863372107819e+00 6.661409060453459929e+00
2.520000000000000000e+02 5.097655506596876052e+00 5.111935522061039627e+00 6.657033274709138304e+00 6.651831719211324767e+00
2.530000000000000000e+02 5.099905769611511985e+00 5.116320017889447236e+00 6.659291476626278516e+00 6.657320435865181629e+00
2.540000000000000000e+02 5.109296718622775124e+00 5.123958229288411381e+00 6.670508811916554315e+00 6.666320814621685464e+00
2.550000000000000000e+02 5.110423095824222273e+00 5.126954255697008023e+00 6.671851731105764571e+00 6.670582650099044386e+00
2.560000000000000000e+02 5.110859601426009036e+00 5.127338148978975774e+00 6.673180231836455256e+00 6.671624548050839820e+00
2.570000000000000000e+02 5.106601707992413530e+00 5.117159634136478452e+00 6.667716177405782041e+00 6.659214286594873577e+00
2.580000000000000000e+02 5.110465695895221927e+00 5.124149534066884115e+00 6.671947822139818740e+00 6.667061615585011758e+00
2.590000000000000000e+02 5.118333730199115195e+00 5.138377018842598787e+00 6.682492828354346770e+00 6.686342020868503155e+00
2.600000000000000000e+02 5.117897063939713220e+00 5.126266471095181743e+00 6.681008574887425056e+00 6.670009537407715072e+00
2.610000000000000000e+02 5.105861466875926347e+00 5.128965244996489758e+00 6.666025561844965530e+00 6.673667895476795842e+00
2.620000000000000000e+02 5.107662415002021561e+00 5.125396104813580322e+00 6.667652110057706416e+00 6.668655492601379464e+00
2.630000000000000000e+02 5.100849564412248682e+00 5.119697772789471912e+00 6.661495544457749496e+00 6.663724917527508396e+00
2.640000000000000000e+02 5.120033699834952046e+00 5.129924256394652105e+00 6.685662640818982538e+00 6.675579041247861944e+00
2.650000000000000000e+02 5.114984081147886386e+00 5.128385482989081368e+00 6.677964172968615664e+00 6.672727379148772897e+00
2.660000000000000000e+02 5.106945722288858569e+00 5.130288128904665790e+00 6.667202317303276615e+00 6.674477725645862058e+00
2.670000000000000000e+02 5.108687890379257190e+00 5.134732201310180599e+00 6.670539167101820155e+00 6.681431629232982061e+00
2.680000000000000000e+02 5.116819137977805632e+00 5.131656017176934981e+00 6.681639350204144456e+00 6.677766856222240754e+00
2.690000000000000000e+02 5.114154953334534959e+00 5.127542105667587613e+00 6.678259814547304885e+00 6.672151859943628693e+00
2.700000000000000000e+02 5.121909517724012595e+00 5.135257832116349341e+00 6.685580875749616681e+00 6.680158228450564728e+00
2.710000000000000000e+02 5.120624108845993838e+00 5.132329550703766508e+00 6.685192413644228893e+00 6.677617110163935443e+00
2.720000000000000000e+02 5.111562839571725192e+00 5.121635253198269844e+00 6.674556444844134795e+00 6.665748972677481454e+00
2.730000000000000000e+02 5.112608413264224438e+00 5.128932738425755922e+00 6.673710577756541085e+00 6.673087580109679173e+00
2.740000000000000000e+02 5.105683855470243060e+00 5.116515967585643310e+00 6.665304380584084143e+00 6.657857839270784339e+00
2.750000000000000000e+02 5.108334747841785095e+00 5.125658837939874424e+00 6.670462612650918999e+00 6.670228783518601823e+00
2.760000000000000000e+02 5.107718954862213501e+00 5.122827371812914699e+00 6.669118351432349989e+00 6.666099558710482320e+00
2.770000000000000000e+02 5.094320351479959541e+00 5.109546649560336107e+00 6.651473053313286421e+00 6.648661118206800502e+00
2.780000000000000000e+02 5.094983475018389107e+00 5.109045518905875660e+00 6.653423355917511550e+00 6.649700202363961310e+00
2.790000000000000000e+02 5.096075653578160392e+00 5.118435026775083330e+00 6.652759745963450655e+00 6.660443394994033817e+00
2.800000000000000000e+02 5.098784842764957581e+00 5.119690486318787315e+00 6.656406584306032492e+00 6.661746668895497159e+00
2.810000000000000000e+02 5.096755992623752007e+00 5.116268607048149342e+00 6.654032825349078806e+00 6.657841982807736869e+00
2.820000000000000000e+02 5.110157235299686462e+00 5.123506430968932435e+00 6.669644852857034678e+00 6.666028049324967952e+00
2.830000000000000000e+02 5.100717276863458771e+00 5.116923322997383394e+00 6.658137550663963289e+00 6.658337347242402338e+00
2.840000000000000000e+02 5.097819425415899275e+00 5.110659087332424910e+00 6.654164876184437638e+00 6.650587153368902271e+00
2.850000000000000000e+02 5.108623746073159388e+00 5.120681370421568346e+00 6.666168579102357050e+00 6.661641772506618153e+00
2.860000000000000000e+02 5.109179565436592796e+00 5.118842705009146954e+00 6.668250369844019865e+00 6.660378537272200639e+00
2.870000000000000000e+02 5.100304318731185838e+00 5.113970135589663180e+00 6.655856771320762810e+00 6.654127797217737950e+00
2.880000000000000000e+02 5.110139619545920553e+00 5.125104220584234760e+00 6.667997648924789189e+00 6.667917250307011656e+00
2.890000000000000000e+02 5.101621835967440788e+00 5.123149124008646638e+00 6.657518630007801974e+00 6.665872376992006743e+00
2.900000000000000000e+02 5.113291557489364259e+00 5.125164516535971160e+00 6.672496836820626775e+00 6.668808914628283624e+00
2.910000000000000000e+02 5.116410743451529797e+00 5.125486351745161429e+00 6.675002559617252196e+00 6.667850706147110174e+00
2.920000000000000000e+02 5.104414305706390209e+00 5.123927797829454178e+00 6.661237698190838330e+00 6.668092058433958691e+00
2.930000000000000000e+02 5.111855522262803930e+00 5.122296777609533613e+00 6.668751018885288318e+00 6.663742300542628172e+00
2.940000000000000000e+02 5.111566763950400549e+00 5.123937811325021130e+00 6.668766558065181371e+00 6.665802553255932850e+00
2.950000000000000000e+02 5.104380429738137437e+00 5.118549058934029894e+00 6.660592501986817737e+00 6.660192593597003885e+00
2.960000000000000000e+02 5.115004897443283127e+00 5.127427433144713831e+00 6.673481631909838008e+00 6.670901757758815442e+00
2.970000000000000000e+02 5.105425046352661589e+00 5.118990846460067523e+00 6.660990256531982290e+00 6.660202040255592593e+00
2.980000000000000000e+02 5.120567338045429295e+00 5.135838154216824769e+00 6.680527311712286753e+00 6.682278855310485710e+00
2.990000000000000000e+02 5.135948580143729458e+00 5.139218873593273784e+00 6.699738685988998910e+00 6.686678904750896102e+00
3.000000000000000000e+02 5.114581048180404821e+00 5.129328798013921720e+00 6.672715208502315143e+00 6.674160215905483362e+00
3.010000000000000000e+02 5.120843444261241828e+00 5.136662554323137009e+00 6.680475577414997979e+00 6.683109505575123066e+00
3.020000000000000000e+02 5.120285142745125029e+00 5.132893777008598057e+00 6.679253425530872867e+00 6.678343576031473106e+00
3.030000000000000000e+02 5.127226196111561940e+00 5.134125534912396205e+00 6.687487774503583005e+00 6.678642913554544869e+00
3.040000000000000000e+02 5.112318615225107443e+00 5.124687256431010418e+00 6.669226690671232305e+00 6.667808425134955641e+00
3.050000000000000000e+02 5.111487967045431624e+00 5.127498063308610021e+00 6.668011180124320703e+00 6.670561749707197841e+00
3.060000000000000000e+02 5.106333525791849404e+00 5.124874876908350529e+00 6.661551999989003825e+00 6.667746200989248528e+00
3.070000000000000000e+02 5.122010734738780435e+00 5.134182386415879762e+00 6.682246900896101849e+00 6.679738855007089526e+00
3.080000000000000000e+02 5.117546885441024429e+00 5.124149214339394298e+00 6.676775327950805305e+00 6.667627128555218441e+00
3.090000000000000000e+02 5.128283221854596619e+00 5.144887174455171852e+00 6.688469051640775653e+00 6.692282211784081447e+00
3.100000000000000000e+02 5.122367481961525471e+00 5.134506302860842197e+00 6.680040830997316270e+00 6.677933017861536591e+00
3.110000000000000000e+02 5.120670715127192629e+00 5.129004323768851847e+00 6.680065974614302959e+00 6.673193033963219278e+00
3.120000000000000000e+02 5.105031383868089634e+00 5.119810281809836106e+00 6.659497679426495509e+00 6.661473040627855724e+00
3.130000000000000000e+02 5.103291454429465190e+00 5.116932211470537339e+00 6.658135388176966707e+00 6.658084219944034210e+00
3.140000000000000000e+02 5.110693917377689743e+00 5.130386705114908352e+00 6.666346037773990929e+00 6.674334787469482499e+00
3.150000000000000000e+02 5.128615945395261555e+00 5.143333988350581976e+00 6.687958955583062526e+00 6.690146851100950087e+00
3.160000000000000000e+02 5.112491981229575266e+00 5.118222501949760250e+00 6.668607441805581182e+00 6.659157663870439059e+00
3.170000000000000000e+02 5.121845375806598710e+00 5.129228381800649217e+00 6.680004716761355432e+00 6.672439099721510836e+00
3.180000000000000000e+02 5.118830452258738894e+00 5.123918027862517377e+00 6.675737758509776576e+00 6.665428979549436583e+00
3.190000000000000000e+02 5.104184559150025002e+00 5.116756920302800715e+00 6.657049124379034843e+00 6.656486259009540163e+00
3.200000000000000000e+02 5.121814464933318156e+00 5.126057705049710478e+00 6.678762543183768052e+00 6.668152758436957761e+00
3.210000000000000000e+02 5.112227324224730474e+00 5.125188463012153584e+00 6.666831949226571297e+00 6.667119273535902835e+00
3.220000000000000000e+02 5.108561130055711885e+00 5.129345453286694223e+00 6.662366240200221057e+00 6.672915239660986764e+00
3.230000000000000000e+02 5.110280155303501992e+00 5.128078787760533608e+00 6.665647434828033902e+00 6.672198388162651206e+00
3.240000000000000000e+02 5.118746370836226411e+00 5.126451047443391751e+00 6.675482549959169454e+00 6.669127710995879532e+00
3.250000000000000000e+02 5.103541217421045495e+00 5.122164245599636345e+00 6.656401778388540968e+00 6.664864748179012643e+00
3.260000000000000000e+02 5.111981405193141370e+00 5.130738165004073537e+00 6.666779657387316149e+00 6.675586165798154781e+00
3.270000000000000000e+02 5.122173775090610448e+00 5.127801957366851404e+00 6.679062438857953588e+00 6.671161532925778737e+00
3.280000000000000000e+02 5.110297052793188577e+00 5.123086024071123568e+00 6.663036970965848127e+00 6.664176084864857685e+00
3.290000000000000000e+02 5.125012850221310146e+00 5.127324295712796243e+00 6.681525882454545595e+00 6.669613787139859085e+00
3.300000000000000000e+02 5.117726579938672415e+00 5.128734220787531939e+00 6.672321222992526835e+00 6.671861893441955793e+00
3.310000000000000000e+02 5.110815716637588046e+00 5.113754329517591124e+00 6.663377143859887219e+00 6.653233331782322679e+00
3.320000000000000000e+02 5.119371457567646111e+00 5.128847289659898223e+00 6.673774804354454027e+00 6.672056401510164214e+00
3.330000000000000000e+02 5.101680368986909464e+00 5.113200349366521458e+00 6.650723913614737803e+00 6.651346045426220321e+00
3.340000000000000000e+02 5.125324913576640107e+00 5.137117635565993545e+00 6.681291975300165831e+00 6.682193250924838068e+00
3.350000000000000000e+02 5.122844747449110336e+00 5.138269631583845864e+00 6.677186691779869676e+00 6.683223051540253756e+00
3.360000000000000000e+02 5.126680627667188794e+00 5.135282414693256747e+00 6.683013011225297006e+00 6.679860975900367315e+00
3.370000000000000000e+02 5.121256803555382930e+00 5.132747635904731709e+00 6.676419697019527533e+00 6.676747300340760916e+00
3.380000000000000000e+02 5.107930916106908192e+00 5.118465617144567936e+00 6.659687061319918833e+00 6.659637410315861317e+00
3.390000000000000000e+02 5.119504304086589741e+00 5.131458142990057425e+00 6.674172787294578413e+00 6.676160164064834035e+00
3.400000000000000000e+02 5.112130272007582299e+00 5.131858530054621781e+00 6.662990766617268967e+00 6.674545626109761542e+00
3.410000000000000000e+02 5.110031110729019943e+00 5.119179431503452449e+00 6.660324155917530575e+00 6.658713793075079934e+00
3.420000000000000000e+02 5.113838969647962251e+00 5.125533355983394657e+00 6.665309107186276449e+00 6.667501722602882985e+00
3.430000000000000000e+02 5.125689905064501950e+00 5.131709587470168366e+00 6.680353373847900400e+00 6.675170960309196211e+00
3.440000000000000000e+02 5.127450976716225739e+00 5.136375959244133149e+00 6.683805707595072754e+00 6.682621195959142391e+00
3.450000000000000000e+02 5.105115703594518273e+00 5.116515646624184122e+00 6.654676171681461305e+00 6.656065609728585741e+00
3.460000000000000000e+02 5.127891084723189330e+00 5.137209005574785436e+00 6.683210088619154554e+00 6.682359496165582335e+00
3.470000000000000000e+02 5.125103016584420246e+00 5.130190833300702913e+00 6.679483007084571433e+00 6.673422534131379535e+00
3.480000000000000000e+02 5.118721944470053131e+00 5.125909082093687452e+00 6.671101470418208557e+00 6.667674454626095759e+00
3.490000000000000000e+02 5.128880841105416977e+00 5.136672163100663546e+00 6.683368154173141562e+00 6.680638293739556310e+00
3.500000000000000000e+02 5.112564051259804287e+00 5.126580771813598503e+00 6.662478983836551905e+00 6.668276076910691685e+00
3.510000000000000000e+02 5.120567255246582405e+00 5.130926667685205445e+00 6.672379277065290992e+00 6.673810593237884170e+00
3.520000000000000000e+02 5.114934589753477034e+00 5.126777280997028896e+00 6.664279696501295369e+00 6.666900892264594702e+00
3.530000000000000000e+02 5.113731983870775544e+00 5.116199339594188267e+00 6.664462276963634579e+00 6.655983689522636304e+00
3.540000000000000000e+02 5.115289497483699321e+00 5.129758017190449770e+00 6.665463978952002044e+00 6.672562583314183726e+00
3.550000000000000000e+02 5.107946291274480188e+00 5.117054250863258602e+00 6.656227767458866573e+00 6.656648901957432862e+00
3.560000000000000000e+02 5.108243219362289977e+00 5.119503904006018402e+00 6.655814244137397750e+00 6.659021608216728616e+00
3.570000000000000000e+02 5.121800292456935466e+00 5.134744772375779753e+00 6.672897464322697481e+00 6.678758459005357473e+00
3.580000000000000000e+02 5.123588428653404137e+00 5.132599090760524341e+00 6.674370663588644170e+00 6.675028421478627294e+00
3.590000000000000000e+02 5.109500200368747969e+00 5.123862214078371835e+00 6.657963863848602948e+00 6.666189402191062818e+00
3.600000000000000000e+02 5.120077901948127952e+00 5.129505208418364326e+00 6.671645685053848140e+00 6.673100540691879523e+00
3.610000000000000000e+02 5.117826435091401116e+00 5.122093856445270710e+00 6.667532948393732006e+00 6.663085330591729694e+00
3.620000000000000000e+02 5.112334947127124885e+00 5.119842954258956524e+00 6.661214226080698353e+00 6.660368925041564303e+00
3.630000000000000000e+02 5.114242239543191459e+00 5.116636080973787415e+00 6.663374256911174243e+00 6.656616861989888001e+00
3.640000000000000000e+02 5.115133985203080158e+00 5.122294452298146616e+00 6.664238700772106228e+00 6.663422862545204772e+00
3.650000000000000000e+02 5.118978274779613535e+00 5.123729526226685316e+00 6.668481237775413462e+00 6.664961806506590314e+00
3.660000000000000000e+02 5.104044745525995630e+00 5.111326373987440164e+00 6.648636442796076906e+00 6.648223726256379251e+00
3.670000000000000000e+02 5.114884946444832714e+00 5.119050267266255005e+00 6.662713058779741182e+00 6.658505111792803355e+00
3.680000000000000000e+02 5.111058753180507175e+00 5.120140603515157096e+00 6.658470118556266470e+00 6.660490004116443430e+00
3.690000000000000000e+02 5.112609615335132141e+00 5.123070006670354282e+00 6.660383179019054189e+00 6.664368829103570313e+00
3.700000000000000000e+02 5.110364638000146620e+00 5.114406401471836894e+00 6.657224980505476175e+00 6.653444335854584502e+00
3.710000000000000000e+02 5.111407170996990601e+00 5.119360007701485138e+00 6.658417827028124236e+00 6.659220128976009789e+00
3.720000000000000000e+02 5.107769320524668366e+00 5.112815335890193325e+00 6.653518006327101553e+00 6.651443820971095100e+00
3.730000000000000000e+02 5.101510206410997839e+00 5.104837837543189316e+00 6.644881020217719758e+00 6.639925791586796855e+00
3.740000000000000000e+02 5.102333966667900178e+00 5.111928714884966141e+00 6.647184629054511795e+00 6.651033900026535939e+00
3.750000000000000000e+02 5.109999483158070177e+00 5.117248436663747846e+00 6.657156512773159562e+00 6.657825404113714818e+00
3.760000000000000000e+02 5.100080821292431565e+00 5.108316094515718220e+00 6.643912319115930387e+00 6.645717845300147530e+00
3.770000000000000000e+02 5.106867726566994392e+00 5.115989774699752246e+00 6.652377776078890470e+00 6.655405442043936581e+00
3.780000000000000000e+02 5.101563538219680005e+00 5.102591819275830609e+00 6.644984080482766231e+00 6.637968444580040206e+00
3.790000000000000000e+02 5.095727236626556689e+00 5.107500177894426230e+00 6.638615872132369589e+00 6.645230879620882547e+00
3.800000000000000000e+02 5.092978731220775934e+00 5.107466626352696437e+00 6.634427870244997472e+00 6.644814796182338945e+00
3.810000000000000000e+02 5.112270968825046502e+00 5.122680026924530949e+00 6.658730931907731687e+00 6.663254219092991093e+00
3.820000000000000000e+02 5.111356241102317455e+00 5.124000187239220239e+00 6.657134734605728354e+00 6.665162158608653797e+00
3.830000000000000000e+02 5.108733137197772223e+00 5.121534836519854750e+00 6.654468456638605645e+00 6.662485470769079043e+00
3.840000000000000000e+02 5.108857494313038927e+00 5.117929656699159224e+00 6.655040527074421952e+00 6.658245171378007754e+00
3.850000000000000000e+02 5.112466834962215323e+00 5.119261909213972395e+00 6.659537630371119121e+00 6.660056698018576249e+00
3.860000000000000000e+02 5.128815256108004483e+00 5.137866440990310757e+00 6.680007192449950004e+00 6.682955592110727316e+00
3.870000000000000000e+02 5.124957915060878832e+00 5.130460935393161392e+00 6.675235661967801271e+00 6.674066121677077135e+00
3.880000000000000000e+02 5.131589951196681376e+00 5.140390250240861825e+00 6.682673318772752502e+00 6.685640531688711974e+00
3.890000000000000000e+02 5.122076079535287541e+00 5.124023250000984575e+00 6.671876787193452785e+00 6.666100594701496185e+00
3.900000000000000000e+02 5.122051737413132244e+00 5.133400346184217256e+00 6.671662741924742512e+00 6.678503486957718671e+00
3.910000000000000000e+02 5.116863985087178435e+00 5.126663892667599143e+00 6.664194820506436301e+00 6.668874501293402979e+00
3.920000000000000000e+02 5.116584431372037223e+00 5.117488594198452923e+00 6.663435274158446830e+00 6.656906357457716084e+00
3.930000000000000000e+02 5.119116171016775851e+00 5.122263141241905515e+00 6.667239551691292121e+00 6.663747017141083973e+00
3.940000000000000000e+02 5.109035266828884758e+00 5.112090952763097107e+00 6.655137982211936531e+00 6.651626078371891460e+00
3.950000000000000000e+02 5.122805909419051673e+00 5.131424992417135122e+00 6.672218163932329915e+00 6.675677697047922798e+00
3.960000000000000000e+02 5.123952861401344983e+00 5.130885911059811733e+00 6.671992902071877118e+00 6.673136661898708688e+00
3.970000000000000000e+02 5.107840909016807096e+00 5.115806798669718880e+00 6.651746276097067145e+00 6.654718375268344310e+00
3.980000000000000000e+02 5.109621114873913683e+00 5.118804505436507668e+00 6.655361319058549441e+00 6.660229026073657188e+00
3.990000000000000000e+02 5.110230826892230738e+00 5.118744285424161156e+00 6.655539573840520085e+00 6.659701227837475201e+00
4.000000000000000000e+02 5.118667254831636093e+00 5.123224475198134620e+00 6.667540643936241018e+00 6.666494819786639603e+00
4.010000000000000000e+02 5.126150914759513455e+00 5.124728014017377653e+00 6.675795252227562315e+00 6.667055126293098155e+00
4.020000000000000000e+02 5.124140645586278353e+00 5.127796992226774542e+00 6.673825093545197262e+00 6.671874787996085132e+00
4.030000000000000000e+02 5.136271532366979642e+00 5.137997529176342226e+00 6.689925349697254831e+00 6.685385805143971183e+00
4.040000000000000000e+02 5.112624509480996338e+00 5.120996633334386594e+00 6.659584639405211171e+00 6.663645400318904954e+00
4.050000000000000000e+02 5.115727361053189703e+00 5.126745492181531638e+00 6.663489570210753499e+00 6.670961177432223721e+00
4.060000000000000000e+02 5.124630639755963557e+00 5.130476391238850020e+00 6.674116414984375467e+00 6.674692254347428744e+00
4.070000000000000000e+02 5.113659515697554170e+00 5.123881512390014770e+00 6.660553748696967702e+00 6.666760518375405731e+00
4.080000000000000000e+02 5.116564971639130377e+00 5.118697922861771943e+00 6.664713559371886475e+00 6.660863326600391154e+00
4.090000000000000000e+02 5.110968024510171404e+00 5.122506500061685841e+00 6.656344123410452340e+00 6.664361542374110492e+00
4.100000000000000000e+02 5.118867126413439550e+00 5.125346454127162055e+00 6.666683322711716819e+00 6.668330850492089290e+00
4.110000000000000000e+02 5.119138354071515629e+00 5.123850603234886059e+00 6.665901930249773066e+00 6.665446037956395564e+00
4.120000000000000000e+02 5.112183281484405484e+00 5.115096347114622688e+00 6.658069802005673665e+00 6.655038042293388578e+00
4.130000000000000000e+02 5.105169355876276960e+00 5.109519577016376601e+00 6.649764100772191711e+00 6.648552759275574431e+00
4.140000000000000000e+02 5.106020902715088461e+00 5.118434868652651737e+00 6.649816953665831143e+00 6.659180006844067634e+00
4.150000000000000000e+02 5.106990882670646492e+00 5.111164133031904200e+00 6.651682770711702553e+00 6.650421222042663061e+00
4.160000000000000000e+02 5.111710903110834536e+00 5.120826870711031376e+00 6.657439267081510792e+00 6.662167242689418067e+00
4.170000000000000000e+02 5.116139681783853810e+00 5.125250440346591496e+00 6.662865122183009525e+00 6.667906755519372730e+00
4.180000000000000000e+02 5.119724677974271110e+00 5.127783857388891420e+00 6.667438137467152082e+00 6.670916248430676099e+00
4.190000000000000000e+02 5.121302849776824040e+00 5.127513595499690879e+00 6.670195628463466697e+00 6.670910883940221581e+00
4.200000000000000000e+02 5.120519051321718251e+00 5.126755740706506970e+00 6.668209215203446227e+00 6.669365938323459808e+00
4.210000000000000000e+02 5.100914908727143704e+00 5.111685199320963768e+00 6.643407902809235210e+00 6.650288534193700585e+00
4.220000000000000000e+02 5.100320172970121746e+00 5.111380023688099961e+00 6.643041708590671668e+00 6.650408412056817653e+00
4.230000000000000000e+02 5.110706569393197896e+00 5.121189460063696686e+00 6.656061284378964160e+00 6.662213362518692783e+00
4.240000000000000000e+02 5.115653450514045630e+00 5.115110842200778052e+00 6.664737189625713931e+00 6.656547436727175970e+00
4.250000000000000000e+02 5.098828888068257292e+00 5.108904420858467077e+00 6.641973551284059418e+00 6.648004305686975535e+00
4.260000000000000000e+02 5.101027578389277117e+00 5.103334216091041320e+00 6.645735934392861033e+00 6.641408512316626656e+00
4.270000000000000000e+02 5.099480878333270795e+00 5.105145975772144240e+00 6.642799151519753309e+00 6.642471873253241732e+00
4.280000000000000000e+02 5.114166006781879048e+00 5.116378952790702428e+00 6.660859486307204591e+00 6.656718564019563189e+00
4.290000000000000000e+02 5.115968635048925961e+00 5.117054169695983035e+00 6.664321100929568864e+00 6.658009907043270559e+00
4.300000000000000000e+02 5.113164473388247089e+00 5.116343559757321025e+00 6.660382137350019605e+00 6.656639369361426084e+00
4.310000000000000000e+02 5.113879647951895535e+00 5.114653358768422642e+00 6.660864849322332581e+00 6.654033145470077848e+00
4.320000000000000000e+02 5.123164016011662270e+00 5.123163777837388189e+00 6.672587482285089244e+00 6.664570145828674796e+00
4.330000000000000000e+02 5.113374118621266895e+00 5.123471357239052004e+00 6.660067754461692857e+00 6.664482382150227480e+00
4.340000000000000000e+02 5.100498184370196419e+00 5.097254715257514057e+00 6.644585451591972003e+00 6.632523362111322207e+00
4.350000000000000000e+02 5.103479956464862077e+00 5.105711163888994264e+00 6.648500708083004085e+00 6.643074940858483046e+00
4.360000000000000000e+02 5.094698881408723956e+00 5.103751339895679529e+00 6.638918653044584950e+00 6.642310109737178614e+00
4.370000000000000000e+02 5.101403223301891998e+00 5.108783423421973779e+00 6.647364884261631524e+00 6.648137635615763763e+00
4.380000000000000000e+02 5.113486064591977076e+00 5.120736298692769140e+00 6.662494115432171071e+00 6.663161083662940243e+00
4.390000000000000000e+02 5.109388807857256687e+00 5.114845945116226922e+00 6.656937092645469178e+00 6.654916245575895672e+00
4.400000000000000000e+02 5.118249167874488137e+00 5.122625733125214964e+00 6.668161166590564015e+00 6.664579189013830174e+00
4.410000000000000000e+02 5.108725205686282855e+00 5.104598082742842990e+00 6.657336766222581304e+00 6.643032576988675331e+00
4.420000000000000000e+02 5.111847353274091788e+00 5.121226538019043595e+00 6.660336648311275809e+00 6.663039052380721472e+00
4.430000000000000000e+02 5.106646549133812663e+00 5.117298164695340823e+00 6.656062083720841294e+00 6.660396711643179479e+00
4.440000000000000000e+02 5.106157915693668059e+00 5.113636773883432518e+00 6.655139345156061204e+00 6.655478798876502289e+00
4.450000000000000000e+02 5.104494865139143300e+00 5.112448819873764982e+00 6.652487164743620340e+00 6.653304274898304449e+00
4.460000000000000000e+02 5.111051303946088531e+00 5.113627963770255747e+00 6.661169387353596427e+00 6.655196520096649415e+00
4.470000000000000000e+02 5.107629901256820482e+00 5.114840822356629957e+00 6.656076093029417606e+00 6.655189156551765350e+00
4.480000000000000000e+02 5.090950200042013485e+00 5.095534009883500914e+00 6.635529258279681208e+00 6.631531764002239981e+00
4.490000000000000000e+02 5.108156493966926170e+00 5.119337824523307212e+00 6.658151641476386828e+00 6.662224495949085501e+00
4.500000000000000000e+02 5.124225203276600915e+00 5.127792345630433957e+00 6.677533021487458420e+00 6.671888396809666943e+00
4.510000000000000000e+02 5.106360594645284579e+00 5.118842944552705276e+00 6.653811414965440818e+00 6.659373875918398689e+00
4.520000000000000000e+02 5.107573207487468459e+00 5.117261408154152313e+00 6.657730749771761047e+00 6.659688979342330839e+00
4.530000000000000000e+02 5.107592669472572844e+00 5.117550251290499119e+00 6.657519190185475999e+00 6.659469251519090527e+00
4.540000000000000000e+02 5.102169407985046590e+00 5.118579887702066955e+00 6.650588831658056144e+00 6.660600909286717553e+00
4.550000000000000000e+02 5.097949072442880869e+00 5.107213981632324540e+00 6.645320091368339455e+00 6.646356060120846010e+00
4.560000000000000000e+02 5.114308384172523425e+00 5.121898468578940822e+00 6.665935796376961875e+00 6.664709318414212547e+00
4.570000000000000000e+02 5.104657098782725555e+00 5.110993647483355495e+00 6.654726781394004753e+00 6.651767815290366315e+00
4.580000000000000000e+02 5.092879350582933284e+00 5.107064556946148137e+00 6.640116850177216534e+00 6.646675652676059975e+00
4.590000000000000000e+02 5.105606418881261988e+00 5.113374117217231785e+00 6.656599646052614894e+00 6.654650306896155776e+00
4.600000000000000000e+02 5.090993761758469738e+00 5.107760110033156664e+00 6.637857768501449485e+00 6.647553785224326717e+00
4.610000000000000000e+02 5.105231496005361969e+00 5.117309616219619883e+00 6.656214071916655151e+00 6.659782273226235283e+00
4.620000000000000000e+02 5.093370388952464189e+00 5.105529225639802604e+00 6.641003639344580378e+00 6.644369639947560913e+00
4.630000000000000000e+02 5.089616985684912720e+00 5.093485861597020659e+00 6.636984115342334789e+00 6.629333617698913272e+00
4.640000000000000000e+02 5.078906273548845718e+00 5.086029506412222290e+00 6.624528767240523308e+00 6.621249251898107424e+00
4.650000000000000000e+02 5.099055263553595729e+00 5.115789818759198582e+00 6.650377019222825759e+00 6.658710101430322936e+00
4.660000000000000000e+02 5.093365022483463456e+00 5.099791899170917020e+00 6.643862264700259423e+00 6.638871077897038120e+00
4.670000000000000000e+02 5.099028918264801646e+00 5.101080592249338075e+00 6.651485540948378627e+00 6.640359575438702144e+00
4.680000000000000000e+02 5.079976279647882897e+00 5.101888253422336206e+00 6.626852891700172776e+00 6.641210399722403679e+00
4.690000000000000000e+02 5.105697228319677095e+00 5.112446257794465154e+00 6.660313992250610049e+00 6.654785880910691453e+00
4.700000000000000000e+02 5.102853427075063841e+00 5.114603069720458528e+00 6.655685232809430474e+00 6.656338353289042331e+00
4.710000000000000000e+02 5.106872207554967069e+00 5.119130741435387044e+00 6.661992988098638158e+00 6.662762536182708750e+00
4.720000000000000000e+02 5.095387868800461462e+00 5.109249234004836993e+00 6.646308338785241965e+00 6.648941456778793224e+00
4.730000000000000000e+02 5.097140366498302377e+00 5.107791581983313733e+00 6.649990964760633005e+00 6.648250948232687918e+00
4.740000000000000000e+02 5.086839812367927038e+00 5.103964347015117475e+00 6.638211555729336411e+00 6.644115872007232859e+00
4.750000000000000000e+02 5.093912193252517540e+00 5.104062200717418563e+00 6.647757984587822300e+00 6.644588570591988486e+00
4.760000000000000000e+02 5.105064293374243611e+00 5.113423364780118163e+00 6.662505087793420877e+00 6.656561530840277463e+00
4.770000000000000000e+02 5.079181022129859890e+00 5.089138607290069061e+00 6.629962471479418973e+00 6.625875372916513406e+00
4.780000000000000000e+02 5.089005034126010685e+00 5.104776256373530607e+00 6.643188732475844738e+00 6.645993306706812653e+00
4.790000000000000000e+02 5.090101538823985194e+00 5.107928116483837933e+00 6.643377238042648791e+00 6.648471407822198032e+00
4.800000000000000000e+02 5.080686881625712026e+00 5.098255127873565939e+00 6.632868022082138992e+00 6.637252859238562230e+00
4.810000000000000000e+02 5.088276086299623913e+00 5.110555061347687555e+00 6.642421582885171816e+00 6.652689112950998407e+00
4.820000000000000000e+02 5.073112095151764755e+00 5.090393982309936227e+00 6.625768063302905020e+00 6.629506828211678915e+00
4.830000000000000000e+02 5.089510645370743269e+00 5.107481523659166633e+00 6.645726008887849368e+00 6.649840504322042989e+00
4.840000000000000000e+02 5.118352384565366897e+00 5.127517038130039673e+00 6.682593318079412370e+00 6.675277622331881489e+00
4.850000000000000000e+02 5.093386323443490404e+00 5.106022665831755347e+00 6.651152256246003702e+00 6.648469802520576621e+00
4.860000000000000000e+02 5.099728958401007262e+00 5.120603852902029907e+00 6.658718918766034278e+00 6.665856118303007172e+00
4.870000000000000000e+02 5.111120008312699525e+00 5.124146727013709324e+00 6.673006369375549696e+00 6.669718357855190405e+00
4.880000000000000000e+02 5.104795554290322279e+00 5.123492975991227993e+00 6.663736852876199990e+00 6.667386169983051225e+00
4.890000000000000000e+02 5.090295563997594641e+00 5.106712854725661721e+00 6.646995961185595547e+00 6.647749338017713505e+00
4.900000000000000000e+02 5.085563532873437431e+00 5.102759096460413701e+00 6.641346611130330757e+00 6.642852157194107043e+00
4.910000000000000000e+02 5.077049272116373579e+00 5.090516023970774739e+00 6.632196967161146262e+00 6.628532925475189685e+00
4.920000000000000000e+02 5.093775899483775405e+00 5.114479750228987598e+00 6.651991630714961801e+00 6.657632415878166121e+00
4.930000000000000000e+02 5.091937396569607976e+00 5.106572154940069552e+00 6.649435859997480769e+00 6.647854553522638099e+00
4.940000000000000000e+02 5.088686401756859823e+00 5.108759558141263923e+00 6.647004447289979190e+00 6.652241874405735444e+00
4.950000000000000000e+02 5.091490480300951305e+00 5.101467844403488883e+00 6.650638627363563593e+00 6.642465942112406374e+00
4.960000000000000000e+02 5.096088062006802311e+00 5.115340263533773246e+00 6.656390479581957287e+00 6.659784911996690759e+00
4.970000000000000000e+02 5.077487778880339420e+00 5.094414201327525760e+00 6.632542106640894275e+00 6.633015446685567973e+00
4.980000000000000000e+02 5.084850842602128829e+00 5.104427598403719735e+00 6.641108541665369458e+00 6.645174348685018550e+00
4.990000000000000000e+02 5.093254272448985986e+00 5.104151888042085972e+00 6.651276771763757978e+00 6.644261371999898635e+00
5.000000000000000000e+02 5.088419583199485174e+00 5.101508683052370152e+00 6.646850217599848953e+00 6.642506779941885320e+00
