# delays[ps] pumped_signal, blocked_signal, pumped_reference, blocked_reference
-2.000000000000000000e+01 4.874697708562296228e+00 4.877588350574358245e+00 6.987769987726578869e+00 6.992635537353675268e+00
-1.800000000000000000e+01 4.870211517531815026e+00 4.874999919558118400e+00 6.981809122894294006e+00 6.989250147527757306e+00
-1.600000000000000000e+01 4.851817283191578234e+00 4.850974705376209783e+00 6.954524318850403120e+00 6.954128890294807519e+00
-1.400000000000000000e+01 4.875039960242544268e+00 4.878147692923439749e+00 6.987216886876705502e+00 6.992201913834288796e+00
-1.200000000000000000e+01 4.909122447511892418e+00 4.902641123994051497e+00 7.041530573767780687e+00 7.033249929436651726e+00
-1.000000000000000000e+01 4.880873136961758618e+00 4.885346514409683927e+00 6.996736426470995696e+00 7.004206602356293665e+00
-8.000000000000000000e+00 4.876791977767130248e+00 4.879138733530736793e+00 6.989699147590777706e+00 6.993915586469994672e+00
-6.000000000000000000e+00 4.873203537634163141e+00 4.872601673889532137e+00 6.985011367241033220e+00 6.984730452406279433e+00
-4.000000000000000000e+00 4.865548596949729188e+00 4.865699942587080606e+00 6.975235745020048839e+00 6.976089055293814845e+00
-2.000000000000000000e+00 4.869514520497170373e+00 4.868559675957659927e+00 6.980927938855047366e+00 6.980153266080049157e+00
-1.000000000000000000e+00 4.859705010154844906e+00 4.862897545258583420e+00 6.967700463771659969e+00 6.972822745190256910e+00
-9.000000000000000222e-01 4.872929594231782957e+00 4.874069418242919838e+00 6.985279715921166144e+00 6.987340044880742340e+00
-8.000000000000000444e-01 4.865116017861985220e+00 4.868107960095636066e+00 6.973898840360117646e+00 6.978442961740501715e+00
-6.999999999999999556e-01 4.864304990446827404e+00 4.860592912950226996e+00 6.973242836599216510e+00 6.968440311660537567e+00
-5.999999999999999778e-01 4.865071252481280695e+00 4.862467928526713834e+00 6.973931426359076369e+00 6.971066869672275068e+00
-5.000000000000000000e-01 4.858484627277022128e+00 4.858748642559279851e+00 6.964804596819548443e+00 6.965747355466174184e+00
-4.000000000000000222e-01 4.863176375758890835e+00 4.860696373810827531e+00 6.971523876958977795e+00 6.968507498850882165e+00
-2.999999999999999889e-01 4.863757500401520772e+00 4.866327432138183973e+00 6.971195079194021815e+00 6.975487591138363364e+00
-2.000000000000000111e-01 4.864019353822486735e+00 4.859737121073036015e+00 6.972758204421196204e+00 6.966579848698531308e+00
-1.000000000000000056e-01 4.857759523329304052e+00 4.859144866933724494e+00 6.965524257049892753e+00 6.965504799068686026e+00
0.000000000000000000e+00 4.854062177538010836e+00 4.858354500344981730e+00 6.963406106245009219e+00 6.964217541079452012e+00
1.000000000000000056e-01 4.857541632172576840e+00 4.861074419257580104e+00 6.970786356836550013e+00 6.967980661213116100e+00
2.000000000000000111e-01 4.854775029019902099e+00 4.863117519334587691e+00 6.968411155130798562e+00 6.970462281914612035e+00
2.999999999999999889e-01 4.858465888813208622e+00 4.868573449323132074e+00 6.974566370195083742e+00 6.977199340881837131e+00
4.000000000000000222e-01 4.870326908003188571e+00 4.878676123923983532e+00 6.992173802394765048e+00 6.991019234487850120e+00
5.000000000000000000e-01 4.862903071842436198e+00 4.873685446958731404e+00 6.982040391716058281e+00 6.983853842708938053e+00
5.999999999999999778e-01 4.864671985512769581e+00 4.873410940083111598e+00 6.984831913631815326e+00 6.983558031603457117e+00
6.999999999999999556e-01 4.871251806367824955e+00 4.878892655581461568e+00 6.994815667471100618e+00 6.990848832825546921e+00
8.000000000000000444e-01 4.864580940660217401e+00 4.876168813911395894e+00 6.985789098711325806e+00 6.987576355408335438e+00
9.000000000000000222e-01 4.865601526927216369e+00 4.875644626102353385e+00 6.987670046069056617e+00 6.987189819206727215e+00
1.000000000000000000e+00 4.864909256505627333e+00 4.878837080898953182e+00 6.986968963746957861e+00 6.991885202922729192e+00
1.100000000000000089e+00 4.857234856288806135e+00 4.871651875075055038e+00 6.975198991103624735e+00 6.980665128349530235e+00
1.199999999999999956e+00 4.861391604042432313e+00 4.870473692266539700e+00 6.981131016707196935e+00 6.979461711708876415e+00
1.300000000000000044e+00 4.861890327655040700e+00 4.875977826913740820e+00 6.982105088247520186e+00 6.987047353404449268e+00
1.399999999999999911e+00 4.858329038589674020e+00 4.875710929950184180e+00 6.978238043405768032e+00 6.986775092745911131e+00
1.500000000000000000e+00 4.859695160359034816e+00 4.868762352799321569e+00 6.979805405898250825e+00 6.976550227831120665e+00
1.600000000000000089e+00 4.861347161794826732e+00 4.877174509547217873e+00 6.982213116113244133e+00 6.989346085103204764e+00
1.699999999999999956e+00 4.863191269794516991e+00 4.873412541452707636e+00 6.984541550131208254e+00 6.982988915305120337e+00
1.800000000000000044e+00 4.850820714118261989e+00 4.861163703544288950e+00 6.966256889093549454e+00 6.965226284444139715e+00
1.899999999999999911e+00 4.867972785981394601e+00 4.877746263008615912e+00 6.991861819553871094e+00 6.989913276544622356e+00
2.000000000000000000e+00 4.870862629039714342e+00 4.877186360490502359e+00 6.995005692998727653e+00 6.987927578155284536e+00
3.000000000000000000e+00 4.877256988661451409e+00 4.886123345937512852e+00 7.005046057947240001e+00 7.002167324981052765e+00
4.000000000000000000e+00 4.860814644258092621e+00 4.866684418610430995e+00 6.980119948274029262e+00 6.973947047324160486e+00
5.000000000000000000e+00 4.856329898526951183e+00 4.867164244566390963e+00 6.972914679235744373e+00 6.974512001303532216e+00
6.000000000000000000e+00 4.865350563884566881e+00 4.870791121174372407e+00 6.984418951354629534e+00 6.979399974545905216e+00
7.000000000000000000e+00 4.855383860382073813e+00 4.866334318239514900e+00 6.970130677737278901e+00 6.973799460567201791e+00
8.000000000000000000e+00 4.864744134128774711e+00 4.870340523550563461e+00 6.982174193750060986e+00 6.979217554422604053e+00
9.000000000000000000e+00 4.866524982183409342e+00 4.873402210514020894e+00 6.983285282703425523e+00 6.982771019801616852e+00
1.000000000000000000e+01 4.875540763817964418e+00 4.879576518817704489e+00 6.995902244507326451e+00 6.991697422149174557e+00
1.100000000000000000e+01 4.868922827255146579e+00 4.877819614362310041e+00 6.986894007594567135e+00 6.989928011528704133e+00
1.200000000000000000e+01 4.859570879781822228e+00 4.865883480385049253e+00 6.973283595795963130e+00 6.973048965593052095e+00
1.300000000000000000e+01 4.848995506732088678e+00 4.861185164401762293e+00 6.958337401446798687e+00 6.967065921225057856e+00
1.400000000000000000e+01 4.862971136782379133e+00 4.862818191875862617e+00 6.976668662078544081e+00 6.967582998107699765e+00
1.500000000000000000e+01 4.845899064703744763e+00 4.857838399787404171e+00 6.952341546686839457e+00 6.960285700738203296e+00
1.600000000000000000e+01 4.859532924294184042e+00 4.862356706998385292e+00 6.971684037530533118e+00 6.966951668973973888e+00
1.700000000000000000e+01 4.859146229579580201e+00 4.867260176569693009e+00 6.971250814945251228e+00 6.973701366444370109e+00
1.800000000000000000e+01 4.870403143228825726e+00 4.871080360819780353e+00 6.986232883536406035e+00 6.977897544806708652e+00
1.900000000000000000e+01 4.860220709922555393e+00 4.868206693101722493e+00 6.971426502156331750e+00 6.974251099741515247e+00
2.000000000000000000e+01 4.852031571995987669e+00 4.863825884396670851e+00 6.960760572314081962e+00 6.968756530721120335e+00
2.100000000000000000e+01 4.872394753842010040e+00 4.877373261384895464e+00 6.988573087589707633e+00 6.987508447692385438e+00
2.200000000000000000e+01 4.863210647838785761e+00 4.872129617017366243e+00 6.975453151288388831e+00 6.980788524929775640e+00
2.300000000000000000e+01 4.869238333503013827e+00 4.873347917859851108e+00 6.984711636726084194e+00 6.982480015500009962e+00
2.400000000000000000e+01 4.872410128418509068e+00 4.872693364258922522e+00 6.988823971589003037e+00 6.981983533720720558e+00
2.500000000000000000e+01 4.857431846395285469e+00 4.866819267596617316e+00 6.967229925404157420e+00 6.973113347980611110e+00
2.600000000000000000e+01 4.861587635505660643e+00 4.867060303149838063e+00 6.972293109013834034e+00 6.973409882889804123e+00
2.700000000000000000e+01 4.868709580988365815e+00 4.868203732153866703e+00 6.981402004800385974e+00 6.973723950425992690e+00
2.800000000000000000e+01 4.859420576923384694e+00 4.865684007559761604e+00 6.968367522579879569e+00 6.970965412429191765e+00
2.900000000000000000e+01 4.855507021771174436e+00 4.861550239063240575e+00 6.962355649925020984e+00 6.964256058870545552e+00
3.000000000000000000e+01 4.858797173310822615e+00 4.861918517084925284e+00 6.966912904694556374e+00 6.965045312425148794e+00
3.100000000000000000e+01 4.863335172875109080e+00 4.871265579702430237e+00 6.972832844661527751e+00 6.977780948936373129e+00
3.200000000000000000e+01 4.863542331214245173e+00 4.873013273611384477e+00 6.972833077498156840e+00 6.980582883193171995e+00
3.300000000000000000e+01 4.862988593567524553e+00 4.863000605030044277e+00 6.972241617534328917e+00 6.966545413838308498e+00
3.400000000000000000e+01 4.859659685374928983e+00 4.868139266650143959e+00 6.966785487694717283e+00 6.973177007525840132e+00
3.500000000000000000e+01 4.867096736963111070e+00 4.871611754115174442e+00 6.978433024559622666e+00 6.979132264856131584e+00
3.600000000000000000e+01 4.853555448519013993e+00 4.856472036411799920e+00 6.959098145635147503e+00 6.957543587039126898e+00
3.700000000000000000e+01 4.861455268210804093e+00 4.868842349994801033e+00 6.970966456177972503e+00 6.975586725761993456e+00
3.800000000000000000e+01 4.854736273314153472e+00 4.857385403358844833e+00 6.960427363321414873e+00 6.958700160610291618e+00
3.900000000000000000e+01 4.848382032433154798e+00 4.856176309577739936e+00 6.951976791104057973e+00 6.957520204042597634e+00
4.000000000000000000e+01 4.847172380399767277e+00 4.852777574740353650e+00 6.949715625427433707e+00 6.951988483624963244e+00
4.100000000000000000e+01 4.858750084296414862e+00 4.859705090052041321e+00 6.965898543898383366e+00 6.961897836094872893e+00
4.200000000000000000e+01 4.853212875855468234e+00 4.856996623720977624e+00 6.958763737608920863e+00 6.958469847821469045e+00
4.300000000000000000e+01 4.864497416084438086e+00 4.862459280750552004e+00 6.972643288458702848e+00 6.964788659912542812e+00
4.400000000000000000e+01 4.858358824380538898e+00 4.857303162171292321e+00 6.965698987559992617e+00 6.959277279866242338e+00
4.500000000000000000e+01 4.858293244738204564e+00 4.861131033626348241e+00 6.966133983926074080e+00 6.964877148633830117e+00
4.600000000000000000e+01 4.877331380737659039e+00 4.879665163956735441e+00 6.991878155734254641e+00 6.990122521444225967e+00
4.700000000000000000e+01 4.863330927070590448e+00 4.864926313340077968e+00 6.971652646983573121e+00 6.969038571878175325e+00
4.800000000000000000e+01 4.857372430108514827e+00 4.863314031183059605e+00 6.963788728370187364e+00 6.967372948541243893e+00
4.900000000000000000e+01 4.858174727381978641e+00 4.866301646257073621e+00 6.963711450973925743e+00 6.970345366284398381e+00
5.000000000000000000e+01 4.856224274987957834e+00 4.859538129374479709e+00 6.961742484454526370e+00 6.962157212843674614e+00
5.100000000000000000e+01 4.866933938499355961e+00 4.869367818614201759e+00 6.976533487483200346e+00 6.975650865880009377e+00
5.200000000000000000e+01 4.856336704142389493e+00 4.861583711217940085e+00 6.960960921541105684e+00 6.964269271089706947e+00
5.300000000000000000e+01 4.863511181559823093e+00 4.867376608537054672e+00 6.971081368129562250e+00 6.971986568986309862e+00
5.400000000000000000e+01 4.872887872408160348e+00 4.870714566547869495e+00 6.983326123708773814e+00 6.976053344838976322e+00
5.500000000000000000e+01 4.865798519832975622e+00 4.865848968478382552e+00 6.973368563238278028e+00 6.969228278683329059e+00
5.600000000000000000e+01 4.866144855093066823e+00 4.869251947230714528e+00 6.973941280792972819e+00 6.974174786999607356e+00
5.700000000000000000e+01 4.869527014497865736e+00 4.873578302140298746e+00 6.978926469625572615e+00 6.980450355726073752e+00
5.800000000000000000e+01 4.861823223092952340e+00 4.862703598652457160e+00 6.968589248900187272e+00 6.966198839951491806e+00
5.900000000000000000e+01 4.865047310220147914e+00 4.869379831226843258e+00 6.972752357700191084e+00 6.974930805404627066e+00
6.000000000000000000e+01 4.867094974919750072e+00 4.866626522156178858e+00 6.975602579157156313e+00 6.971355074925776663e+00
6.100000000000000000e+01 4.866872760039514745e+00 4.867872930462011638e+00 6.974781618810268036e+00 6.972646975910933520e+00
6.200000000000000000e+01 4.875157594958317908e+00 4.877800637157922559e+00 6.986868308355028034e+00 6.987048001945632691e+00
6.300000000000000000e+01 4.868598753649267863e+00 4.865830549664510229e+00 6.976967193581824489e+00 6.969525766365000763e+00
6.400000000000000000e+01 4.850827924155092674e+00 4.854879612273512279e+00 6.951979274129234554e+00 6.954206728133900839e+00
6.500000000000000000e+01 4.860875825647676507e+00 4.863652196368103198e+00 6.966279396659796674e+00 6.966775557282753439e+00
6.600000000000000000e+01 4.867614840519026487e+00 4.867202760869513867e+00 6.975756573848745923e+00 6.971807276419411004e+00
6.700000000000000000e+01 4.868135344529637365e+00 4.874192577850249286e+00 6.975664161658041706e+00 6.981270036496085574e+00
6.800000000000000000e+01 4.865286503205670243e+00 4.865832072009497189e+00 6.971865254657277688e+00 6.969234364429366835e+00
6.900000000000000000e+01 4.862257969238542366e+00 4.867594582149282090e+00 6.968206969123826866e+00 6.972562338102480162e+00
7.000000000000000000e+01 4.869483851563247256e+00 4.866347371717292702e+00 6.977162182897034270e+00 6.969658218378055992e+00
7.100000000000000000e+01 4.871880177052473115e+00 4.876760508400471927e+00 6.981491056731462308e+00 6.984532985001655092e+00
7.200000000000000000e+01 4.858183858319701898e+00 4.861538950272862536e+00 6.961575290774797864e+00 6.962739303736544372e+00
7.300000000000000000e+01 4.862313781263917001e+00 4.863013420259610697e+00 6.967839163801043512e+00 6.965040832470888787e+00
7.400000000000000000e+01 4.871765825464484223e+00 4.874096485568394144e+00 6.980889186759458021e+00 6.980366436601218361e+00
7.500000000000000000e+01 4.876063911525680084e+00 4.879438383937126922e+00 6.985779077865830189e+00 6.986955667912030599e+00
7.600000000000000000e+01 4.867713576138279485e+00 4.873754632827438371e+00 6.973788731663166374e+00 6.978533202308588201e+00
7.700000000000000000e+01 4.870313536646101227e+00 4.873224199671787993e+00 6.977596048493775349e+00 6.977876564514775559e+00
7.800000000000000000e+01 4.877348277926266462e+00 4.877733210302594991e+00 6.989103127527499737e+00 6.985339689067026292e+00
7.900000000000000000e+01 4.873950263796072768e+00 4.883649987622634470e+00 6.983795065343387343e+00 6.993705139633504153e+00
8.000000000000000000e+01 4.868950856381843550e+00 4.876303745630211850e+00 6.976422185100671136e+00 6.982766940503488229e+00
8.100000000000000000e+01 4.868514913909914199e+00 4.873291944456320302e+00 6.975485911477090184e+00 6.978202319953561883e+00
8.200000000000000000e+01 4.862409312672997252e+00 4.859827614883181823e+00 6.967597083747127051e+00 6.959941062688989710e+00
8.300000000000000000e+01 4.857571742606103804e+00 4.860721436849201993e+00 6.960275695229436899e+00 6.960983507121371261e+00
8.400000000000000000e+01 4.865317251954924593e+00 4.866357301313415817e+00 6.972151931299875649e+00 6.969286895650054880e+00
8.500000000000000000e+01 4.863344138773074476e+00 4.864866415447420600e+00 6.968355023031501894e+00 6.966762109234772460e+00
8.600000000000000000e+01 4.858527789414316622e+00 4.863522952760475526e+00 6.960620591408495983e+00 6.964224590871422649e+00
8.700000000000000000e+01 4.864378022537813706e+00 4.864305953367056290e+00 6.968649314257091554e+00 6.965040591860091723e+00
8.800000000000000000e+01 4.856738455227003648e+00 4.858656155678806599e+00 6.957989704165216338e+00 6.957369981887191912e+00
8.900000000000000000e+01 4.855704973100075428e+00 4.855200324564224346e+00 6.955734061221570563e+00 6.951835696490821448e+00
9.000000000000000000e+01 4.858248798834249982e+00 4.857801245304966820e+00 6.959675428051484758e+00 6.955846970474392599e+00
9.100000000000000000e+01 4.866931456266633482e+00 4.867775076055750105e+00 6.971859482997691870e+00 6.969823740112794042e+00
9.200000000000000000e+01 4.856735173139254513e+00 4.860503386281912697e+00 6.957625031271128968e+00 6.959340224707508682e+00
9.300000000000000000e+01 4.854477382832547150e+00 4.863643468603200404e+00 6.955150851864147832e+00 6.963372795891882738e+00
9.400000000000000000e+01 4.860938527151014377e+00 4.866740634072172611e+00 6.964892924649213946e+00 6.968302096975576454e+00
9.500000000000000000e+01 4.868928273675534157e+00 4.873266560136209513e+00 6.976462221945129549e+00 6.977030936765541647e+00
9.600000000000000000e+01 4.846041923318243683e+00 4.853367346317657649e+00 6.945092467791164736e+00 6.950115694035940095e+00
9.700000000000000000e+01 4.861377352250065620e+00 4.863051054775120008e+00 6.967165943382340743e+00 6.963146256331890882e+00
9.800000000000000000e+01 4.857792036999411422e+00 4.864235324182057951e+00 6.962015076228282418e+00 6.964463706307586044e+00
9.900000000000000000e+01 4.857058124347824801e+00 4.863252451116367503e+00 6.961186744198765375e+00 6.963446793076324859e+00
1.000000000000000000e+02 4.855445682012799580e+00 4.861885366094160332e+00 6.959400683119089770e+00 6.961759386596226840e+00
1.010000000000000000e+02 4.856505990987997734e+00 4.864525605015585619e+00 6.960936665992647931e+00 6.965289711169475595e+00
1.020000000000000000e+02 4.859087452026787268e+00 4.865302439247648714e+00 6.964198245282015698e+00 6.965666482077691235e+00
1.030000000000000000e+02 4.855111197256086975e+00 4.869456465755956032e+00 6.958986437335317632e+00 6.972328424132476776e+00
1.040000000000000000e+02 4.855072198976692732e+00 4.866334078442103639e+00 6.958685341917338896e+00 6.967380873051925327e+00
1.050000000000000000e+02 4.850792050415393852e+00 4.858858271280130481e+00 6.953671890290130442e+00 6.957602608132895661e+00
1.060000000000000000e+02 4.858500162629376007e+00 4.864706581545368280e+00 6.964023514685624860e+00 6.965489189119891122e+00
1.070000000000000000e+02 4.869047990413427840e+00 4.876326967554819980e+00 6.978755343672566447e+00 6.981573533120088548e+00
1.080000000000000000e+02 4.866219887349031659e+00 4.864032888411060185e+00 6.975284110916744496e+00 6.964580702074152363e+00
1.090000000000000000e+02 4.863237955581361405e+00 4.871036878953292515e+00 6.971359636932338510e+00 6.975008083664370417e+00
1.100000000000000000e+02 4.866581678217298368e+00 4.876357077953652919e+00 6.975993924170643012e+00 6.982509971133834981e+00
1.110000000000000000e+02 4.869587552919601769e+00 4.875057337331167417e+00 6.980177450499950531e+00 6.980050608167256421e+00
1.120000000000000000e+02 4.871272226682108908e+00 4.875170325480769229e+00 6.982662278193263461e+00 6.979702023638548525e+00
1.130000000000000000e+02 4.868944049625466342e+00 4.874316618768187226e+00 6.978422378298160922e+00 6.977461598633092343e+00
1.140000000000000000e+02 4.869445494697538734e+00 4.876807273980588775e+00 6.979079176473531376e+00 6.981179550200440787e+00
1.150000000000000000e+02 4.875109946987103982e+00 4.876909773520186953e+00 6.987812425355448553e+00 6.981661381255249488e+00
1.160000000000000000e+02 4.854831324669032000e+00 4.863194633723311178e+00 6.958868718973244327e+00 6.961928025989657876e+00
1.170000000000000000e+02 4.860869900124170861e+00 4.867434027420176612e+00 6.968725546408442995e+00 6.968523035800957999e+00
1.180000000000000000e+02 4.868173942259660159e+00 4.880690799065014573e+00 6.978138419275453863e+00 6.986367255278766564e+00
1.190000000000000000e+02 4.866195624792186258e+00 4.873308041761592158e+00 6.974928566405337982e+00 6.975449716494366292e+00
1.200000000000000000e+02 4.873664064791588757e+00 4.884599388867308711e+00 6.986431155838780604e+00 6.992099012720469631e+00
1.210000000000000000e+02 4.873909584823861607e+00 4.885711587293326552e+00 6.987410598195103795e+00 6.993939450094612376e+00
1.220000000000000000e+02 4.875717816971418372e+00 4.885855887595528912e+00 6.990047009630037778e+00 6.993793708841323564e+00
1.230000000000000000e+02 4.853158262966270620e+00 4.863992688741610948e+00 6.958427969990709450e+00 6.963151944880823230e+00
1.240000000000000000e+02 4.858516338036436899e+00 4.865533864391260011e+00 6.965880767881182933e+00 6.964226998292787130e+00
1.250000000000000000e+02 4.868543020295801327e+00 4.877086183778134298e+00 6.981044938478832229e+00 6.980562145185971623e+00
1.260000000000000000e+02 4.867306221676317435e+00 4.872920707324276179e+00 6.979681769235615896e+00 6.974488060615887441e+00
1.270000000000000000e+02 4.869722964291717027e+00 4.883338887128301664e+00 6.983310831164675214e+00 6.989984869437307680e+00
1.280000000000000000e+02 4.862578196675964470e+00 4.871358550859271830e+00 6.973989567921714539e+00 6.972750838941987439e+00
1.290000000000000000e+02 4.863161721818631378e+00 4.871138578028376465e+00 6.974773611677981933e+00 6.972677088239729315e+00
1.300000000000000000e+02 4.862583801882299994e+00 4.877216711297582385e+00 6.973528957397340022e+00 6.980613157858603479e+00
1.310000000000000000e+02 4.870449188736317936e+00 4.885320808501178114e+00 6.985009210903296406e+00 6.992871127239848938e+00
1.320000000000000000e+02 4.871906920520638451e+00 4.881136190624248528e+00 6.986634313215015268e+00 6.987143852772398134e+00
1.330000000000000000e+02 4.877501467162010940e+00 4.885455419462794602e+00 6.994142291683140833e+00 6.992617600948027423e+00
1.340000000000000000e+02 4.878233857417825448e+00 4.888331487164718325e+00 6.995070798787825339e+00 6.996589636803924428e+00
1.350000000000000000e+02 4.877722399912875595e+00 4.885133186676308803e+00 6.993989337941827422e+00 6.992342130792217780e+00
1.360000000000000000e+02 4.878281502346136556e+00 4.888963379856959612e+00 6.993211859499515626e+00 6.996189405594393840e+00
1.370000000000000000e+02 4.862246354637243861e+00 4.871131209409948148e+00 6.970922411491563331e+00 6.972307523055209622e+00
1.380000000000000000e+02 4.872176706873294627e+00 4.882395172265156624e+00 6.984539881442915821e+00 6.987702721088759006e+00
1.390000000000000000e+02 4.878388646267794115e+00 4.889790022856051799e+00 6.992034229237054532e+00 6.997955454950626653e+00
1.400000000000000000e+02 4.871918213039757362e+00 4.879546410082820529e+00 6.984038662276207177e+00 6.984089272085836519e+00
1.410000000000000000e+02 4.868917222921863797e+00 4.876971512220952043e+00 6.979330703405650205e+00 6.980172803996063990e+00
1.420000000000000000e+02 4.865227084868783969e+00 4.874954036607437757e+00 6.974775374605365563e+00 6.978190790145012201e+00
1.430000000000000000e+02 4.867002166491309012e+00 4.878734582000037179e+00 6.977292874652177623e+00 6.983741089734345486e+00
1.440000000000000000e+02 4.861569298803142480e+00 4.872259343690380717e+00 6.969292741820241943e+00 6.974393321199160667e+00
1.450000000000000000e+02 4.866725018552828352e+00 4.878064092482269132e+00 6.976864058264763635e+00 6.982994121909212204e+00
1.460000000000000000e+02 4.868961345743722191e+00 4.874462921431224061e+00 6.978611280941621864e+00 6.976562803228805620e+00
1.470000000000000000e+02 4.871402754098620669e+00 4.882102408620376366e+00 6.983249814476410577e+00 6.988447929700039474e+00
1.480000000000000000e+02 4.868385748691158810e+00 4.873284578243301191e+00 6.979950672205458062e+00 6.976361324712690326e+00
1.490000000000000000e+02 4.875488073376994080e+00 4.884826808347908056e+00 6.988189673204548313e+00 6.991575058070071513e+00
1.500000000000000000e+02 4.876286769178904912e+00 4.886214556044806478e+00 6.988570529064277004e+00 6.992877455948050880e+00
1.510000000000000000e+02 4.874346086369101272e+00 4.880570602422309889e+00 6.985311022661496949e+00 6.983940564646327509e+00
1.520000000000000000e+02 4.871300094332415398e+00 4.884324242319773468e+00 6.981885441258720348e+00 6.990280757388809718e+00
1.530000000000000000e+02 4.878021731445322473e+00 4.885346434039312236e+00 6.990039243410828718e+00 6.990330007208023666e+00
1.540000000000000000e+02 4.869254590230569057e+00 4.877634155703575836e+00 6.978902205598967790e+00 6.980651514315051820e+00
1.550000000000000000e+02 4.863285522130301963e+00 4.870536232436854185e+00 6.970396537615121346e+00 6.970093680788619572e+00
1.560000000000000000e+02 4.871125443252172893e+00 4.873312925567893750e+00 6.981336500146815283e+00 6.973970108719560912e+00
1.570000000000000000e+02 4.864981085835869301e+00 4.872964106652474925e+00 6.973142097947704343e+00 6.973611596643297439e+00
1.580000000000000000e+02 4.868078489744794624e+00 4.876760748007933799e+00 6.977431889405416143e+00 6.978903484896211040e+00
1.590000000000000000e+02 4.868937082214552348e+00 4.874427525603688416e+00 6.977152656269308473e+00 6.974421187076728756e+00
1.600000000000000000e+02 4.872890355606338098e+00 4.882319819814163964e+00 6.983128733395526311e+00 6.986527414731077634e+00
1.610000000000000000e+02 4.877645927284160798e+00 4.886460074997668102e+00 6.990697006610137265e+00 6.992062662605376566e+00
1.620000000000000000e+02 4.879629370902062391e+00 4.886109896163310928e+00 6.993405252624059543e+00 6.991737226791562954e+00
1.630000000000000000e+02 4.877565769061208201e+00 4.887166041167112951e+00 6.990733280521894244e+00 6.993636444429002452e+00
1.640000000000000000e+02 4.863883383659064030e+00 4.878010041260131935e+00 6.971706061827878997e+00 6.980961420177988153e+00
1.650000000000000000e+02 4.864807637875343538e+00 4.874998959451821712e+00 6.972335390778577668e+00 6.975959729173235147e+00
1.660000000000000000e+02 4.870629764025995456e+00 4.874844732412870307e+00 6.980710933362432868e+00 6.975498325610486106e+00
1.670000000000000000e+02 4.874636928487792176e+00 4.887314421643745632e+00 6.986707907250841565e+00 6.994292114932604498e+00
1.680000000000000000e+02 4.870653627053767920e+00 4.882748714170960902e+00 6.981229279382028530e+00 6.987393136147527883e+00
1.690000000000000000e+02 4.872425665160837305e+00 4.883543084943969603e+00 6.983317798614496752e+00 6.988351113106891610e+00
1.700000000000000000e+02 4.880740608279617199e+00 4.890372027732468041e+00 6.994567747821537118e+00 6.997345981054765574e+00
1.710000000000000000e+02 4.875873888349490315e+00 4.884083528315142253e+00 6.988257501939605376e+00 6.988384743907566587e+00
1.720000000000000000e+02 4.875103940733858110e+00 4.881688006131765789e+00 6.986545426757058586e+00 6.985508096217005303e+00
1.730000000000000000e+02 4.869170028834150621e+00 4.873187765725942810e+00 6.978240521098666882e+00 6.973292971765975956e+00
1.740000000000000000e+02 4.872831337394182505e+00 4.878272614163799759e+00 6.983579811106584323e+00 6.980503127479924075e+00
1.750000000000000000e+02 4.869989543317719161e+00 4.885518759950689294e+00 6.980154069500771108e+00 6.991479126185629944e+00
1.760000000000000000e+02 4.877623104519932973e+00 4.889601038490642537e+00 6.990547418749620157e+00 6.997040237828629827e+00
1.770000000000000000e+02 4.873149326412387516e+00 4.876592507262988541e+00 6.982397618377479631e+00 6.976723522532003230e+00
1.780000000000000000e+02 4.870153464012686229e+00 4.880853517545952869e+00 6.978822694124926507e+00 6.983437755892047960e+00
1.790000000000000000e+02 4.864651888075568920e+00 4.870038390950039542e+00 6.972136640161601839e+00 6.968567393859712134e+00
1.800000000000000000e+02 4.863574762711387223e+00 4.869151611542964275e+00 6.969792187658782723e+00 6.967788154011393509e+00
1.810000000000000000e+02 4.855405644375249352e+00 4.865709795458818654e+00 6.959405411419097298e+00 6.963505094603175571e+00
1.820000000000000000e+02 4.866892061188393015e+00 4.876613325414552058e+00 6.976243614081124811e+00 6.979430560622785329e+00
1.830000000000000000e+02 4.865581669640551610e+00 4.874754084682084709e+00 6.973744130399698982e+00 6.975830570668269281e+00
1.840000000000000000e+02 4.856609771061916270e+00 4.866582961257081230e+00 6.960310933293391678e+00 6.963780481199902894e+00
1.850000000000000000e+02 4.863970586710776089e+00 4.868957503799723696e+00 6.971124689667187901e+00 6.966290692798078332e+00
1.860000000000000000e+02 4.867385981741235490e+00 4.879152830646571459e+00 6.975613083176792628e+00 6.980868212608922541e+00
1.870000000000000000e+02 4.877562085557046068e+00 4.884292452534233497e+00 6.989972938298610217e+00 6.988003015747414892e+00
1.880000000000000000e+02 4.877601323296412161e+00 4.887136970998329666e+00 6.990059902227213406e+00 6.992161077727938157e+00
1.890000000000000000e+02 4.873711713307334215e+00 4.885121495990943252e+00 6.984535310999269164e+00 6.989326707372506498e+00
1.900000000000000000e+02 4.878631202708623604e+00 4.889099834417971024e+00 6.991852935766853072e+00 6.995098827099822003e+00
1.910000000000000000e+02 4.873427917879962656e+00 4.880938561369847939e+00 6.984089354747085032e+00 6.982487792188782016e+00
1.920000000000000000e+02 4.870047759950714372e+00 4.879704243942001973e+00 6.978899164295519597e+00 6.981694695997206601e+00
1.930000000000000000e+02 4.880530966549303074e+00 4.887929499437437819e+00 6.994404633069263078e+00 6.992865205088045322e+00
1.940000000000000000e+02 4.880473229064633323e+00 4.889324691519286503e+00 6.994172481836661959e+00 6.995005453220212388e+00
1.950000000000000000e+02 4.872495334196024430e+00 4.884212374512995503e+00 6.982461286374251230e+00 6.987320508006796160e+00
1.960000000000000000e+02 4.875019781625512749e+00 4.887843336108563363e+00 6.986888008578467257e+00 6.993303874208280035e+00
1.970000000000000000e+02 4.883719817217079928e+00 4.891885973948143729e+00 6.998871952231180416e+00 6.998755112120228716e+00
1.980000000000000000e+02 4.880504538189216035e+00 4.888634982981760579e+00 6.992912287491078516e+00 6.993793470224264119e+00
1.990000000000000000e+02 4.875832488852247515e+00 4.886080906389365097e+00 6.985761545905480929e+00 6.989506403105877119e+00
2.000000000000000000e+02 4.875604511039266065e+00 4.886201503798454304e+00 6.985448529809562324e+00 6.990061666694757925e+00
2.010000000000000000e+02 4.883430736720509202e+00 4.893333939799272336e+00 6.997260297612490909e+00 7.000687805041691192e+00
2.020000000000000000e+02 4.872894279600722633e+00 4.880301863611626878e+00 6.982649145581929062e+00 6.982723861590168113e+00
2.030000000000000000e+02 4.885626064945484792e+00 4.893636793096904469e+00 7.001100686879218493e+00 7.001804254387268500e+00
2.040000000000000000e+02 4.880420858369880044e+00 4.892093935526827586e+00 6.992756939396508109e+00 6.999004795657146616e+00
2.050000000000000000e+02 4.864188077160366497e+00 4.866998243824919079e+00 6.970586722980045558e+00 6.964075809321617072e+00
2.060000000000000000e+02 4.875944598159049015e+00 4.880733161330457648e+00 6.987773913274407001e+00 6.984023930096305399e+00
2.070000000000000000e+02 4.875994645261336302e+00 4.880053543108064495e+00 6.987238426017259307e+00 6.982454559508826542e+00
2.080000000000000000e+02 4.874853619222887957e+00 4.882197941158226584e+00 6.983996701046256916e+00 6.983999824664254064e+00
2.090000000000000000e+02 4.875520346335227018e+00 4.885159692573462387e+00 6.986044783116580170e+00 6.988781934008273744e+00
2.100000000000000000e+02 4.881897329011103182e+00 4.891790842880255674e+00 6.994762014856327426e+00 6.997676622107574573e+00
2.110000000000000000e+02 4.888993729776694330e+00 4.897117048806663320e+00 7.004434020488537804e+00 7.004673619563686060e+00
2.120000000000000000e+02 4.870812341052590533e+00 4.875619482360256995e+00 6.979488298957179815e+00 6.975016971768157603e+00
2.130000000000000000e+02 4.866955321845552795e+00 4.876451328236793614e+00 6.974876757130304306e+00 6.976986012758585431e+00
2.140000000000000000e+02 4.874637730964013649e+00 4.884799343944662198e+00 6.985292369710399463e+00 6.988288574531039465e+00
2.150000000000000000e+02 4.875400070415708775e+00 4.881333904811754110e+00 6.986602610198280772e+00 6.983467229066064874e+00
2.160000000000000000e+02 4.863478030577458533e+00 4.870509088240734030e+00 6.969398528090521516e+00 6.968345179428596659e+00
2.170000000000000000e+02 4.881270561672489627e+00 4.885222555060188654e+00 6.994912403069816875e+00 6.988970682844006355e+00
2.180000000000000000e+02 4.886313932318022246e+00 4.891850420347363837e+00 7.001794485686852809e+00 6.998511116280241140e+00
2.190000000000000000e+02 4.880317478140953291e+00 4.887518780973086230e+00 6.992722665945216853e+00 6.991427640469802363e+00
2.200000000000000000e+02 4.877883917020624516e+00 4.888506457244502279e+00 6.990790454864248993e+00 6.994307809402807941e+00
2.210000000000000000e+02 4.883129242631705225e+00 4.886105490410727725e+00 6.998597358360407306e+00 6.990651041345672390e+00
2.220000000000000000e+02 4.883326073164813153e+00 4.892783085455945091e+00 6.998921353839945958e+00 7.000481042389676389e+00
2.230000000000000000e+02 4.891292839571693918e+00 4.903006357613114652e+00 7.008839044420202669e+00 7.013713883460114928e+00
2.240000000000000000e+02 4.882713080456478671e+00 4.892329685282533092e+00 6.997535204822209032e+00 7.000140067689154755e+00
2.250000000000000000e+02 4.885443487756379710e+00 4.894125506493239186e+00 7.001405624548306506e+00 7.001603496736665377e+00
2.260000000000000000e+02 4.890213794334503206e+00 4.898686408951845372e+00 7.006985076929350242e+00 7.007023830281830179e+00
2.270000000000000000e+02 4.887453518904525396e+00 4.894980335825593443e+00 7.002320363892350130e+00 7.001028536191533647e+00
2.280000000000000000e+02 4.884756503241399983e+00 4.896195034305523386e+00 6.999605390812150496e+00 7.003395249599922323e+00
2.290000000000000000e+02 4.882247669325523454e+00 4.890278736605858434e+00 6.994928338979383931e+00 6.994569106797087876e+00
2.300000000000000000e+02 4.890655101675205785e+00 4.897382745218696876e+00 7.007430870419014468e+00 7.005155286419809002e+00
2.310000000000000000e+02 4.882596167458752134e+00 4.893637434318465651e+00 6.995151197472970317e+00 6.999171204234293064e+00
2.320000000000000000e+02 4.882114742222968040e+00 4.894660826067838144e+00 6.995101553520269633e+00 7.000505625699378065e+00
2.330000000000000000e+02 4.887559940176226192e+00 4.894635121468120964e+00 7.002768475883366150e+00 7.000575294641923740e+00
2.340000000000000000e+02 4.882354093017301722e+00 4.889596955913972032e+00 6.995005535995344026e+00 6.992933990957262758e+00
2.350000000000000000e+02 4.882049398735549772e+00 4.887901792832702874e+00 6.994899275551513362e+00 6.991120301792547842e+00
2.360000000000000000e+02 4.869721924168929128e+00 4.884359717385610367e+00 6.978532246651801607e+00 6.986743384451258088e+00
2.370000000000000000e+02 4.867261137916641722e+00 4.877138635449477455e+00 6.975465491082828429e+00 6.976781495248792986e+00
2.380000000000000000e+02 4.862908601290516941e+00 4.874294199549507489e+00 6.968084293117435379e+00 6.971876070818377791e+00
2.390000000000000000e+02 4.875961334458014385e+00 4.883013292758173307e+00 6.986744187832051090e+00 6.984549564470694527e+00
2.400000000000000000e+02 4.876124852829495815e+00 4.882717406714911057e+00 6.986216391722452457e+00 6.983718355441324022e+00
2.410000000000000000e+02 4.878523581809958820e+00 4.890454348856523303e+00 6.990330899349337379e+00 6.994864681233439185e+00
2.420000000000000000e+02 4.878516532225829039e+00 4.882420800155756524e+00 6.988650609980108008e+00 6.982631937296842395e+00
2.430000000000000000e+02 4.884416972697669834e+00 4.888591661860564486e+00 6.997718103595357952e+00 6.991464477883038597e+00
2.440000000000000000e+02 4.886293591938898118e+00 4.896970265269112055e+00 7.000686681674616274e+00 7.004076953181290754e+00
2.450000000000000000e+02 4.869526534754702318e+00 4.880093982458614477e+00 6.977537915586522033e+00 6.980660807682982139e+00
2.460000000000000000e+02 4.877237932576139023e+00 4.884920421816177694e+00 6.988185276119864398e+00 6.987358947741251214e+00
2.470000000000000000e+02 4.874264249877843014e+00 4.884676746259750679e+00 6.984123471245502479e+00 6.986801445407998301e+00
2.480000000000000000e+02 4.869930687230250577e+00 4.877721281775438733e+00 6.976953986718694267e+00 6.976608770591170128e+00
2.490000000000000000e+02 4.863022150829705126e+00 4.870402506796304820e+00 6.967197264934841705e+00 6.965707328308395674e+00
2.500000000000000000e+02 4.867869169010446306e+00 4.879820276667920176e+00 6.974032095232820971e+00 6.979681690383182868e+00
2.510000000000000000e+02 4.873864821649139145e+00 4.886988105907575708e+00 6.982108780689004313e+00 6.989035142116728494e+00
2.520000000000000000e+02 4.869132554105576105e+00 4.874441142839086361e+00 6.975947246086392717e+00 6.972022936526498960e+00
2.530000000000000000e+02 4.875433141953990912e+00 4.883159194323249075e+00 6.984121705419481962e+00 6.983780413545775723e+00
2.540000000000000000e+02 4.877763321067146052e+00 4.885384712492921722e+00 6.986721924122843319e+00 6.986458069103455237e+00
2.550000000000000000e+02 4.876141429106832348e+00 4.883169683566584318e+00 6.983986134044021910e+00 6.983053540928941594e+00
2.560000000000000000e+02 4.879671813369100164e+00 4.887871523182712785e+00 6.988497823264511410e+00 6.989876365790707702e+00
2.570000000000000000e+02 4.880917019629303688e+00 4.885919391062368611e+00 6.990656168059516062e+00 6.986910511343004337e+00
2.580000000000000000e+02 4.867346020068125334e+00 4.880027837023612314e+00 6.971552628992577993e+00 6.979160138382852097e+00
2.590000000000000000e+02 4.876641273617869921e+00 4.882280181909873562e+00 6.985168488217555982e+00 6.981911547923109751e+00
2.600000000000000000e+02 4.873859456164506554e+00 4.880677107979609630e+00 6.981468074133294621e+00 6.979923047608114217e+00
2.610000000000000000e+02 4.879223617610352726e+00 4.886989067823238386e+00 6.989159586425854442e+00 6.988833508223933677e+00
2.620000000000000000e+02 4.877807444666443004e+00 4.880780486831987730e+00 6.985972154074197249e+00 6.978859364428989132e+00
2.630000000000000000e+02 4.885636075462760353e+00 4.889232523668312069e+00 6.997948730644905524e+00 6.991503957690103022e+00
2.640000000000000000e+02 4.887271020335029803e+00 4.899924169237335647e+00 7.000278684823448394e+00 7.006659394195588142e+00
2.650000000000000000e+02 4.887740675336145202e+00 4.895772864317995854e+00 7.001486903834361897e+00 7.001462079642950975e+00
2.660000000000000000e+02 4.882125630787101045e+00 4.887478022037577752e+00 6.992406435320827285e+00 6.988955707675173379e+00
2.670000000000000000e+02 4.875539407039223505e+00 4.885556718879686677e+00 6.983267437049395454e+00 6.986373665759047391e+00
2.680000000000000000e+02 4.892455406059222689e+00 4.894898096635635909e+00 7.007444800124293494e+00 6.999388295747561273e+00
2.690000000000000000e+02 4.879202315424907788e+00 4.891274261489179764e+00 6.988809239605027201e+00 6.994971658765849476e+00
2.700000000000000000e+02 4.883788762801594352e+00 4.893225514263646048e+00 6.994475173762866760e+00 6.996732340009782725e+00
2.710000000000000000e+02 4.886839161535406539e+00 4.898103924658441244e+00 6.998676159555243359e+00 7.003340153560670522e+00
2.720000000000000000e+02 4.886468000962662650e+00 4.892078961915055757e+00 6.997364236086180078e+00 6.994000150052040787e+00
2.730000000000000000e+02 4.877027728891649261e+00 4.881299710407080106e+00 6.984352973312947910e+00 6.979298994205896278e+00
2.740000000000000000e+02 4.879932943384135413e+00 4.888592059269583956e+00 6.988282723946036334e+00 6.989619867708222856e+00
2.750000000000000000e+02 4.894160581245942332e+00 4.896285842765986551e+00 7.007832383385373731e+00 6.999669131152693957e+00
2.760000000000000000e+02 4.902010272723170026e+00 4.906370741830100357e+00 7.018357462737088603e+00 7.013458278610158914e+00
2.770000000000000000e+02 4.916101778017918811e+00 4.918726883638614211e+00 7.039958484467473632e+00 7.032756648402487265e+00
2.780000000000000000e+02 4.908246640541994665e+00 4.916890864515482740e+00 7.027934418567218344e+00 7.029686212871872897e+00
2.790000000000000000e+02 4.900118598521912894e+00 4.908609312425305404e+00 7.016988526289919648e+00 7.018308856249767302e+00
2.800000000000000000e+02 4.895482261460259110e+00 4.902238493570510336e+00 7.008756161542109453e+00 7.008493185516828206e+00
2.810000000000000000e+02 4.893149839997274597e+00 4.902259953286862704e+00 7.005715832601278059e+00 7.009009687016219736e+00
2.820000000000000000e+02 4.892023868612304760e+00 4.894652418998044041e+00 7.003947867110797532e+00 6.997997979609149155e+00
2.830000000000000000e+02 4.893012668881576488e+00 4.902886482580298910e+00 7.005078495819405227e+00 7.009182180506900117e+00
2.840000000000000000e+02 4.892761144354797587e+00 4.901684757967976758e+00 7.004378850513159449e+00 7.007508067455646916e+00
2.850000000000000000e+02 4.904443111619124274e+00 4.912886179198925340e+00 7.020610622855137706e+00 7.022974451452934197e+00
2.860000000000000000e+02 4.890348245499671620e+00 4.894818339981386046e+00 7.000956790712373312e+00 6.998042503095682321e+00
2.870000000000000000e+02 4.891790843325239280e+00 4.900511940952953616e+00 7.001690464138238923e+00 7.005417466298384355e+00
2.880000000000000000e+02 4.901398719237029411e+00 4.903771901340447492e+00 7.015844046320055760e+00 7.010774376067085534e+00
2.890000000000000000e+02 4.897469870455026353e+00 4.901169377582333730e+00 7.009702050113339133e+00 7.006481703043406561e+00
2.900000000000000000e+02 4.893331938583276752e+00 4.901411612751198632e+00 7.003400296837911654e+00 7.006680057697217912e+00
2.910000000000000000e+02 4.899599854861942383e+00 4.902794552833763753e+00 7.012910460890562803e+00 7.008688416423575873e+00
2.920000000000000000e+02 4.896156515910744744e+00 4.905326447965479453e+00 7.008068691727732613e+00 7.012782414944075171e+00
2.930000000000000000e+02 4.893791985466400263e+00 4.904676137487085974e+00 7.003025853149349444e+00 7.010484170435163698e+00
2.940000000000000000e+02 4.903329551604368675e+00 4.903601255320769070e+00 7.016703685853963535e+00 7.008724051868147953e+00
2.950000000000000000e+02 4.907338240199789148e+00 4.910731931254319171e+00 7.022886929463846961e+00 7.019398641916630766e+00
2.960000000000000000e+02 4.910865019612232985e+00 4.916307577282807983e+00 7.027329186838922048e+00 7.027277295064151552e+00
2.970000000000000000e+02 4.907513929447306467e+00 4.910597961038969395e+00 7.023407995276928162e+00 7.019745860071376242e+00
2.980000000000000000e+02 4.901228794120853216e+00 4.904440149065063537e+00 7.015010190749054964e+00 7.011900515293078229e+00
2.990000000000000000e+02 4.893456701453565927e+00 4.899953721939456663e+00 7.003109137949882879e+00 7.004338819322606824e+00
3.000000000000000000e+02 4.888478751770632513e+00 4.897272717946815845e+00 6.995683797555257044e+00 7.000521558687936796e+00
3.010000000000000000e+02 4.895320265612684629e+00 4.897623859612172836e+00 7.006205994177165053e+00 7.001563379575876489e+00
3.020000000000000000e+02 4.883260812889130165e+00 4.889255744787273095e+00 6.988779216260144089e+00 6.990015940043334375e+00
3.030000000000000000e+02 4.889554434584440834e+00 4.895528387467654952e+00 6.997373687622824967e+00 6.998283535521557575e+00
3.040000000000000000e+02 4.891094728122760138e+00 4.896451602015353011e+00 6.999583125112647686e+00 6.999388052311499742e+00
3.050000000000000000e+02 4.898565252607672171e+00 4.905290333429719318e+00 7.009576487012205703e+00 7.011492596574514735e+00
3.060000000000000000e+02 4.891383968467085452e+00 4.901542780314636083e+00 6.999820396572576264e+00 7.006561943296392592e+00
3.070000000000000000e+02 4.891220770092420622e+00 4.894049753296196847e+00 6.999050764483037312e+00 6.995814082474951512e+00
3.080000000000000000e+02 4.886887209569940715e+00 4.891840491678603797e+00 6.993591437117466114e+00 6.993288497934590175e+00
3.090000000000000000e+02 4.889925034773869861e+00 4.896007252573484791e+00 6.998185282447451527e+00 6.999898074791186531e+00
3.100000000000000000e+02 4.898586793302674991e+00 4.898448982531616203e+00 7.010512440987539229e+00 7.003068537842795038e+00
3.110000000000000000e+02 4.888089814509930520e+00 4.889574134234228708e+00 6.995140226305799125e+00 6.989591127100053036e+00
3.120000000000000000e+02 4.898551559488018015e+00 4.903109417798662051e+00 7.009536448475941484e+00 7.008819103005451190e+00
3.130000000000000000e+02 4.890492785664129372e+00 4.895612550346187142e+00 6.998180078343990473e+00 6.997935359281016510e+00
3.140000000000000000e+02 4.890409424537035754e+00 4.892718062209626240e+00 6.999316067075997516e+00 6.994621959111547049e+00
3.150000000000000000e+02 4.889554355012673881e+00 4.892192994926297445e+00 6.997371766929810555e+00 6.993731734847596471e+00
3.160000000000000000e+02 4.881681039863919658e+00 4.888060986175958966e+00 6.985358351612430461e+00 6.986994829144458130e+00
3.170000000000000000e+02 4.892963980381680678e+00 4.899074225198401855e+00 7.000385667729910111e+00 7.001977541629662127e+00
3.180000000000000000e+02 4.890243742588239684e+00 4.897458498784559744e+00 6.996504517064468409e+00 6.999494637598689728e+00
3.190000000000000000e+02 4.890233732224698926e+00 4.897866495716924007e+00 6.997208883155395576e+00 7.000952305005408327e+00
3.200000000000000000e+02 4.886951912063142167e+00 4.893626223542667297e+00 6.992946726538048274e+00 6.994781236559203919e+00
3.210000000000000000e+02 4.876365327367170543e+00 4.880178624425787426e+00 6.977686224139453941e+00 6.975865404033885220e+00
3.220000000000000000e+02 4.890256956534085653e+00 4.897990054797015880e+00 6.997583654416255072e+00 7.001074662324546338e+00
3.230000000000000000e+02 4.898669513164662703e+00 4.898195615160304328e+00 7.009425858331886694e+00 7.002142908778318464e+00
3.240000000000000000e+02 4.889067162363150310e+00 4.895570348636316460e+00 6.995045494012163800e+00 6.997647075016621976e+00
3.250000000000000000e+02 4.885589710175357148e+00 4.891417441486378692e+00 6.991660107117817269e+00 6.993065319894806287e+00
3.260000000000000000e+02 4.887509731230991861e+00 4.892111635329474240e+00 6.993462665330304695e+00 6.993562046902910723e+00
3.270000000000000000e+02 4.899887016857032762e+00 4.904003646684650164e+00 7.010475452340826585e+00 7.009740488004192471e+00
3.280000000000000000e+02 4.891528107777056711e+00 4.898133473861269849e+00 6.997435505686237178e+00 7.000787581963517248e+00
3.290000000000000000e+02 4.889078853193074892e+00 4.892780522754134331e+00 6.994574472466457138e+00 6.993976288198478386e+00
3.300000000000000000e+02 4.888181102443408754e+00 4.889009907300184921e+00 6.993140431364567533e+00 6.988573573875592970e+00
3.310000000000000000e+02 4.890249589672965413e+00 4.887457923738327992e+00 6.994218127876328239e+00 6.984986554318383334e+00
3.320000000000000000e+02 4.889107281748755085e+00 4.895504925064743773e+00 6.993374823746970392e+00 6.996652663515260606e+00
3.330000000000000000e+02 4.893699814684804750e+00 4.897692325180112327e+00 7.001326589305765680e+00 7.000833304069571383e+00
3.340000000000000000e+02 4.894337472503871744e+00 4.897639875233196882e+00 7.001765576492234189e+00 7.000724720571294135e+00
3.350000000000000000e+02 4.886725371700185505e+00 4.889017117378839039e+00 6.991313929817841277e+00 6.988782907583034110e+00
3.360000000000000000e+02 4.890366662304588274e+00 4.895482182582907349e+00 6.995588023310157944e+00 6.997370002988978044e+00
3.370000000000000000e+02 4.897567164604540224e+00 4.906452659675454520e+00 7.005019795900577328e+00 7.011503003867417760e+00
3.380000000000000000e+02 4.903377283119323415e+00 4.908406397024830170e+00 7.013942123636458525e+00 7.015830278981828094e+00
3.390000000000000000e+02 4.904210326523082308e+00 4.911675004915043274e+00 7.014831139146144423e+00 7.020104768797581052e+00
3.400000000000000000e+02 4.900550058991393954e+00 4.905855441295410735e+00 7.010262121770757027e+00 7.011803299731204753e+00
3.410000000000000000e+02 4.906132589712870029e+00 4.904359512016005063e+00 7.018431853563567024e+00 7.010257874138018153e+00
3.420000000000000000e+02 4.911338117493405875e+00 4.911264367286969801e+00 7.026173495294018245e+00 7.020553929537959981e+00
3.430000000000000000e+02 4.904989802306902291e+00 4.909920903539425119e+00 7.018006880874206210e+00 7.019217261041696077e+00
3.440000000000000000e+02 4.905972515051569616e+00 4.911363583162681401e+00 7.018703881059135341e+00 7.020797526428026458e+00
3.450000000000000000e+02 4.889469713412515794e+00 4.893035410973388011e+00 6.994945878871943634e+00 6.994617157392031714e+00
3.460000000000000000e+02 4.891754648249152737e+00 4.897334459068027890e+00 6.998021199925142710e+00 7.000496898002229074e+00
3.470000000000000000e+02 4.894111894029656185e+00 4.895794325822007131e+00 6.999884299832510592e+00 6.997422856253284529e+00
3.480000000000000000e+02 4.906050835926904163e+00 4.914779856157382554e+00 7.016356882987864196e+00 7.023823362299224549e+00
3.490000000000000000e+02 4.911457034581295567e+00 4.911902907373936422e+00 7.024301752008668132e+00 7.019865499539797327e+00
3.500000000000000000e+02 4.897024479516936424e+00 4.900755698603350474e+00 7.003950514638346725e+00 7.004134376416890184e+00
3.510000000000000000e+02 4.899390132894672512e+00 4.904155634653529106e+00 7.007777931420671180e+00 7.009424180636163904e+00
3.520000000000000000e+02 4.910181476707038861e+00 4.911517653027266839e+00 7.022567815498971910e+00 7.019281646853443135e+00
3.530000000000000000e+02 4.910141518686155671e+00 4.913174379277599257e+00 7.023525553348322070e+00 7.022792755677899734e+00
3.540000000000000000e+02 4.910988179665544351e+00 4.905196404673741739e+00 7.024114368222562632e+00 7.011082522486422164e+00
3.550000000000000000e+02 4.901408490436923060e+00 4.907707637800344358e+00 7.010232409569240986e+00 7.014332090770197148e+00
3.560000000000000000e+02 4.901533332648082997e+00 4.907905670889022076e+00 7.009627101699469343e+00 7.014471429940098091e+00
3.570000000000000000e+02 4.898041063943966655e+00 4.906343353804783369e+00 7.005307195861239400e+00 7.012449849253545864e+00
3.580000000000000000e+02 4.899833282126194511e+00 4.900337291546112972e+00 7.008249030046100891e+00 7.004905446023100168e+00
3.590000000000000000e+02 4.909953016185190755e+00 4.912398505891300005e+00 7.022904867902842518e+00 7.021798821856321204e+00
3.600000000000000000e+02 4.909920504295740784e+00 4.910569214558537787e+00 7.022117057224373404e+00 7.018607712492878292e+00
3.610000000000000000e+02 4.904316749544266330e+00 4.905109999468192150e+00 7.014424180894289762e+00 7.010903543895612877e+00
3.620000000000000000e+02 4.900756338065692219e+00 4.906860738400502520e+00 7.009577770457725343e+00 7.013961013639755215e+00
3.630000000000000000e+02 4.901834422083794607e+00 4.908058378471743310e+00 7.009908649400195202e+00 7.014710462032436311e+00
3.640000000000000000e+02 4.904113673868703671e+00 4.908389179939584679e+00 7.012719079013915113e+00 7.014913141811646824e+00
3.650000000000000000e+02 4.899093044173998379e+00 4.903381523549725785e+00 7.006383527521652610e+00 7.008792762885192928e+00
3.660000000000000000e+02 4.906358569258768121e+00 4.909186673716573246e+00 7.017363371107323111e+00 7.018220533896427860e+00
3.670000000000000000e+02 4.896131452184738109e+00 4.902126787170234756e+00 7.002072916762901222e+00 7.006622003401623999e+00
3.680000000000000000e+02 4.896868006600269219e+00 4.898607855695606084e+00 7.002858404433121464e+00 7.001640340366890314e+00
3.690000000000000000e+02 4.910295748543116900e+00 4.918345473463412887e+00 7.021792260729374568e+00 7.029276527874624314e+00
3.700000000000000000e+02 4.911718648021311751e+00 4.911941024548584167e+00 7.024039735261843553e+00 7.020151139178261168e+00
3.710000000000000000e+02 4.910077377322621395e+00 4.909768917534353072e+00 7.021266228496109818e+00 7.016951131301979672e+00
3.720000000000000000e+02 4.905407006453033958e+00 4.913615847258404834e+00 7.015065045904828267e+00 7.023616680086001374e+00
3.730000000000000000e+02 4.906384033554408219e+00 4.905521837655083317e+00 7.015813055513474339e+00 7.010586830938181357e+00
3.740000000000000000e+02 4.901000254771184395e+00 4.907246550555564468e+00 7.007252058875518941e+00 7.012464025693842196e+00
3.750000000000000000e+02 4.895423886720272399e+00 4.895074668499803217e+00 6.998995672890898412e+00 6.995342105550846235e+00
3.760000000000000000e+02 4.898219397861933722e+00 4.901370773056002328e+00 7.003921845509739619e+00 7.005113647315777570e+00
3.770000000000000000e+02 4.893763397356712730e+00 4.896242120475286619e+00 6.996761893551854961e+00 6.996680132150281395e+00
3.780000000000000000e+02 4.890749995258881100e+00 4.890612262532108012e+00 6.992108788677507292e+00 6.988250061926341239e+00
3.790000000000000000e+02 4.896485876795710901e+00 4.898676161817694386e+00 7.000135426863471899e+00 6.999838419515257648e+00
3.800000000000000000e+02 4.893062956892619830e+00 4.895173883566054762e+00 6.995266188929736728e+00 6.994487987942743956e+00
3.810000000000000000e+02 4.897886194494326162e+00 4.898025851301158973e+00 7.002204487313660408e+00 6.999093051901398077e+00
3.820000000000000000e+02 4.907773061814151738e+00 4.908064304627590246e+00 7.015184845397278934e+00 7.012262872077529074e+00
3.830000000000000000e+02 4.906823661491205968e+00 4.909675788194403090e+00 7.014035163379628735e+00 7.014825217451598149e+00
3.840000000000000000e+02 4.896635461678717327e+00 4.902090591059111269e+00 7.000311117884535861e+00 7.004541247984597874e+00
3.850000000000000000e+02 4.913028797216595578e+00 4.911916118382047003e+00 7.023734473031736592e+00 7.018233099578769618e+00
3.860000000000000000e+02 4.901829537868251485e+00 4.902817456258733664e+00 7.007272956458413304e+00 7.005525570423018600e+00
3.870000000000000000e+02 4.905603599170217599e+00 4.911868873304619854e+00 7.013465409315967847e+00 7.019683238322987684e+00
3.880000000000000000e+02 4.899780992370785349e+00 4.902453904416535835e+00 7.005426035203376145e+00 7.006235465925096051e+00
3.890000000000000000e+02 4.902785985673481228e+00 4.908520747307774101e+00 7.010281015460004816e+00 7.015654585567380863e+00
3.900000000000000000e+02 4.904962175444250505e+00 4.904720340762703579e+00 7.013047796435114556e+00 7.009699164921223691e+00
3.910000000000000000e+02 4.905425425021732622e+00 4.908545811412029281e+00 7.013389491185723301e+00 7.014985611532145171e+00
3.920000000000000000e+02 4.907433611595472200e+00 4.908855550591741057e+00 7.016459847851929332e+00 7.015913234206632154e+00
3.930000000000000000e+02 4.910577060699950813e+00 4.907619632154405664e+00 7.020720732357419003e+00 7.013441860233434966e+00
3.940000000000000000e+02 4.905769198418756361e+00 4.904676219855624630e+00 7.012972684092630082e+00 7.008598255074336869e+00
3.950000000000000000e+02 4.900414245768501154e+00 4.905936480784847120e+00 7.005275726594654806e+00 7.010498908081538971e+00
3.960000000000000000e+02 4.894207826923121729e+00 4.892662490344720005e+00 6.996339797072208988e+00 6.991657068954023835e+00
3.970000000000000000e+02 4.905683516734112182e+00 4.908470138494094748e+00 7.012415103651587600e+00 7.013732148361858876e+00
3.980000000000000000e+02 4.915465001663859468e+00 4.918820655535215636e+00 7.026166614479354422e+00 7.028407282316662119e+00
3.990000000000000000e+02 4.908955170177198291e+00 4.912121198204161487e+00 7.016171895339058828e+00 7.018299006700122966e+00
4.000000000000000000e+02 4.914886200812314421e+00 4.921451044993086832e+00 7.024627432141891781e+00 7.031249894945471368e+00
4.010000000000000000e+02 4.915156381734417934e+00 4.912093493025107449e+00 7.025167076232959218e+00 7.018843383360896304e+00
4.020000000000000000e+02 4.915528423518307655e+00 4.918821376290765102e+00 7.026175984605670166e+00 7.028489923071216339e+00
4.030000000000000000e+02 4.904617282177714088e+00 4.907048840372174148e+00 7.009967430912258379e+00 7.011577163966054904e+00
4.040000000000000000e+02 4.912355985278700210e+00 4.912630811818876175e+00 7.021468741283974246e+00 7.019664579068982668e+00
4.050000000000000000e+02 4.909421219416748805e+00 4.907146855740918134e+00 7.016497565670406722e+00 7.011159877143811059e+00
4.060000000000000000e+02 4.894987303338028894e+00 4.895721454358008984e+00 6.996661552970856235e+00 6.995771561058933052e+00
4.070000000000000000e+02 4.901391593686223125e+00 4.905126254279129405e+00 7.005217269813496017e+00 7.008658307769061402e+00
4.080000000000000000e+02 4.900780921509876542e+00 4.905932156569122959e+00 7.004089207918074322e+00 7.009645514451532833e+00
4.090000000000000000e+02 4.913641791893587296e+00 4.917239360847158736e+00 7.022679282979397364e+00 7.025633449126377883e+00
4.100000000000000000e+02 4.919147370654251006e+00 4.921646515575417880e+00 7.031196882286698369e+00 7.033047814158475575e+00
4.110000000000000000e+02 4.910439486484944105e+00 4.912877850753286424e+00 7.018335680077117722e+00 7.020021966160273408e+00
4.120000000000000000e+02 4.913157643577223510e+00 4.915856100209594182e+00 7.021506620683628519e+00 7.023844744099419835e+00
4.130000000000000000e+02 4.913311311812311288e+00 4.914772409207647463e+00 7.021870814465624555e+00 7.021720748962310132e+00
4.140000000000000000e+02 4.909723513292450825e+00 4.915517451974442231e+00 7.016631458686469536e+00 7.022853216055867875e+00
4.150000000000000000e+02 4.908259452529430078e+00 4.907405906158550657e+00 7.015890892390022060e+00 7.012539302401012087e+00
4.160000000000000000e+02 4.911789275385281428e+00 4.916315505028574506e+00 7.019652005495352398e+00 7.024480322979785640e+00
4.170000000000000000e+02 4.917955094826984563e+00 4.917392871135992216e+00 7.028860921529798134e+00 7.026505825333453359e+00
4.180000000000000000e+02 4.911469047211380889e+00 4.912778877708809944e+00 7.020511332127616910e+00 7.020129359583790141e+00
4.190000000000000000e+02 4.914753032067379124e+00 4.918156331002224491e+00 7.025002279556630924e+00 7.027439055626451214e+00
4.200000000000000000e+02 4.901837868981110624e+00 4.904261658016439540e+00 7.006789933387129743e+00 7.008250956289027833e+00
4.210000000000000000e+02 4.912561224934315796e+00 4.913878902700364648e+00 7.020839008075741461e+00 7.020603898035745694e+00
4.220000000000000000e+02 4.908613557323042720e+00 4.909529886341776894e+00 7.014713986683553060e+00 7.013880053053482833e+00
4.230000000000000000e+02 4.905637070296571700e+00 4.909201646833180277e+00 7.011779598648097078e+00 7.014563677471894465e+00
4.240000000000000000e+02 4.904627370999079972e+00 4.904323716708777425e+00 7.010406817316923167e+00 7.007663978403479987e+00
4.250000000000000000e+02 4.909405765136838795e+00 4.908449478566714319e+00 7.017007905982772797e+00 7.013652390788441160e+00
4.260000000000000000e+02 4.913976760392846366e+00 4.917763710127728949e+00 7.022439699567859073e+00 7.025679016040448310e+00
4.270000000000000000e+02 4.912820996930018502e+00 4.914276169693325258e+00 7.020816105981497302e+00 7.020634412907877930e+00
4.280000000000000000e+02 4.924425050315489827e+00 4.921509823575281217e+00 7.038357321623118779e+00 7.031712431159575338e+00
4.290000000000000000e+02 4.917631824113120054e+00 4.923034740714158808e+00 7.028036684307197746e+00 7.033447881724559814e+00
4.300000000000000000e+02 4.909592346723986367e+00 4.910315367653153906e+00 7.015881127377155302e+00 7.014820250642731736e+00
4.310000000000000000e+02 4.913679749176849576e+00 4.913281604564197380e+00 7.021073395545723628e+00 7.018580084087756354e+00
4.320000000000000000e+02 4.917871255210482850e+00 4.918310961485898858e+00 7.028722711427411340e+00 7.026661257128758997e+00
4.330000000000000000e+02 4.913142748875809929e+00 4.915966448609242256e+00 7.021432467577279013e+00 7.023143903351776629e+00
4.340000000000000000e+02 4.909008901055102569e+00 4.913829577423089567e+00 7.016831416186276371e+00 7.021198165942999836e+00
4.350000000000000000e+02 4.921658767827148395e+00 4.921895397241097925e+00 7.035022464212554283e+00 7.032299083514624627e+00
4.360000000000000000e+02 4.917372369727035064e+00 4.917943003921508627e+00 7.029082338098871396e+00 7.026573329416314628e+00
4.370000000000000000e+02 4.903775266029289703e+00 4.911282143758466390e+00 7.010062244813545895e+00 7.017888844085130806e+00
4.380000000000000000e+02 4.912925978376169844e+00 4.918266438095264981e+00 7.022201858625169102e+00 7.026796588666927690e+00
4.390000000000000000e+02 4.910393042051523160e+00 4.912756933566137185e+00 7.019184030535129182e+00 7.019468786166237706e+00
4.400000000000000000e+02 4.908955569040627687e+00 4.911275499075447470e+00 7.016666374122779715e+00 7.016718906049451476e+00
4.410000000000000000e+02 4.908542688323521475e+00 4.912206401801977762e+00 7.016470581980329690e+00 7.018090405785508246e+00
4.420000000000000000e+02 4.901146236925278288e+00 4.902551679450650290e+00 7.006268299971521785e+00 7.004737523495518481e+00
4.430000000000000000e+02 4.911745477107386293e+00 4.914458105191735093e+00 7.021071244415542978e+00 7.021894200836642952e+00
4.440000000000000000e+02 4.903760371730610856e+00 4.909157524882453494e+00 7.010112053886219385e+00 7.014091859160942910e+00
4.450000000000000000e+02 4.908501208282743278e+00 4.909922988272731992e+00 7.016465537458904222e+00 7.015055924072528093e+00
4.460000000000000000e+02 4.908385335051916876e+00 4.904645310951267767e+00 7.016685109548550514e+00 7.007815253435399683e+00
4.470000000000000000e+02 4.907787156103412762e+00 4.915593764987004732e+00 7.016461214174605665e+00 7.023489274295591223e+00
4.480000000000000000e+02 4.904135294319636351e+00 4.912174048578557439e+00 7.012425991081057575e+00 7.019897926169970326e+00
4.490000000000000000e+02 4.893931319472016206e+00 4.897776007761255990e+00 6.996793442304019450e+00 6.998158215296692575e+00
4.500000000000000000e+02 4.906002064520204264e+00 4.907250076228170776e+00 7.012451375854833024e+00 7.010553366063506431e+00
4.510000000000000000e+02 4.909117725451547898e+00 4.911787194312378979e+00 7.017578462498064162e+00 7.017207700642981827e+00
4.520000000000000000e+02 4.897971879339496404e+00 4.899721655334506210e+00 7.002654772294971686e+00 7.000237448486735126e+00
4.530000000000000000e+02 4.897472515733324983e+00 4.901467910282643281e+00 7.001224737151978239e+00 7.002344791557087333e+00
4.540000000000000000e+02 4.903516297401601776e+00 4.910894250215770640e+00 7.008857795327492646e+00 7.014602681516381999e+00
4.550000000000000000e+02 4.912613356004311704e+00 4.914579903156286456e+00 7.021867534239853548e+00 7.019879512290912338e+00
4.560000000000000000e+02 4.901750583507931580e+00 4.906093674860842135e+00 7.006900118613422990e+00 7.008191298698598359e+00
4.570000000000000000e+02 4.896798741547652156e+00 4.901780211136190779e+00 7.000939416167906160e+00 7.002848877896859392e+00
4.580000000000000000e+02 4.889217148545612623e+00 4.893208298989762284e+00 6.989583281053979746e+00 6.990717349262610014e+00
4.590000000000000000e+02 4.895124157480115201e+00 4.900293410566259666e+00 6.997791861078079378e+00 7.000564250069573724e+00
4.600000000000000000e+02 4.904724106906441783e+00 4.911472250215205726e+00 7.012206901771142142e+00 7.017004305973602030e+00
4.610000000000000000e+02 4.895342129513130303e+00 4.895736031653229681e+00 6.999896078542106714e+00 6.995008104172240948e+00
4.620000000000000000e+02 4.890096403772051126e+00 4.891519782119586601e+00 6.992718911447100005e+00 6.988678238936710585e+00
4.630000000000000000e+02 4.904416126962234834e+00 4.911335637070125770e+00 7.012204335579770742e+00 7.016841264732614825e+00
4.640000000000000000e+02 4.895701037535994615e+00 4.902426760120664362e+00 6.999855959219994261e+00 7.004230713730553504e+00
4.650000000000000000e+02 4.886004193477583968e+00 4.891645665887335959e+00 6.985505699857373685e+00 6.987601432257975809e+00
4.660000000000000000e+02 4.885020441422648574e+00 4.888922623318411098e+00 6.984955087649233896e+00 6.984056684006109350e+00
4.670000000000000000e+02 4.883727906561763810e+00 4.886833558282943635e+00 6.983873947213163902e+00 6.982718098949466601e+00
4.680000000000000000e+02 4.883766344029181639e+00 4.885940692328658130e+00 6.982790569684711457e+00 6.979370108412507712e+00
4.690000000000000000e+02 4.898150130855230877e+00 4.908510578672862223e+00 7.003307325733236333e+00 7.011653800955006233e+00
4.700000000000000000e+02 4.893429553311747782e+00 4.895097732362994059e+00 6.997230350375468255e+00 6.993065165789792204e+00
4.710000000000000000e+02 4.890269609777728732e+00 4.892598427646515979e+00 6.994035311426610058e+00 6.990116842840635947e+00
4.720000000000000000e+02 4.897099992348044495e+00 4.900818639123281528e+00 7.003559491730356967e+00 7.001258686040515045e+00
4.730000000000000000e+02 4.891368757060323702e+00 4.898664550513324834e+00 6.995233606026713069e+00 6.997867454471697890e+00
4.740000000000000000e+02 4.894948787532144685e+00 4.898308606562388867e+00 6.999857879733553112e+00 6.997166132960920493e+00
4.750000000000000000e+02 4.901046300117568144e+00 4.907353218864949795e+00 7.008163751709121314e+00 7.009494739270408559e+00
4.760000000000000000e+02 4.900019545414562749e+00 4.906925921220251396e+00 7.007340870779559694e+00 7.009132215737249538e+00
4.770000000000000000e+02 4.893211021675776706e+00 4.896726673748564629e+00 6.998005348088883082e+00 6.994906409330763353e+00
4.780000000000000000e+02 4.891352023762856049e+00 4.900971268966102024e+00 6.995792880781396939e+00 7.000684690677505095e+00
4.790000000000000000e+02 4.888180144034134145e+00 4.893346273374507227e+00 6.991880327909831827e+00 6.990762755157069464e+00
4.800000000000000000e+02 4.896379373382891309e+00 4.903572989836607832e+00 7.002479476217419396e+00 7.003780668700577472e+00
4.810000000000000000e+02 4.896909808628217675e+00 4.903675890265521531e+00 7.003056202180236944e+00 7.003473090193427453e+00
4.820000000000000000e+02 4.896656042167840894e+00 4.905837346910333352e+00 7.004018020674720901e+00 7.007384832730776836e+00
4.830000000000000000e+02 4.895957687460459340e+00 4.902893371977930848e+00 7.002845362488131720e+00 7.003480298837096107e+00
4.840000000000000000e+02 4.886810015864489820e+00 4.900610678532067332e+00 6.988637481895677794e+00 6.999368602955789775e+00
4.850000000000000000e+02 4.899415198810704197e+00 4.905982366887052137e+00 7.007707227212624623e+00 7.007471635664988874e+00
4.860000000000000000e+02 4.885389439786813170e+00 4.896856318084420678e+00 6.989214129181252844e+00 6.995883439423711714e+00
4.870000000000000000e+02 4.892890872844803951e+00 4.902603010905475678e+00 6.999761628340833042e+00 7.003494714181070613e+00
4.880000000000000000e+02 4.892681069543376893e+00 4.896549620107260026e+00 6.999413448741203858e+00 6.994594579127469736e+00
4.890000000000000000e+02 4.888152999491402362e+00 4.899849459526926410e+00 6.991823477323832137e+00 6.998451544861944207e+00
4.900000000000000000e+02 4.903946712299315891e+00 4.914180395832507209e+00 7.014431312706881805e+00 7.019190839818369554e+00
4.910000000000000000e+02 4.889195768455699920e+00 4.897345831247697845e+00 6.994169282518752695e+00 6.995836749605800264e+00
4.920000000000000000e+02 4.889868742934869950e+00 4.895717611812207437e+00 6.994807431172207934e+00 6.992709693606164123e+00
4.930000000000000000e+02 4.896325962644572094e+00 4.903737150152263524e+00 7.004219018427315646e+00 7.004760989645785862e+00
4.940000000000000000e+02 4.895044640412478110e+00 4.902956874457592207e+00 7.002185673258867205e+00 7.003490791588756537e+00
4.950000000000000000e+02 4.883517143596212584e+00 4.894123186688084104e+00 6.987020464814164278e+00 6.991774062777587950e+00
4.960000000000000000e+02 4.885747385043652358e+00 4.891556459730851181e+00 6.988721162284925903e+00 6.987130413095139048e+00
4.970000000000000000e+02 4.900344740538574051e+00 4.909536853669866474e+00 7.010541516449850796e+00 7.012778418849728190e+00
4.980000000000000000e+02 4.893839312249007811e+00 4.901636153182987954e+00 7.000460870572341676e+00 7.000945023398082334e+00
4.990000000000000000e+02 4.894906266572947473e+00 4.893238331097305327e+00 7.002126576518614698e+00 6.989263698068693742e+00
5.000000000000000000e+02 4.896123126246223478e+00 4.902287425337092053e+00 7.003541877942596194e+00 7.002049944268297743e+00
