# delays[ps] pumped_signal, blocked_signal, pumped_reference, blocked_reference
-2.000000000000000000e+01 5.377647529773830648e+00 5.376624851883891054e+00 6.107864292029842268e+00 6.106429848892022783e+00
-1.800000000000000000e+01 5.384013148420739192e+00 5.382777308218830825e+00 6.111557082538796593e+00 6.110602152730642445e+00
-1.600000000000000000e+01 5.387976436948830994e+00 5.387744131680511472e+00 6.113921143085270238e+00 6.113749776842496431e+00
-1.400000000000000000e+01 5.377541984401328357e+00 5.378583556682897004e+00 6.101463256770156995e+00 6.102507714438401010e+00
-1.200000000000000000e+01 5.376528359225241971e+00 5.373734287075205174e+00 6.101215414321349506e+00 6.098495408396922279e+00
-1.000000000000000000e+01 5.373387229228657525e+00 5.377939490544332735e+00 6.098284481929597156e+00 6.104627297015617238e+00
-8.000000000000000000e+00 5.375881893106881471e+00 5.376953413977246576e+00 6.100010804275616039e+00 6.101970872994204598e+00
-6.000000000000000000e+00 5.384914343671949766e+00 5.390191388077146151e+00 6.108455422979560900e+00 6.115239226429272534e+00
-4.000000000000000000e+00 5.382074865744310266e+00 5.382081351452672635e+00 6.105938892652672756e+00 6.107124446152211839e+00
-2.000000000000000000e+00 5.379062341194561725e+00 5.380605119089358013e+00 6.106072704315895550e+00 6.108874471334116762e+00
-1.000000000000000000e+00 5.372329482625405994e+00 5.376921382659188176e+00 6.098082606148180318e+00 6.103928217764551079e+00
-9.000000000000000222e-01 5.382529789213789329e+00 5.385513885697051251e+00 6.108697500503919464e+00 6.113641671220443108e+00
-8.000000000000000444e-01 5.386498761355092313e+00 5.377436201121920334e+00 6.114590193522837502e+00 6.105455542221013943e+00
-6.999999999999999556e-01 5.382922408919595725e+00 5.376352430751058620e+00 6.109623359551958899e+00 6.102877595776076802e+00
-5.999999999999999778e-01 5.373539140880255083e+00 5.376893353318322966e+00 6.096841723217273135e+00 6.101372766963735650e+00
-5.000000000000000000e-01 5.379578200815685385e+00 5.383697401194916132e+00 6.103257081633102210e+00 6.109040471538464523e+00
-4.000000000000000222e-01 5.384147999049343269e+00 5.380609844836481415e+00 6.106483662894884645e+00 6.105294507976652518e+00
-2.999999999999999889e-01 5.374397489344259427e+00 5.373806355345923436e+00 6.088024252925382740e+00 6.095337852283871705e+00
-2.000000000000000111e-01 5.390648952989693932e+00 5.381281297485729809e+00 6.101927228471303977e+00 6.104820447386893889e+00
-1.000000000000000056e-01 5.388254468395974328e+00 5.374646613281486296e+00 6.096953187548080244e+00 6.097947915762547133e+00
0.000000000000000000e+00 5.387397154799587362e+00 5.376500977013021654e+00 6.094734466342346835e+00 6.098847996104874269e+00
1.000000000000000056e-01 5.391866133189054722e+00 5.376756582550836328e+00 6.100410469276169145e+00 6.098611201698183493e+00
2.000000000000000111e-01 5.380258062273507669e+00 5.367347523161848599e+00 6.088776827907651956e+00 6.089052373817401609e+00
2.999999999999999889e-01 5.399271487828096738e+00 5.389721813137381190e+00 6.109107899699923294e+00 6.112609948369301271e+00
4.000000000000000222e-01 5.377290219200204113e+00 5.365090532665623080e+00 6.089350585045719022e+00 6.089631018692945652e+00
5.000000000000000000e-01 5.391123173524452028e+00 5.379993884125878978e+00 6.098778002913276985e+00 6.100172958736719053e+00
5.999999999999999778e-01 5.395640600682287236e+00 5.379036957701727850e+00 6.104557628929704549e+00 6.099776497026899946e+00
6.999999999999999556e-01 5.389720852717649890e+00 5.375393576956761343e+00 6.099650693797448398e+00 6.097091960025315949e+00
8.000000000000000444e-01 5.392304721080445340e+00 5.377963592690793604e+00 6.102866302658234154e+00 6.100049078643520417e+00
9.000000000000000222e-01 5.389634046293240388e+00 5.376127649889822280e+00 6.098592700960078439e+00 6.096911704642606011e+00
1.000000000000000000e+00 5.390604753017752770e+00 5.384099712719218722e+00 6.102146245951079351e+00 6.108332183391008030e+00
1.100000000000000089e+00 5.395287057637491834e+00 5.382196103834202994e+00 6.107457412381815054e+00 6.106107217240531959e+00
1.199999999999999956e+00 5.391257064260152276e+00 5.379534639155479248e+00 6.101952774324393758e+00 6.102678919584773709e+00
1.300000000000000044e+00 5.398641516959280295e+00 5.383938195899339973e+00 6.107198202128659048e+00 6.104214494927065360e+00
1.399999999999999911e+00 5.389246150016056447e+00 5.381160858331784702e+00 6.101574163829166508e+00 6.106022974875395803e+00
1.500000000000000000e+00 5.389189535179240487e+00 5.373076528793340856e+00 6.100124993378307714e+00 6.095686434717323188e+00
1.600000000000000089e+00 5.380244688656539154e+00 5.371481858872015458e+00 6.090506110241985738e+00 6.093921995288236637e+00
1.699999999999999956e+00 5.397799016200807820e+00 5.379777196542750772e+00 6.110206887322199520e+00 6.103356301700771702e+00
1.800000000000000044e+00 5.390905363789776139e+00 5.372887224259277339e+00 6.096587953270896421e+00 6.090251943588038230e+00
1.899999999999999911e+00 5.400184374895878214e+00 5.390765225123173465e+00 6.108692856425177453e+00 6.112960207479662067e+00
2.000000000000000000e+00 5.395325814607702775e+00 5.386510933440759707e+00 6.107433548016325986e+00 6.112240706805116552e+00
3.000000000000000000e+00 5.402991500650845325e+00 5.387656207191237279e+00 6.110369928362884728e+00 6.109828600843278501e+00
4.000000000000000000e+00 5.404381169465986012e+00 5.388630671925612958e+00 6.113635025584988725e+00 6.112847617518497145e+00
5.000000000000000000e+00 5.403700029124867577e+00 5.391989213648169965e+00 6.110790338124346910e+00 6.116171573471762990e+00
6.000000000000000000e+00 5.412193878437294714e+00 5.392133593850994444e+00 6.117134754292188781e+00 6.113910332190289232e+00
7.000000000000000000e+00 5.406481286222504679e+00 5.388457305782757167e+00 6.110868087876771604e+00 6.110241483712520072e+00
8.000000000000000000e+00 5.403321340515731208e+00 5.385489781274499954e+00 6.109231859737914050e+00 6.109024054712492102e+00
9.000000000000000000e+00 5.396656466188739287e+00 5.387093340140603814e+00 6.102909863361658083e+00 6.112560299630131588e+00
1.000000000000000000e+01 5.393712491678355647e+00 5.381481891466626699e+00 6.097221772962089226e+00 6.104303462956989890e+00
1.100000000000000000e+01 5.396684653673543330e+00 5.379291521664725906e+00 6.099699218204349016e+00 6.102087462004747387e+00
1.200000000000000000e+01 5.400181250487566587e+00 5.388045703929279284e+00 6.099586229659541559e+00 6.108875110629987226e+00
1.300000000000000000e+01 5.411878131263829772e+00 5.396680171526251790e+00 6.113174898755217690e+00 6.119251855551807395e+00
1.400000000000000000e+01 5.417126668490323205e+00 5.396013525221342810e+00 6.116329169113668307e+00 6.117083666316981194e+00
1.500000000000000000e+01 5.405447565407288657e+00 5.383086327629471590e+00 6.102544790048394674e+00 6.101858840599311939e+00
1.600000000000000000e+01 5.411040436391398423e+00 5.384752747574857779e+00 6.107248327701923607e+00 6.102627110681995148e+00
1.700000000000000000e+01 5.398909297399146823e+00 5.386806021616544982e+00 6.096042462955373331e+00 6.108349321021365519e+00
1.800000000000000000e+01 5.399174672912169015e+00 5.374363937612580244e+00 6.095759864984771070e+00 6.094528665795800215e+00
1.900000000000000000e+01 5.407121030822496621e+00 5.385377352863237377e+00 6.106856747725271539e+00 6.108430518192681014e+00
2.000000000000000000e+01 5.403157660015716957e+00 5.379665485547862502e+00 6.101246324093346551e+00 6.101540850905972313e+00
2.100000000000000000e+01 5.404797734321715730e+00 5.376557987064082056e+00 6.101089933938309784e+00 6.095762665234067512e+00
2.200000000000000000e+01 5.406537984560683796e+00 5.380700892767581678e+00 6.101238718936954797e+00 6.098163165474497660e+00
2.300000000000000000e+01 5.400150660948595416e+00 5.374734376747828613e+00 6.094278263024596853e+00 6.091648901643050174e+00
2.400000000000000000e+01 5.409255183541039180e+00 5.385619669716769309e+00 6.107456852181441853e+00 6.106670246955300030e+00
2.500000000000000000e+01 5.405169297089206459e+00 5.381986702212756768e+00 6.101948452347688345e+00 6.102616221424338683e+00
2.600000000000000000e+01 5.391224074523814025e+00 5.367532104655898806e+00 6.088476379288020546e+00 6.086938319427287247e+00
2.700000000000000000e+01 5.396769778360358316e+00 5.372377930622470821e+00 6.095759786440776651e+00 6.093438326776764669e+00
2.800000000000000000e+01 5.394119287650666728e+00 5.368394221878845407e+00 6.093292829716519421e+00 6.089358435038988659e+00
2.900000000000000000e+01 5.397251285135308052e+00 5.373021354620187040e+00 6.097178365785395293e+00 6.094063333787234527e+00
3.000000000000000000e+01 5.390307904878230083e+00 5.364290397394110954e+00 6.091664762958830082e+00 6.086258378267095814e+00
3.100000000000000000e+01 5.403748317820060265e+00 5.379493239778989633e+00 6.104210735569562729e+00 6.100888778127045775e+00
3.200000000000000000e+01 5.400047921075096014e+00 5.378589721271682222e+00 6.101900002173322513e+00 6.100661995951346839e+00
3.300000000000000000e+01 5.396457152665112389e+00 5.376578086657032962e+00 6.099373060600846941e+00 6.100113780588842793e+00
3.400000000000000000e+01 5.389567342161052821e+00 5.368844978352623976e+00 6.093641882634262430e+00 6.091585000507888203e+00
3.500000000000000000e+01 5.387049778282267276e+00 5.370653535812471624e+00 6.086709456010641617e+00 6.089633983125559702e+00
3.600000000000000000e+01 5.397727026289216745e+00 5.376211333231533551e+00 6.097398258727194431e+00 6.094373877162186481e+00
3.700000000000000000e+01 5.393100934533594071e+00 5.373166615213923691e+00 6.091301605527676521e+00 6.089545655779373234e+00
3.800000000000000000e+01 5.395136913238204102e+00 5.378246027913208493e+00 6.094764338364233147e+00 6.095478711129959315e+00
3.900000000000000000e+01 5.381609693934533034e+00 5.371801770969987011e+00 6.081275525026198281e+00 6.090054952826029044e+00
4.000000000000000000e+01 5.390554703212989018e+00 5.372693676924489736e+00 6.089989930931982265e+00 6.089412968065395226e+00
4.100000000000000000e+01 5.390619165374265442e+00 5.372879935576744259e+00 6.091229536834129377e+00 6.090262591599352682e+00
4.200000000000000000e+01 5.386207362103503371e+00 5.373133864552548822e+00 6.086654124925841458e+00 6.090393522657720382e+00
4.300000000000000000e+01 5.393409874212745869e+00 5.374746229994658009e+00 6.097071701642462038e+00 6.094218285060631679e+00
4.400000000000000000e+01 5.398783252573119640e+00 5.381543388388101867e+00 6.102303834744964739e+00 6.100734704946532361e+00
4.500000000000000000e+01 5.395084379263050955e+00 5.379527671572570391e+00 6.099074129209355100e+00 6.099730608404390075e+00
4.600000000000000000e+01 5.395631235787432090e+00 5.380555470821539288e+00 6.098964750444900496e+00 6.099605448337507951e+00
4.700000000000000000e+01 5.399605090835977173e+00 5.379478344541380963e+00 6.103796247556420695e+00 6.098843826764972498e+00
4.800000000000000000e+01 5.391116447662994027e+00 5.376752098570771743e+00 6.092677905816968220e+00 6.094100411334960832e+00
4.900000000000000000e+01 5.400399860635205052e+00 5.393493795694794812e+00 6.101028750895032715e+00 6.110435911124454833e+00
5.000000000000000000e+01 5.400249637852999385e+00 5.387944406003447817e+00 6.102837315935562224e+00 6.106209396308267756e+00
5.100000000000000000e+01 5.387063472930332608e+00 5.377505388142864717e+00 6.088687063034679881e+00 6.094673206182840808e+00
5.200000000000000000e+01 5.397569032957565405e+00 5.382091122072491629e+00 6.097147614888176470e+00 6.096262354133571648e+00
5.300000000000000000e+01 5.383903290642786388e+00 5.375625323428077529e+00 6.082233670983836049e+00 6.089719105429764134e+00
5.400000000000000000e+01 5.395295465691981818e+00 5.374901019226663301e+00 6.094897425607968877e+00 6.089344979912486799e+00
5.500000000000000000e+01 5.396287549144236806e+00 5.383924983111223028e+00 6.096661702957027806e+00 6.100016568621890123e+00
5.600000000000000000e+01 5.383680187353657054e+00 5.368250963324640246e+00 6.084472400645384305e+00 6.084424032740637145e+00
5.700000000000000000e+01 5.388493897818179335e+00 5.376659448389468743e+00 6.090106678774571236e+00 6.093941696734598068e+00
5.800000000000000000e+01 5.397268741359138922e+00 5.376232632378180831e+00 6.098604473287616123e+00 6.091643057040506015e+00
5.900000000000000000e+01 5.397492240251434481e+00 5.382484384016950507e+00 6.096676839560122296e+00 6.096677077892389107e+00
6.000000000000000000e+01 5.393351979110970973e+00 5.375403427821109581e+00 6.091184452820318285e+00 6.087402049637329782e+00
6.100000000000000000e+01 5.390462214518418449e+00 5.383018503302186453e+00 6.089116041932221890e+00 6.097051042464815218e+00
6.200000000000000000e+01 5.394435990739806286e+00 5.373922632885363093e+00 6.094982307949001310e+00 6.088407913227883661e+00
6.300000000000000000e+01 5.391707103232145748e+00 5.380481399078720806e+00 6.093422713554748071e+00 6.097652267457332798e+00
6.400000000000000000e+01 5.399865021202919557e+00 5.389988069686914685e+00 6.100102569111075290e+00 6.106032662627391971e+00
6.500000000000000000e+01 5.400938546283372332e+00 5.382602899433608812e+00 6.099515201036350476e+00 6.095297895662863397e+00
6.600000000000000000e+01 5.388832711345011184e+00 5.375260169136534039e+00 6.085089161276580505e+00 6.086560911645347183e+00
6.700000000000000000e+01 5.401189350267481259e+00 5.385139682657136717e+00 6.097112302479455792e+00 6.095431785558614202e+00
6.800000000000000000e+01 5.395210663610900959e+00 5.395845038805200389e+00 6.091725378338876951e+00 6.109101331730814266e+00
6.900000000000000000e+01 5.401665334147250697e+00 5.388509036270535901e+00 6.102004106903057945e+00 6.103486108215964379e+00
7.000000000000000000e+01 5.399101724020632709e+00 5.380409890143722507e+00 6.101202445645265371e+00 6.096393362535296845e+00
7.100000000000000000e+01 5.395786985209551467e+00 5.376068151172638920e+00 6.097375761340570577e+00 6.091324424538898441e+00
7.200000000000000000e+01 5.385972090707824123e+00 5.374838638745868202e+00 6.085943589173409940e+00 6.088745676761289083e+00
7.300000000000000000e+01 5.384563526056983740e+00 5.369542937173213737e+00 6.085044799106031022e+00 6.082725178083414619e+00
7.400000000000000000e+01 5.391722155644101733e+00 5.379648832398642888e+00 6.092001246913993029e+00 6.093154291565579861e+00
7.500000000000000000e+01 5.400364948984711866e+00 5.386354941027034826e+00 6.099303794863766726e+00 6.098269184876190074e+00
7.600000000000000000e+01 5.380175983823168195e+00 5.369691880921261706e+00 6.079488748888120853e+00 6.081624505314099594e+00
7.700000000000000000e+01 5.392435809255170298e+00 5.377410580703520182e+00 6.092612722948022252e+00 6.090136476745700023e+00
7.800000000000000000e+01 5.393988196033671301e+00 5.387121767333846734e+00 6.095312069262346810e+00 6.101576166648292165e+00
7.900000000000000000e+01 5.391594030180949737e+00 5.376834416981004949e+00 6.091924610802605500e+00 6.089489841262331282e+00
8.000000000000000000e+01 5.387057545632866429e+00 5.377667706963486616e+00 6.085410351292312114e+00 6.089230710205172592e+00
8.100000000000000000e+01 5.396566781979983851e+00 5.386738675237256579e+00 6.093579585330201276e+00 6.097208714999251100e+00
8.200000000000000000e+01 5.388827343857075292e+00 5.377843557077286896e+00 6.086677664119941156e+00 6.089287324218909170e+00
8.300000000000000000e+01 5.383539089092677976e+00 5.369234956107447054e+00 6.080394589740324207e+00 6.078454377975159417e+00
8.400000000000000000e+01 5.401403958345607492e+00 5.384675230676214674e+00 6.097833324076847639e+00 6.093432558283648603e+00
8.500000000000000000e+01 5.410720365683490130e+00 5.397311502377231562e+00 6.107895517811828157e+00 6.107191471604457078e+00
8.600000000000000000e+01 5.401769672932362987e+00 5.388788586446458417e+00 6.099362972134742655e+00 6.099320851521049747e+00
8.700000000000000000e+01 5.403764091378001844e+00 5.391113963775373996e+00 6.101551664869320213e+00 6.102030127431777196e+00
8.800000000000000000e+01 5.399002666345959156e+00 5.392230089069396826e+00 6.097223210330257714e+00 6.104319397996769148e+00
8.900000000000000000e+01 5.409732605111507553e+00 5.397871967641169277e+00 6.109295839273261031e+00 6.109733787708539587e+00
9.000000000000000000e+01 5.404340969349477497e+00 5.391925874706220867e+00 6.102433079575004804e+00 6.102774375407190810e+00
9.100000000000000000e+01 5.399865904123148042e+00 5.384063918760228162e+00 6.098175416297205942e+00 6.094631727944364030e+00
9.200000000000000000e+01 5.393090845666095312e+00 5.383854193489076678e+00 6.093833271443745758e+00 6.097403143385458080e+00
9.300000000000000000e+01 5.397618360685773276e+00 5.382736388955309259e+00 6.094780750636840772e+00 6.091826596484418488e+00
9.400000000000000000e+01 5.399298635035211014e+00 5.388971723125056457e+00 6.096663066567759692e+00 6.098376570545029907e+00
9.500000000000000000e+01 5.406931007116772214e+00 5.392200620849180837e+00 6.105889167020001729e+00 6.102492019724357952e+00
9.600000000000000000e+01 5.401953132077122355e+00 5.392452625659634791e+00 6.097521180611915170e+00 6.100102413626128595e+00
9.700000000000000000e+01 5.400867276748213541e+00 5.396405182038776616e+00 6.096285496762195777e+00 6.104970909644740651e+00
9.800000000000000000e+01 5.389194743120801157e+00 5.386051927094537284e+00 6.086343022041319273e+00 6.095854755098483402e+00
9.900000000000000000e+01 5.401349265760827301e+00 5.393337482185292409e+00 6.099689531732401804e+00 6.103137924426239813e+00
1.000000000000000000e+02 5.397830087697951917e+00 5.390785485887459316e+00 6.097673889129242575e+00 6.101464538663323722e+00
1.010000000000000000e+02 5.405118364535870690e+00 5.392824585567117524e+00 6.104504215893640229e+00 6.102944698539547019e+00
1.020000000000000000e+02 5.403153975711009416e+00 5.395681198360678721e+00 6.101553261734150801e+00 6.105095750419652134e+00
1.030000000000000000e+02 5.393691186185860964e+00 5.385497791716995941e+00 6.092661406929300583e+00 6.094942511115036154e+00
1.040000000000000000e+02 5.387396272580181389e+00 5.377346833765077605e+00 6.086977714044696341e+00 6.086994050765147435e+00
1.050000000000000000e+02 5.392081944437051355e+00 5.379962014688135064e+00 6.090409856868063798e+00 6.088135243426508580e+00
1.060000000000000000e+02 5.397135330642305995e+00 5.378322023140068353e+00 6.095150068982468028e+00 6.085193421324030183e+00
1.070000000000000000e+02 5.391683877170495798e+00 5.384105077041706267e+00 6.089386699873919007e+00 6.092485796599967252e+00
1.080000000000000000e+02 5.395986537933035621e+00 5.386702720700386138e+00 6.097391294871493450e+00 6.098347423954631807e+00
1.090000000000000000e+02 5.386275746028458045e+00 5.380351914316285900e+00 6.084448534581308188e+00 6.089498251454828370e+00
1.100000000000000000e+02 5.393507648726808767e+00 5.386500444087682027e+00 6.092470582248865618e+00 6.096001139784966050e+00
1.110000000000000000e+02 5.394556589283457271e+00 5.385837319772305065e+00 6.094660636850845137e+00 6.095896477306626871e+00
1.120000000000000000e+02 5.395233485135578988e+00 5.384538378961675420e+00 6.094137965831852632e+00 6.093154769557053818e+00
1.130000000000000000e+02 5.391737931271172179e+00 5.381124662909240186e+00 6.094648063746213928e+00 6.093032008736522620e+00
1.140000000000000000e+02 5.388656379061634638e+00 5.378087473526123929e+00 6.090434042440905138e+00 6.089647914642795534e+00
1.150000000000000000e+02 5.383675861143515817e+00 5.379467054887125066e+00 6.084807123678994678e+00 6.090258591522293763e+00
1.160000000000000000e+02 5.384716552426378477e+00 5.372312666117783131e+00 6.084826423327333700e+00 6.080812515263151141e+00
1.170000000000000000e+02 5.378476333094097228e+00 5.370835632897962952e+00 6.076039951857074684e+00 6.077467821391579150e+00
1.180000000000000000e+02 5.386566667151300614e+00 5.375942913643415366e+00 6.085762531510148676e+00 6.083301420779167579e+00
1.190000000000000000e+02 5.385883525213927214e+00 5.375597054679312592e+00 6.083014098330525421e+00 6.081182393781708662e+00
1.200000000000000000e+02 5.376289889234717734e+00 5.377736973484821270e+00 6.072685646045488106e+00 6.083454126172497034e+00
1.210000000000000000e+02 5.386899393580392825e+00 5.380661655804502175e+00 6.084707989764810421e+00 6.086776002553565768e+00
1.220000000000000000e+02 5.392200541978170669e+00 5.391203330101220104e+00 6.090347159107583508e+00 6.097646659652776968e+00
1.230000000000000000e+02 5.394782886713534786e+00 5.384504986321227094e+00 6.093177189543776073e+00 6.089800063812999653e+00
1.240000000000000000e+02 5.385773657996866248e+00 5.382129240345016719e+00 6.084158811900468145e+00 6.088130600206901555e+00
1.250000000000000000e+02 5.381423519737102090e+00 5.382573432616733378e+00 6.080688883248432042e+00 6.088954924136785962e+00
1.260000000000000000e+02 5.388058998699665203e+00 5.383040764978633597e+00 6.089640229357572210e+00 6.090671152588689630e+00
1.270000000000000000e+02 5.374072215583706402e+00 5.363760682134490310e+00 6.072554878877017615e+00 6.067775426771834901e+00
1.280000000000000000e+02 5.385338195244899318e+00 5.380427187131654243e+00 6.082774024459411955e+00 6.084140636293124516e+00
1.290000000000000000e+02 5.386045600895957186e+00 5.381420470479095997e+00 6.084768203316176738e+00 6.086521271498168240e+00
1.300000000000000000e+02 5.386995004914498786e+00 5.380303304898871097e+00 6.085427728221515231e+00 6.085425644103827025e+00
1.310000000000000000e+02 5.393815867753306570e+00 5.384367172809559676e+00 6.094911357815782971e+00 6.092287765560736368e+00
1.320000000000000000e+02 5.382837447402991415e+00 5.373984050710742366e+00 6.082638373274386723e+00 6.080899321939564395e+00
1.330000000000000000e+02 5.387712501758292305e+00 5.375727260877382285e+00 6.086460893989039000e+00 6.081799714649539723e+00
1.340000000000000000e+02 5.385467762381267676e+00 5.378030136932856919e+00 6.082480860796420252e+00 6.083555903626130856e+00
1.350000000000000000e+02 5.389262407647998465e+00 5.379255088115401762e+00 6.085370313386787799e+00 6.083535726458055848e+00
1.360000000000000000e+02 5.374797639655414905e+00 5.367932093395150872e+00 6.068586936133149479e+00 6.070243029128610246e+00
1.370000000000000000e+02 5.385588120737196505e+00 5.378311051475788140e+00 6.078065765361418293e+00 6.079875123332173281e+00
1.380000000000000000e+02 5.389886211645699809e+00 5.377153130800254033e+00 6.084552955195645652e+00 6.080186871844387220e+00
1.390000000000000000e+02 5.385949508972833755e+00 5.378367346052193909e+00 6.078992743836629131e+00 6.080774238211718696e+00
1.400000000000000000e+02 5.397988560531327806e+00 5.389394456182079018e+00 6.094518976401619881e+00 6.095395352247569676e+00
1.410000000000000000e+02 5.391127740245250877e+00 5.378808258780370721e+00 6.089128052783403078e+00 6.085149143159189755e+00
1.420000000000000000e+02 5.395994464517015921e+00 5.392030454155719355e+00 6.095035800283945093e+00 6.101042526445866088e+00
1.430000000000000000e+02 5.389428409573291390e+00 5.377999228211739258e+00 6.087377228012400998e+00 6.084311360711021521e+00
1.440000000000000000e+02 5.380236121328067611e+00 5.375526506436410834e+00 6.077187547748468255e+00 6.081497260832136043e+00
1.450000000000000000e+02 5.384903213660862775e+00 5.372496927005069978e+00 6.081911345685730552e+00 6.077339857846764559e+00
1.460000000000000000e+02 5.383097942260399726e+00 5.376943643377773974e+00 6.077727035463473371e+00 6.080243801734463105e+00
1.470000000000000000e+02 5.379292723761539108e+00 5.367628917244081421e+00 6.071290525970340468e+00 6.067882729368139216e+00
1.480000000000000000e+02 5.382553011288274902e+00 5.370236653526529125e+00 6.074200400306955849e+00 6.069384436771438907e+00
1.490000000000000000e+02 5.389463639421908425e+00 5.374341037523821640e+00 6.083249043434758363e+00 6.075094151523591890e+00
1.500000000000000000e+02 5.387176940803809266e+00 5.374177520446007605e+00 6.079561617174487509e+00 6.074060187475171624e+00
1.510000000000000000e+02 5.377818895060600290e+00 5.376422417389853159e+00 6.072757157080260093e+00 6.080386420866967789e+00
1.520000000000000000e+02 5.392987303187465109e+00 5.376218381724684470e+00 6.089949648097674029e+00 6.079891462490615517e+00
1.530000000000000000e+02 5.377737294929138656e+00 5.371588124069962333e+00 6.069810928065870748e+00 6.071514106894423612e+00
1.540000000000000000e+02 5.395746143394466898e+00 5.395732848772273549e+00 6.085081310838426738e+00 6.093751828141368065e+00
1.550000000000000000e+02 5.391640395283670451e+00 5.384185235708510042e+00 6.079997881626756140e+00 6.080025348940363727e+00
1.560000000000000000e+02 5.394899479354294591e+00 5.384507227891503156e+00 6.088482538835131130e+00 6.085094922768412573e+00
1.570000000000000000e+02 5.388396527128514357e+00 5.378876081561299038e+00 6.080209530451270439e+00 6.078191406362373428e+00
1.580000000000000000e+02 5.397709809877913933e+00 5.393201671073664549e+00 6.090349157595935203e+00 6.093347835549851155e+00
1.590000000000000000e+02 5.401958256868219621e+00 5.390454605277360756e+00 6.095264343425490949e+00 6.089903445898904089e+00
1.600000000000000000e+02 5.395372419597053160e+00 5.389074865189878771e+00 6.090268919120644497e+00 6.090910665972456783e+00
1.610000000000000000e+02 5.382663041299933226e+00 5.376701252828818056e+00 6.077134781011345410e+00 6.078316492904653146e+00
1.620000000000000000e+02 5.389058929390960095e+00 5.382656311716043085e+00 6.084776774890012341e+00 6.085035106597467269e+00
1.630000000000000000e+02 5.388534339830731490e+00 5.388935607080892254e+00 6.082186413249406343e+00 6.089930027324553130e+00
1.640000000000000000e+02 5.394694722764728390e+00 5.392328184943993463e+00 6.086882905117091624e+00 6.091459920993021804e+00
1.650000000000000000e+02 5.401538087412891542e+00 5.397037155491316796e+00 6.094856104074350078e+00 6.097426365161503270e+00
1.660000000000000000e+02 5.391418019363369396e+00 5.391899849136790657e+00 6.084019396016057790e+00 6.092017344114542432e+00
1.670000000000000000e+02 5.385793516511668599e+00 5.380741572318417987e+00 6.079105251722765502e+00 6.081469315693619926e+00
1.680000000000000000e+02 5.394240844052741402e+00 5.384713749554801865e+00 6.088790604917643456e+00 6.086080683877788999e+00
1.690000000000000000e+02 5.390232067507132463e+00 5.381469399673924237e+00 6.084018995402097119e+00 6.082288033359872337e+00
1.700000000000000000e+02 5.398194119261369828e+00 5.383406559154837012e+00 6.093259669321309246e+00 6.084981852920506640e+00
1.710000000000000000e+02 5.395641160123552993e+00 5.382143973842059559e+00 6.091389369118573427e+00 6.084061438507231578e+00
1.720000000000000000e+02 5.389218685764981309e+00 5.386194147510452446e+00 6.083426822517943755e+00 6.088265531124566365e+00
1.730000000000000000e+02 5.398535251014206615e+00 5.388952667098107163e+00 6.095425938551394474e+00 6.092742850377948827e+00
1.740000000000000000e+02 5.390203643984767368e+00 5.383171452156479297e+00 6.084451342245380090e+00 6.084583547250838720e+00
1.750000000000000000e+02 5.389618111490338315e+00 5.379284315771446501e+00 6.082380761113978629e+00 6.079187572842474907e+00
1.760000000000000000e+02 5.396049718999417877e+00 5.393300648928120111e+00 6.088350974496751000e+00 6.093915670812395824e+00
1.770000000000000000e+02 5.395524167445952202e+00 5.389018487215542663e+00 6.086344539717473801e+00 6.087056909959667195e+00
1.780000000000000000e+02 5.399015479112254212e+00 5.387767352453948000e+00 6.088360984006975229e+00 6.084617656194119206e+00
1.790000000000000000e+02 5.400645381256153676e+00 5.398584177887608249e+00 6.092478110617295606e+00 6.098459370645080924e+00
1.800000000000000000e+02 5.403478698475474573e+00 5.393202877656745109e+00 6.095726400486420893e+00 6.092262066443048241e+00
1.810000000000000000e+02 5.403785068372735978e+00 5.401274472356491607e+00 6.098516705683805661e+00 6.103383926764532674e+00
1.820000000000000000e+02 5.406449178362037422e+00 5.395928960873709990e+00 6.096487293743425795e+00 6.092580770676760515e+00
1.830000000000000000e+02 5.391834826275914594e+00 5.382831441381973114e+00 6.079948636596782308e+00 6.077620128446763026e+00
1.840000000000000000e+02 5.403276898463357014e+00 5.394248451046642856e+00 6.091792084972367682e+00 6.089571204266363225e+00
1.850000000000000000e+02 5.407298241304472342e+00 5.401217774924207404e+00 6.095519069032221182e+00 6.096118931317223932e+00
1.860000000000000000e+02 5.405300461575182958e+00 5.398560395177981697e+00 6.093848964077077213e+00 6.093567088835243339e+00
1.870000000000000000e+02 5.402081815413704469e+00 5.397633897505267342e+00 6.090208219819433388e+00 6.092726433693933075e+00
1.880000000000000000e+02 5.398803432254664081e+00 5.392955033103354445e+00 6.087177030431951685e+00 6.087691772306160765e+00
1.890000000000000000e+02 5.409074125858776227e+00 5.397530515233039061e+00 6.100391491564391089e+00 6.094425765143074436e+00
1.900000000000000000e+02 5.405702692989597935e+00 5.399839879102379392e+00 6.095790534971206931e+00 6.096116372280221185e+00
1.910000000000000000e+02 5.400394738113909909e+00 5.391065838356742468e+00 6.088385887676409425e+00 6.084512117188576319e+00
1.920000000000000000e+02 5.398621896257767006e+00 5.398372852208300543e+00 6.088264569288877048e+00 6.094829836819037006e+00
1.930000000000000000e+02 5.396727256789765725e+00 5.397460609562220846e+00 6.087642044034627276e+00 6.095037884074261392e+00
1.940000000000000000e+02 5.398292855887389941e+00 5.390278276464148810e+00 6.090965917667816143e+00 6.088895427983493036e+00
1.950000000000000000e+02 5.406813290074422795e+00 5.392334910619443811e+00 6.099331980285918497e+00 6.089740165864717447e+00
1.960000000000000000e+02 5.401260217276697695e+00 5.396532747424995335e+00 6.093481966274228334e+00 6.094498477755579735e+00
1.970000000000000000e+02 5.404460444603175873e+00 5.396373472200095556e+00 6.092923982085045154e+00 6.090699338722235012e+00
1.980000000000000000e+02 5.410108010195350481e+00 5.407500838291104728e+00 6.099789466015359096e+00 6.103591167131320994e+00
1.990000000000000000e+02 5.400741955579206000e+00 5.391463825057080328e+00 6.090921075796502215e+00 6.087178152558653466e+00
2.000000000000000000e+02 5.399278773543504606e+00 5.394146109312811355e+00 6.089009934030886306e+00 6.090185799303021064e+00
2.010000000000000000e+02 5.404793007808969207e+00 5.391777248825623481e+00 6.095458769532907439e+00 6.087937690742312391e+00
2.020000000000000000e+02 5.394571721780570428e+00 5.387764392407008884e+00 6.084706864773628432e+00 6.083764269523620705e+00
2.030000000000000000e+02 5.410681927663727464e+00 5.406121978359524682e+00 6.098414687710103088e+00 6.100415914946259122e+00
2.040000000000000000e+02 5.414716807032331047e+00 5.409402845301970686e+00 6.103050881629935809e+00 6.104099501547083584e+00
2.050000000000000000e+02 5.409714267468957338e+00 5.401927105892356806e+00 6.095894153637567925e+00 6.094742554796966694e+00
2.060000000000000000e+02 5.397645908046217578e+00 5.390612675736212722e+00 6.083761305266609298e+00 6.082540754649527592e+00
2.070000000000000000e+02 5.401422695007457087e+00 5.396798125424385972e+00 6.089822563958740886e+00 6.091161950190516094e+00
2.080000000000000000e+02 5.416851440137843809e+00 5.407659150487566180e+00 6.105397325867677694e+00 6.102228958831178218e+00
2.090000000000000000e+02 5.413155693101709076e+00 5.406386716868481379e+00 6.099331344119369724e+00 6.098661249009455609e+00
2.100000000000000000e+02 5.418112984389980902e+00 5.412978079465402992e+00 6.105373380903865943e+00 6.106240067764585611e+00
2.110000000000000000e+02 5.416174942323046970e+00 5.416440319987752439e+00 6.102529493126261251e+00 6.109732424564579212e+00
2.120000000000000000e+02 5.415810747761063304e+00 5.409667821469808402e+00 6.103613346858510091e+00 6.103199744000232130e+00
2.130000000000000000e+02 5.409121133231461265e+00 5.402418943662697259e+00 6.099327898795989356e+00 6.098603753335477329e+00
2.140000000000000000e+02 5.414064491697717862e+00 5.405497614427016373e+00 6.104676301478268563e+00 6.101410246275116300e+00
2.150000000000000000e+02 5.410215474353258891e+00 5.399334746917898720e+00 6.100840008447734775e+00 6.094648060779390697e+00
2.160000000000000000e+02 5.409488448399422111e+00 5.406662425286560492e+00 6.100198183765374260e+00 6.103010924110527924e+00
2.170000000000000000e+02 5.405308950610235641e+00 5.396265687356476271e+00 6.093297788891018030e+00 6.089198597752219833e+00
2.180000000000000000e+02 5.406480807673910149e+00 5.399268363837385287e+00 6.096598760395743888e+00 6.094879888343694319e+00
2.190000000000000000e+02 5.412541014954774354e+00 5.399988262432191100e+00 6.102992826968433704e+00 6.094982147177837817e+00
2.200000000000000000e+02 5.404649988746505151e+00 5.407034785204054117e+00 6.093318846331435168e+00 6.101769793380677598e+00
2.210000000000000000e+02 5.399757237805921761e+00 5.395655974398556154e+00 6.089076157810907830e+00 6.090977367944604204e+00
2.220000000000000000e+02 5.408709532307867107e+00 5.394221943847101741e+00 6.095938277618406786e+00 6.085731224462955780e+00
2.230000000000000000e+02 5.396128112781811481e+00 5.388993185558434540e+00 6.079876082020595263e+00 6.078102118064559356e+00
2.240000000000000000e+02 5.411386773309972753e+00 5.406248983141118458e+00 6.096837073597964007e+00 6.096508032922929310e+00
2.250000000000000000e+02 5.406020920594995616e+00 5.402390035758832809e+00 6.089373807051655874e+00 6.091487706687799708e+00
2.260000000000000000e+02 5.401496767922814968e+00 5.400642498696414329e+00 6.084376063898977449e+00 6.089194434779542142e+00
2.270000000000000000e+02 5.409132345091984817e+00 5.402433436874526151e+00 6.093612737238530919e+00 6.092609116886015919e+00
2.280000000000000000e+02 5.404213244897952961e+00 5.394873776271895238e+00 6.089234711334999162e+00 6.084816173011311946e+00
2.290000000000000000e+02 5.404350419148748585e+00 5.393632010221837803e+00 6.087673993684050266e+00 6.081853368958583417e+00
2.300000000000000000e+02 5.399766525645419257e+00 5.398005775270445561e+00 6.084200850776678493e+00 6.089180657369174021e+00
2.310000000000000000e+02 5.386362792583041958e+00 5.382418640852493219e+00 6.072565691292408196e+00 6.074143705172837748e+00
2.320000000000000000e+02 5.395256309665363403e+00 5.398247775848999730e+00 6.086004131886383561e+00 6.095276279125233287e+00
2.330000000000000000e+02 5.395841915602433758e+00 5.398506344547912228e+00 6.083077919615711870e+00 6.092866890037470284e+00
2.340000000000000000e+02 5.395687206358397603e+00 5.391121331922064108e+00 6.083524355649879034e+00 6.084849725532726517e+00
2.350000000000000000e+02 5.394778323585168955e+00 5.388525050899714230e+00 6.081062759344233015e+00 6.080578608270212904e+00
2.360000000000000000e+02 5.409516074916436601e+00 5.400428529944068856e+00 6.095898557900587988e+00 6.092013497362078311e+00
2.370000000000000000e+02 5.393507810482738307e+00 5.386861035259976838e+00 6.077535487170409034e+00 6.076536674696130902e+00
2.380000000000000000e+02 5.399542631458245090e+00 5.391973119794347014e+00 6.083528841387337849e+00 6.081836633516766177e+00
2.390000000000000000e+02 5.406196292458512964e+00 5.400916843915376298e+00 6.091094123899796209e+00 6.091802171357349138e+00
2.400000000000000000e+02 5.403120585323024194e+00 5.397922414801658242e+00 6.086351106779146924e+00 6.087386992184259604e+00
2.410000000000000000e+02 5.396354334903731953e+00 5.385050557405038241e+00 6.078184519064548930e+00 6.072740980606019079e+00
2.420000000000000000e+02 5.408851351161983345e+00 5.399734819649729012e+00 6.096332342831535023e+00 6.092869615542860551e+00
2.430000000000000000e+02 5.392180760071332735e+00 5.385746753783476670e+00 6.076859706968724240e+00 6.076657833583885449e+00
2.440000000000000000e+02 5.392457350480832190e+00 5.386377605030599369e+00 6.076678092900073658e+00 6.076657591321516172e+00
2.450000000000000000e+02 5.382624362360648007e+00 5.376001369298169408e+00 6.064119630907465641e+00 6.063948902794096263e+00
2.460000000000000000e+02 5.384583864835514433e+00 5.379780800753716008e+00 6.067244592037472906e+00 6.068949051431411057e+00
2.470000000000000000e+02 5.392832916132756615e+00 5.389880045958125088e+00 6.078332264135775098e+00 6.082064613692199195e+00
2.480000000000000000e+02 5.384157851807625406e+00 5.379950645191778236e+00 6.067762296750599305e+00 6.069990224027130843e+00
2.490000000000000000e+02 5.398171300024340091e+00 5.401053777446593429e+00 6.082348172340030779e+00 6.092678625133501669e+00
2.500000000000000000e+02 5.407349735060763329e+00 5.389075107488623395e+00 6.091417642104209662e+00 6.078457347260023624e+00
2.510000000000000000e+02 5.401309949006704691e+00 5.399332425303315475e+00 6.085135526701333397e+00 6.090233364446570263e+00
2.520000000000000000e+02 5.396649500553627021e+00 5.389413913521572397e+00 6.077807030200973237e+00 6.077733438333887683e+00
2.530000000000000000e+02 5.390936109628030160e+00 5.382322227894340116e+00 6.071400711097829195e+00 6.069005985421392246e+00
2.540000000000000000e+02 5.401022227713342616e+00 5.389576312765137267e+00 6.081446493297931077e+00 6.076077268384970864e+00
2.550000000000000000e+02 5.397936269268681642e+00 5.393019655906200249e+00 6.076485342072137641e+00 6.078684685059552173e+00
2.560000000000000000e+02 5.398410331161580089e+00 5.389067417845057939e+00 6.077272510585136622e+00 6.074713299924204613e+00
2.570000000000000000e+02 5.406393362442491579e+00 5.398306710595957014e+00 6.083602829841455062e+00 6.082334477736470291e+00
2.580000000000000000e+02 5.403712838745319047e+00 5.389021932676189230e+00 6.079554968990533048e+00 6.071076238336903685e+00
2.590000000000000000e+02 5.400260135665259753e+00 5.395128422893520792e+00 6.076928667257358363e+00 6.078914107156654367e+00
2.600000000000000000e+02 5.399004587602041383e+00 5.381798917972166585e+00 6.076898305416241541e+00 6.065464616032615552e+00
2.610000000000000000e+02 5.395382590774701725e+00 5.386931985032676451e+00 6.071837940903826336e+00 6.070335199739767873e+00
2.620000000000000000e+02 5.409156847225209397e+00 5.397221016859399256e+00 6.088076705949035272e+00 6.082636372513165135e+00
2.630000000000000000e+02 5.405795986095612626e+00 5.403580713986486650e+00 6.085374720018682737e+00 6.090742904571904148e+00
2.640000000000000000e+02 5.401875776611298363e+00 5.391750585696147624e+00 6.081041458842678438e+00 6.077155680189227027e+00
2.650000000000000000e+02 5.405433551453183938e+00 5.392903223185881778e+00 6.083226545140607122e+00 6.077252971995804387e+00
2.660000000000000000e+02 5.397418890913645129e+00 5.391732486534329460e+00 6.075196573656353571e+00 6.076668563836101100e+00
2.670000000000000000e+02 5.408873372798263190e+00 5.402692887981893399e+00 6.087250302721924911e+00 6.087769845127820822e+00
2.680000000000000000e+02 5.406507556358597810e+00 5.392393608722726661e+00 6.082321346717828980e+00 6.074039765147528414e+00
2.690000000000000000e+02 5.406101960724725153e+00 5.395116973415517769e+00 6.080063946761330662e+00 6.075661663383650435e+00
2.700000000000000000e+02 5.407510532067483666e+00 5.400861831263998880e+00 6.082853707170195356e+00 6.083385499750194825e+00
2.710000000000000000e+02 5.403996475313377346e+00 5.396649426607158517e+00 6.078432998553844335e+00 6.077744497956575565e+00
2.720000000000000000e+02 5.392575148033998289e+00 5.382446110123517258e+00 6.066800483170134761e+00 6.063896775063386535e+00
2.730000000000000000e+02 5.401569157994214443e+00 5.395486451671866135e+00 6.079340522004784475e+00 6.080038963447822020e+00
2.740000000000000000e+02 5.401277916030036153e+00 5.391762592559920186e+00 6.079729542087399352e+00 6.077346979284987682e+00
2.750000000000000000e+02 5.408139216100004809e+00 5.400003877091699600e+00 6.090802234834881368e+00 6.089745048755150769e+00
2.760000000000000000e+02 5.414013964141021873e+00 5.402019678856914808e+00 6.095263301012638912e+00 6.090601247805001783e+00
2.770000000000000000e+02 5.414609102565135501e+00 5.404358586306018175e+00 6.092144905985994008e+00 6.089475986730128909e+00
2.780000000000000000e+02 5.417311165998296651e+00 5.413606690477117844e+00 6.096262672748481215e+00 6.100806058764664641e+00
2.790000000000000000e+02 5.406371743217131431e+00 5.399919475029745897e+00 6.085638333578028636e+00 6.086795297231294199e+00
2.800000000000000000e+02 5.409121533888235689e+00 5.390454443994609157e+00 6.089882224768414787e+00 6.077501372290218917e+00
2.810000000000000000e+02 5.404901443031173258e+00 5.395152208361477797e+00 6.082029391653946071e+00 6.079577235917851041e+00
2.820000000000000000e+02 5.413452139195539026e+00 5.402010786378188101e+00 6.089050774364047847e+00 6.085470808515482943e+00
2.830000000000000000e+02 5.417478689789046342e+00 5.417429762150275607e+00 6.091801291626972592e+00 6.101178419447896850e+00
2.840000000000000000e+02 5.418908076937039020e+00 5.414592205627717370e+00 6.093296985832478363e+00 6.097908435426338869e+00
2.850000000000000000e+02 5.426115397862254497e+00 5.418831764069294898e+00 6.100021933305916022e+00 6.101382618722238860e+00
2.860000000000000000e+02 5.428039347358926570e+00 5.413097474114564989e+00 6.102692454162015778e+00 6.095950289792912535e+00
2.870000000000000000e+02 5.415630815170652923e+00 5.402868580106247265e+00 6.090635597231218057e+00 6.085843652311449858e+00
2.880000000000000000e+02 5.423520557866682523e+00 5.409437204167130808e+00 6.096759558035704352e+00 6.090804007160235400e+00
2.890000000000000000e+02 5.408907646798185809e+00 5.401538889024253720e+00 6.085507887545002603e+00 6.087510395228187932e+00
2.900000000000000000e+02 5.408205842381092587e+00 5.400629205921330112e+00 6.085312973784725799e+00 6.086798182462673346e+00
2.910000000000000000e+02 5.426463895731787446e+00 5.411284034202763493e+00 6.101577366530707813e+00 6.094774587116535081e+00
2.920000000000000000e+02 5.419428824383656362e+00 5.412490805888750423e+00 6.094789320821340617e+00 6.097805296664129848e+00
2.930000000000000000e+02 5.427297746319305283e+00 5.415677421443247930e+00 6.103897305734142797e+00 6.101171774671710679e+00
2.940000000000000000e+02 5.437771278103064709e+00 5.426708292412807388e+00 6.114505150878805750e+00 6.112623558595078777e+00
2.950000000000000000e+02 5.420948459046099011e+00 5.415835574634693117e+00 6.096237449084168425e+00 6.101544296842266846e+00
2.960000000000000000e+02 5.426931630210352964e+00 5.414136322059797557e+00 6.103338040779522800e+00 6.099675193957821762e+00
2.970000000000000000e+02 5.412908972603357682e+00 5.407910676206463485e+00 6.087628671511279066e+00 6.093194966708801452e+00
2.980000000000000000e+02 5.406507953158461000e+00 5.399881921602610824e+00 6.081064518245946182e+00 6.084158975346290354e+00
2.990000000000000000e+02 5.416789139648111373e+00 5.404094090104972992e+00 6.093163416949753497e+00 6.089406159621201020e+00
3.000000000000000000e+02 5.421246268031397086e+00 5.408855595760923229e+00 6.098152912823726624e+00 6.094418881013429434e+00
3.010000000000000000e+02 5.410450503840981362e+00 5.396859623708796683e+00 6.085410991200158826e+00 6.080482753087359526e+00
3.020000000000000000e+02 5.415537604420011419e+00 5.399708469858512494e+00 6.088856825165539277e+00 6.082126912644135075e+00
3.030000000000000000e+02 5.409435838606940550e+00 5.405806392671449245e+00 6.080669176083429939e+00 6.087473157514707189e+00
3.040000000000000000e+02 5.422477544421368201e+00 5.408807067912229094e+00 6.091485223178392694e+00 6.087260551711801249e+00
3.050000000000000000e+02 5.424321735452470428e+00 5.414215600628767611e+00 6.092902282471570174e+00 6.092104867206186825e+00
3.060000000000000000e+02 5.420768685712523016e+00 5.423804353759939190e+00 6.088472291797155656e+00 6.102582987158630345e+00
3.070000000000000000e+02 5.427119731047790552e+00 5.410176235190659710e+00 6.096608927843478298e+00 6.088738066865883702e+00
3.080000000000000000e+02 5.414096604270096869e+00 5.408263177458477067e+00 6.085368709142333188e+00 6.090140312081323337e+00
3.090000000000000000e+02 5.419285722986810327e+00 5.409340466611662457e+00 6.093797792399095137e+00 6.093726527020014494e+00
3.100000000000000000e+02 5.412649758925612176e+00 5.408403877541693383e+00 6.084783098840333970e+00 6.090759159265889622e+00
3.110000000000000000e+02 5.408827406743911048e+00 5.406350760187057958e+00 6.081038574168018407e+00 6.089346739514243545e+00
3.120000000000000000e+02 5.409999987027287460e+00 5.405739768389397959e+00 6.081975328216524090e+00 6.088386126778258856e+00
3.130000000000000000e+02 5.416002617301260535e+00 5.402467870938139072e+00 6.089056861557756939e+00 6.084865980585231426e+00
3.140000000000000000e+02 5.427123174580901654e+00 5.412269149159054216e+00 6.099030405208107908e+00 6.093531374335816153e+00
3.150000000000000000e+02 5.423858165593774316e+00 5.408340453381495827e+00 6.097130639083239600e+00 6.090615015273420418e+00
3.160000000000000000e+02 5.410459314574238121e+00 5.397745204629058158e+00 6.080940963358922424e+00 6.078201093662217502e+00
3.170000000000000000e+02 5.404280111396343678e+00 5.392868629717651352e+00 6.073077947295161927e+00 6.071514586950754300e+00
3.180000000000000000e+02 5.411356746050224764e+00 5.406347161075298224e+00 6.078435484574240100e+00 6.084233849097705260e+00
3.190000000000000000e+02 5.430922305053877075e+00 5.412591467704894299e+00 6.098138497930602142e+00 6.089817447027351172e+00
3.200000000000000000e+02 5.421163709394881458e+00 5.413372380022837937e+00 6.089040284926526603e+00 6.091985708836972435e+00
3.210000000000000000e+02 5.419453889266236501e+00 5.410720845812416968e+00 6.088147096281906201e+00 6.089904004001033044e+00
3.220000000000000000e+02 5.419251131415552258e+00 5.417181600087668691e+00 6.090453419964412696e+00 6.099811487392700293e+00
3.230000000000000000e+02 5.414980584274059261e+00 5.410172234719508033e+00 6.083024028966767638e+00 6.089620770788897630e+00
3.240000000000000000e+02 5.404021461019625328e+00 5.394127851769780158e+00 6.070626282173069654e+00 6.071196756175434750e+00
3.250000000000000000e+02 5.407882009322134920e+00 5.400769340671101482e+00 6.074989327185832622e+00 6.078851725655513683e+00
3.260000000000000000e+02 5.408386979415409357e+00 5.396690176847633857e+00 6.076465243391523607e+00 6.075155965097582822e+00
3.270000000000000000e+02 5.408183183583205711e+00 5.398063036494731293e+00 6.074763750240981253e+00 6.075587433935053738e+00
3.280000000000000000e+02 5.403998798925166547e+00 5.397207243086888262e+00 6.068352789011671078e+00 6.072586109402547727e+00
3.290000000000000000e+02 5.402209619422092324e+00 5.390296691354175884e+00 6.067537993223007575e+00 6.066134229089549912e+00
3.300000000000000000e+02 5.404525950489799335e+00 5.390355787962565870e+00 6.070175602662690295e+00 6.066246977578773958e+00
3.310000000000000000e+02 5.419932914889605158e+00 5.412727675124247462e+00 6.087569414433042780e+00 6.091725537611793584e+00
3.320000000000000000e+02 5.417720042137323055e+00 5.408106948688340410e+00 6.084724960807244898e+00 6.086467461016913383e+00
3.330000000000000000e+02 5.414109258140684666e+00 5.399013076943881551e+00 6.076381003068034303e+00 6.071592822813726364e+00
3.340000000000000000e+02 5.419937959539237404e+00 5.412559111003283796e+00 6.080902284276423764e+00 6.085229133423413650e+00
3.350000000000000000e+02 5.423586622998720408e+00 5.417917674718930598e+00 6.086124727431474923e+00 6.092209286881040242e+00
3.360000000000000000e+02 5.432775545888583579e+00 5.419847710187341683e+00 6.095564953724217361e+00 6.094434013774351122e+00
3.370000000000000000e+02 5.425074149833992720e+00 5.411960449703628662e+00 6.089094100551984745e+00 6.087022318995502168e+00
3.380000000000000000e+02 5.425392773915866051e+00 5.420765481243111417e+00 6.091234736734873145e+00 6.098731556578377067e+00
3.390000000000000000e+02 5.416676791611235942e+00 5.407445826489635010e+00 6.081107283069242087e+00 6.083693160516515874e+00
3.400000000000000000e+02 5.425458118829505239e+00 5.414246269549672697e+00 6.092267103839494879e+00 6.092622249860068173e+00
3.410000000000000000e+02 5.410970608134435977e+00 5.399802561584817973e+00 6.074460571371973927e+00 6.074842222603813013e+00
3.420000000000000000e+02 5.411841054861415756e+00 5.406727206777647510e+00 6.074542893306168700e+00 6.081693211342984462e+00
3.430000000000000000e+02 5.413605966363502553e+00 5.411555255142395104e+00 6.074046646645119729e+00 6.084333300212390938e+00
3.440000000000000000e+02 5.418331437939685635e+00 5.409248617281641636e+00 6.079674447659876968e+00 6.082586322986871963e+00
3.450000000000000000e+02 5.425494397182201389e+00 5.412502736879543086e+00 6.088311417697090278e+00 6.086544734804395951e+00
3.460000000000000000e+02 5.421481377740528629e+00 5.419754900029123412e+00 6.084599482114376734e+00 6.095873014680464941e+00
3.470000000000000000e+02 5.422785762468029347e+00 5.407857106220515853e+00 6.083924261543272038e+00 6.080262701587352048e+00
3.480000000000000000e+02 5.422304178869049807e+00 5.408452963843052963e+00 6.082945714894814948e+00 6.080242040166212725e+00
3.490000000000000000e+02 5.413691732038279802e+00 5.403511363352690111e+00 6.075465150634880906e+00 6.077187545208921904e+00
3.500000000000000000e+02 5.414798565422689336e+00 5.406925399657474429e+00 6.076926811161569297e+00 6.081833908944190625e+00
3.510000000000000000e+02 5.419077444312846659e+00 5.406665787011781354e+00 6.081747747931334658e+00 6.080945523220545823e+00
3.520000000000000000e+02 5.421201824805138791e+00 5.406132949054483383e+00 6.085582276647399702e+00 6.082244226724329295e+00
3.530000000000000000e+02 5.427781175199767105e+00 5.399493385516021426e+00 6.095209247849994405e+00 6.077173057222226227e+00
3.540000000000000000e+02 5.414414034146813215e+00 5.404997207857613617e+00 6.078001139974648304e+00 6.080817480604566505e+00
3.550000000000000000e+02 5.413483929250140214e+00 5.395863377424679364e+00 6.076688980767641191e+00 6.070300524269772069e+00
3.560000000000000000e+02 5.416855204210076380e+00 5.402159813520267306e+00 6.080678945362174126e+00 6.077492165684226677e+00
3.570000000000000000e+02 5.418627246357154981e+00 5.404977589890875400e+00 6.082210757732257278e+00 6.080513265988143345e+00
3.580000000000000000e+02 5.424517926138150870e+00 5.407977625466238614e+00 6.087607128425406522e+00 6.082320307704894624e+00
3.590000000000000000e+02 5.416514073778119887e+00 5.403442896840731535e+00 6.077303180602344312e+00 6.076250713394989234e+00
3.600000000000000000e+02 5.408521190838065706e+00 5.399084025418762423e+00 6.067383605412714154e+00 6.070712125074467558e+00
3.610000000000000000e+02 5.422307217897198051e+00 5.408882582999799737e+00 6.083479429110283832e+00 6.081865383085914623e+00
3.620000000000000000e+02 5.430679992287219982e+00 5.414450708342532614e+00 6.090233686727807516e+00 6.086203121596510890e+00
3.630000000000000000e+02 5.424113614332084055e+00 5.414521657155695777e+00 6.082223649503025520e+00 6.085239383511781952e+00
3.640000000000000000e+02 5.427976967337801995e+00 5.415561948815003745e+00 6.083027392835969493e+00 6.083385981228750516e+00
3.650000000000000000e+02 5.435292633830144382e+00 5.421990351099149841e+00 6.092693443149346244e+00 6.091865113115933816e+00
3.660000000000000000e+02 5.428350769793924613e+00 5.415735876842828311e+00 6.086613762890488388e+00 6.086276954204668854e+00
3.670000000000000000e+02 5.422176370211813534e+00 5.406956949361845233e+00 6.081630188282461269e+00 6.078758673946714985e+00
3.680000000000000000e+02 5.421148893895467502e+00 5.408471381665907352e+00 6.080887147293038808e+00 6.080949368572079017e+00
3.690000000000000000e+02 5.416597433057881439e+00 5.389051881070582084e+00 6.077104504950459507e+00 6.060346754147934334e+00
3.700000000000000000e+02 5.407315138987045522e+00 5.398985047755581412e+00 6.066154488244161591e+00 6.070811099261703703e+00
3.710000000000000000e+02 5.421780067814144566e+00 5.401649475669008105e+00 6.081512637294097523e+00 6.073195100063997209e+00
3.720000000000000000e+02 5.416632909837322707e+00 5.408108229145491386e+00 6.074415971335589859e+00 6.079286550263017119e+00
3.730000000000000000e+02 5.412103230440223456e+00 5.404835530093989426e+00 6.069786424919102252e+00 6.075697135679315686e+00
3.740000000000000000e+02 5.421309049875318919e+00 5.407967211541348185e+00 6.081128342493648198e+00 6.080204963351255820e+00
3.750000000000000000e+02 5.414867833161906674e+00 5.404331439864419551e+00 6.076167593072614892e+00 6.078827221467497210e+00
3.760000000000000000e+02 5.415049048988092473e+00 5.407491868207872976e+00 6.071048289959148470e+00 6.077303897200625471e+00
3.770000000000000000e+02 5.417148451626962569e+00 5.405763554845754548e+00 6.071741129175581619e+00 6.072993629237254609e+00
3.780000000000000000e+02 5.417744867898341532e+00 5.401430784577410549e+00 6.071692037380351792e+00 6.068165886894580474e+00
3.790000000000000000e+02 5.414687980203090056e+00 5.404386615379438652e+00 6.070840009675944948e+00 6.073717851029796222e+00
3.800000000000000000e+02 5.424792673932011589e+00 5.404728388446435439e+00 6.078568011370033553e+00 6.071424980760725454e+00
3.810000000000000000e+02 5.430552107407853768e+00 5.412467344186532081e+00 6.087216348884050277e+00 6.081683845798122157e+00
3.820000000000000000e+02 5.416673267328738106e+00 5.402449934378563690e+00 6.070332954840831796e+00 6.069087343872118900e+00
3.830000000000000000e+02 5.427810246127776850e+00 5.416277203068750268e+00 6.083801667483395903e+00 6.085478657552703119e+00
3.840000000000000000e+02 5.417955392182281393e+00 5.398111642068822214e+00 6.077604431832015486e+00 6.069813011459529228e+00
3.850000000000000000e+02 5.412607079250169484e+00 5.401995253248098372e+00 6.069508313730659133e+00 6.072306397634484654e+00
3.860000000000000000e+02 5.408353587151927933e+00 5.398806474391129484e+00 6.063434720845021886e+00 6.067583237522120143e+00
3.870000000000000000e+02 5.415925661776304523e+00 5.400164512581179466e+00 6.071907127830525219e+00 6.069233643028506542e+00
3.880000000000000000e+02 5.416407489040356182e+00 5.404093769320488683e+00 6.073263006558439869e+00 6.074548577205026945e+00
3.890000000000000000e+02 5.414751399374558183e+00 5.398995459107318595e+00 6.073731701082431655e+00 6.070201868212604879e+00
3.900000000000000000e+02 5.411083918878684784e+00 5.405113319652619097e+00 6.068249406898139853e+00 6.076314536402498412e+00
3.910000000000000000e+02 5.421399616353533624e+00 5.406789506117034350e+00 6.078661619360400614e+00 6.076825511726437590e+00
3.920000000000000000e+02 5.407948393050335589e+00 5.397028833792900215e+00 6.062530479781948145e+00 6.064572074887769837e+00
3.930000000000000000e+02 5.413515880647695511e+00 5.404735112416275911e+00 6.067860307845448276e+00 6.072896889743425675e+00
3.940000000000000000e+02 5.416866415292821202e+00 5.407726337556316487e+00 6.075221473490239887e+00 6.079798647784209642e+00
3.950000000000000000e+02 5.433728472087969941e+00 5.415780720863598852e+00 6.092240759007581552e+00 6.087017355563957288e+00
3.960000000000000000e+02 5.436638499597780338e+00 5.419850992256885824e+00 6.092467701237068489e+00 6.088502158187385938e+00
3.970000000000000000e+02 5.440893510515080855e+00 5.427902011911497127e+00 6.096387113655181267e+00 6.097248191834334641e+00
3.980000000000000000e+02 5.438819337454270375e+00 5.423570045526979300e+00 6.096896972430669415e+00 6.094983669038630758e+00
3.990000000000000000e+02 5.427019475115554492e+00 5.414386886538771648e+00 6.083048930805871279e+00 6.084138392473985135e+00
4.000000000000000000e+02 5.418449871755789182e+00 5.409443767037442896e+00 6.072033008087196038e+00 6.077058462856623322e+00
4.010000000000000000e+02 5.436724581645290044e+00 5.419948770010025285e+00 6.090851485939518639e+00 6.087162377930600776e+00
4.020000000000000000e+02 5.442102605497883161e+00 5.433461090350602873e+00 6.094397577779138153e+00 6.099667425467133697e+00
4.030000000000000000e+02 5.432204271747614222e+00 5.423103911897584339e+00 6.083371245653943049e+00 6.088108575349894025e+00
4.040000000000000000e+02 5.435142645024408026e+00 5.422826043141211194e+00 6.085713204087026540e+00 6.086674301000192244e+00
4.050000000000000000e+02 5.431562931061753474e+00 5.418715812267806520e+00 6.085850141542061387e+00 6.086734281124098089e+00
4.060000000000000000e+02 5.438014234267367186e+00 5.422433581155980953e+00 6.092696561807263045e+00 6.090589871255697396e+00
4.070000000000000000e+02 5.435722248908561482e+00 5.421013884349200396e+00 6.089005370083016011e+00 6.087753513341355394e+00
4.080000000000000000e+02 5.434863093185025029e+00 5.421769335469722506e+00 6.088437695710242181e+00 6.088694185180806961e+00
4.090000000000000000e+02 5.441469110751924632e+00 5.429016294991581226e+00 6.095393508115426684e+00 6.096331460499017751e+00
4.100000000000000000e+02 5.428502839323744666e+00 5.408545854685941734e+00 6.083506020373294021e+00 6.075640442058728219e+00
4.110000000000000000e+02 5.416681274867700679e+00 5.404728306765640866e+00 6.070269372373653383e+00 6.071574243760863965e+00
4.120000000000000000e+02 5.424527137132034049e+00 5.419360117719581815e+00 6.078396726174174702e+00 6.087179033364556346e+00
4.130000000000000000e+02 5.439374919242217388e+00 5.423706417791456680e+00 6.095512107062017293e+00 6.092222741118727747e+00
4.140000000000000000e+02 5.430989651197947410e+00 5.418379563306123359e+00 6.085952396795813790e+00 6.086582689969454840e+00
4.150000000000000000e+02 5.413975367416707485e+00 5.404412477932527104e+00 6.065798301567268069e+00 6.069697293727719156e+00
4.160000000000000000e+02 5.433736960262419480e+00 5.412709577899263991e+00 6.084057673440824487e+00 6.074387461638900199e+00
4.170000000000000000e+02 5.428477050584393560e+00 5.417649414743702430e+00 6.078120452955420028e+00 6.080310425495749627e+00
4.180000000000000000e+02 5.422640264176770586e+00 5.408417409792853014e+00 6.072585629397429408e+00 6.071058862507809017e+00
4.190000000000000000e+02 5.429132569288566579e+00 5.413529012797722473e+00 6.078667628582981486e+00 6.075666785545150717e+00
4.200000000000000000e+02 5.430264227820753575e+00 5.418510171288288824e+00 6.080664931901377024e+00 6.081409816397123080e+00
4.210000000000000000e+02 5.432352175713718978e+00 5.417231488789564509e+00 6.083718303652212889e+00 6.080880820807221809e+00
4.220000000000000000e+02 5.433939475084748061e+00 5.421000911926075361e+00 6.085573626382242196e+00 6.084622225259404438e+00
4.230000000000000000e+02 5.427064562422325267e+00 5.417820381672699526e+00 6.077072798623690986e+00 6.080006771306018187e+00
4.240000000000000000e+02 5.429934308360156336e+00 5.417005672544649819e+00 6.079295680499324561e+00 6.078716878873504648e+00
4.250000000000000000e+02 5.442306804033828271e+00 5.428220241734192264e+00 6.093467953251299640e+00 6.091768058400306884e+00
4.260000000000000000e+02 5.425474215133408329e+00 5.416862089397781688e+00 6.074180139364992570e+00 6.078418503197049461e+00
4.270000000000000000e+02 5.428251873588632925e+00 5.415965941160904684e+00 6.076977022549510110e+00 6.076756728621348635e+00
4.280000000000000000e+02 5.432108577282307671e+00 5.422687908668232915e+00 6.081058271861518705e+00 6.083912091855638415e+00
4.290000000000000000e+02 5.440565992922254956e+00 5.425313899385317384e+00 6.089869490193724921e+00 6.086540650589952861e+00
4.300000000000000000e+02 5.441322888021265847e+00 5.422647788959405801e+00 6.092118479156152233e+00 6.084878551314970352e+00
4.310000000000000000e+02 5.437022389698920044e+00 5.418422885355052010e+00 6.089060701040279966e+00 6.081785860835192459e+00
4.320000000000000000e+02 5.441591550581122760e+00 5.426235992112398598e+00 6.091350293737297861e+00 6.088259919998220582e+00
4.330000000000000000e+02 5.435571461957191985e+00 5.417669675716326516e+00 6.084465510162576862e+00 6.077661609289398470e+00
4.340000000000000000e+02 5.422689349358513766e+00 5.406617981461717015e+00 6.072057672193726496e+00 6.067643857434264376e+00
4.350000000000000000e+02 5.419436431624488293e+00 5.406564486784904311e+00 6.070445545325124925e+00 6.069267033594512029e+00
4.360000000000000000e+02 5.421297439384594519e+00 5.411036675541936347e+00 6.069747506238154955e+00 6.071630942014860643e+00
4.370000000000000000e+02 5.421967130835350090e+00 5.411622523711881350e+00 6.073497798139210424e+00 6.075705466727005621e+00
4.380000000000000000e+02 5.415134172751302266e+00 5.408842703748799607e+00 6.063423990601695124e+00 6.069348879331100122e+00
4.390000000000000000e+02 5.430597270848800839e+00 5.421101246413371655e+00 6.079509726886083598e+00 6.081945936310174439e+00
4.400000000000000000e+02 5.429021819238745827e+00 5.414653063462706584e+00 6.079521336015845989e+00 6.076559733107321115e+00
4.410000000000000000e+02 5.421250992738363195e+00 5.411247678730116917e+00 6.069661980771872578e+00 6.071637265374980608e+00
4.420000000000000000e+02 5.422381931702609847e+00 5.409979486909653801e+00 6.069617298065264954e+00 6.068786490728758309e+00
4.430000000000000000e+02 5.426157439663566784e+00 5.411339607559206399e+00 6.071877419384116514e+00 6.068363838971610136e+00
4.440000000000000000e+02 5.425888698005201682e+00 5.416422625170503657e+00 6.073180286612327450e+00 6.075026004667195778e+00
4.450000000000000000e+02 5.429332524698954110e+00 5.414000594045346837e+00 6.077015141633054007e+00 6.072492980857785660e+00
4.460000000000000000e+02 5.436542245714296229e+00 5.425884691889421241e+00 6.085570507028285725e+00 6.086091010336054374e+00
4.470000000000000000e+02 5.430867292423775083e+00 5.425429770713145139e+00 6.077629335500467356e+00 6.083981597994630341e+00
4.480000000000000000e+02 5.438874428433766894e+00 5.419670097646551277e+00 6.085414511657474712e+00 6.075915828637350913e+00
4.490000000000000000e+02 5.434210860535867660e+00 5.407513652249297920e+00 6.079968172795637393e+00 6.062179900632158613e+00
4.500000000000000000e+02 5.431495262948424774e+00 5.425590646793390093e+00 6.079955760890604743e+00 6.085579313084141795e+00
4.510000000000000000e+02 5.436804740502807931e+00 5.422471617666936972e+00 6.088625961047984703e+00 6.084889681990693688e+00
4.520000000000000000e+02 5.439324146255323456e+00 5.423766316784685237e+00 6.091324665926778792e+00 6.085843973207223812e+00
4.530000000000000000e+02 5.417897736734246905e+00 5.407177728661505256e+00 6.067397217598997194e+00 6.066963360093735602e+00
4.540000000000000000e+02 5.425498241202836525e+00 5.416015828329991955e+00 6.075482771015398242e+00 6.076177683145894015e+00
4.550000000000000000e+02 5.420543346393794870e+00 5.412797261451181008e+00 6.068265422857266778e+00 6.071793574630204304e+00
4.560000000000000000e+02 5.438398609005581363e+00 5.431076055860957652e+00 6.084238010263816498e+00 6.087879714013477717e+00
4.570000000000000000e+02 5.430360482114134690e+00 5.422152669256266044e+00 6.078185239306941767e+00 6.080389543599110880e+00
4.580000000000000000e+02 5.427889360596252821e+00 5.423429267601608039e+00 6.076278021069760449e+00 6.082920805259901087e+00
4.590000000000000000e+02 5.427326657530493925e+00 5.420388473996723633e+00 6.075508876973346517e+00 6.079376475018424486e+00
4.600000000000000000e+02 5.437099268141984965e+00 5.430186152139652833e+00 6.081952587430055068e+00 6.085399620772427909e+00
4.610000000000000000e+02 5.429878249935231160e+00 5.420856689466981848e+00 6.079426201957370601e+00 6.080590057440269369e+00
4.620000000000000000e+02 5.429750208281153512e+00 5.416084855783677376e+00 6.079392893400754616e+00 6.075647727980046042e+00
4.630000000000000000e+02 5.439289551471488515e+00 5.427251138904733097e+00 6.089519066774114364e+00 6.087261269350031867e+00
4.640000000000000000e+02 5.442146730056467874e+00 5.432235340256797329e+00 6.091176605113249209e+00 6.092697921854002274e+00
4.650000000000000000e+02 5.444308427425438524e+00 5.437973234904148079e+00 6.093116169681203509e+00 6.097550006938803335e+00
4.660000000000000000e+02 5.456176114113733711e+00 5.433493842991118150e+00 6.107745449192623965e+00 6.093950261331609219e+00
4.670000000000000000e+02 5.430325648255864834e+00 5.420377664931457673e+00 6.077100343462714882e+00 6.077416409323924462e+00
4.680000000000000000e+02 5.423510633028240768e+00 5.422962656214475707e+00 6.066867989187025856e+00 6.077479351381231965e+00
4.690000000000000000e+02 5.431712273076753306e+00 5.423290174024305799e+00 6.076542918043567276e+00 6.078090585869484030e+00
4.700000000000000000e+02 5.436094529316719104e+00 5.426586093812473699e+00 6.080630496590403666e+00 6.081146998961367345e+00
4.710000000000000000e+02 5.439443303017956310e+00 5.431779779005418973e+00 6.085915722549584572e+00 6.087941373511282173e+00
4.720000000000000000e+02 5.434530453709816911e+00 5.429463769549079721e+00 6.081430560063001423e+00 6.086290166360385001e+00
4.730000000000000000e+02 5.442787510913412952e+00 5.429744922170607779e+00 6.090846041077298878e+00 6.086694319175517620e+00
4.740000000000000000e+02 5.440976631540599406e+00 5.430979483515216977e+00 6.088830318501574190e+00 6.088368672143351645e+00
4.750000000000000000e+02 5.438655818246819429e+00 5.433332406686074201e+00 6.087264075108092420e+00 6.091371832210564996e+00
4.760000000000000000e+02 5.427809763492005501e+00 5.423559154997725784e+00 6.075436241881960520e+00 6.081021197974416204e+00
4.770000000000000000e+02 5.438213307977683542e+00 5.431807083578131135e+00 6.088513610811534527e+00 6.091862868058571578e+00
4.780000000000000000e+02 5.432602658889202019e+00 5.426536846173721784e+00 6.081415742377232370e+00 6.084807121766021787e+00
4.790000000000000000e+02 5.438872508450587340e+00 5.430893236800111268e+00 6.087744702370362582e+00 6.088652704142079486e+00
4.800000000000000000e+02 5.442464635531967687e+00 5.433921057637072671e+00 6.090569609540080087e+00 6.090969439454479328e+00
4.810000000000000000e+02 5.444103107675622333e+00 5.428408589106753723e+00 6.093399565110048322e+00 6.085314822897542442e+00
4.820000000000000000e+02 5.443399305926975629e+00 5.440253367947994967e+00 6.091932619743673172e+00 6.098382174816773471e+00
4.830000000000000000e+02 5.456173470919844171e+00 5.440060781261338185e+00 6.105678956969277316e+00 6.097843571022320219e+00
4.840000000000000000e+02 5.452394682232463374e+00 5.450308255196357976e+00 6.101078240910268846e+00 6.108455261341241282e+00
4.850000000000000000e+02 5.446154379815544289e+00 5.444202085410837277e+00 6.094639411604285684e+00 6.101642871768397924e+00
4.860000000000000000e+02 5.453084471138215150e+00 5.442383276908036471e+00 6.100162948370635441e+00 6.097819387230773103e+00
4.870000000000000000e+02 5.444865048015665288e+00 5.432886457582884354e+00 6.090208459291165610e+00 6.086291132183232477e+00
4.880000000000000000e+02 5.445928640199670490e+00 5.437231552174084825e+00 6.092959455804385804e+00 6.092349661394504068e+00
4.890000000000000000e+02 5.447744245084813919e+00 5.444886427688500952e+00 6.092931350365739185e+00 6.099377542925251028e+00
4.900000000000000000e+02 5.448849637666386414e+00 5.440347780598902894e+00 6.094696266946600716e+00 6.093934646803800703e+00
4.910000000000000000e+02 5.447143741799194139e+00 5.437614246431845544e+00 6.093165658440701016e+00 6.091569225693077350e+00
4.920000000000000000e+02 5.455388071144047224e+00 5.443823555752920207e+00 6.102240574089568881e+00 6.098411403249689222e+00
4.930000000000000000e+02 5.442828352099888356e+00 5.434684360236343714e+00 6.090409778534489504e+00 6.090338507024402048e+00
4.940000000000000000e+02 5.439887653378832510e+00 5.432187135002232381e+00 6.086988124483973195e+00 6.086865527002170317e+00
4.950000000000000000e+02 5.440529636183407014e+00 5.431767766707133127e+00 6.085934698224380490e+00 6.085232495828914345e+00
4.960000000000000000e+02 5.436188781233068923e+00 5.427425068943723119e+00 6.080567796022545934e+00 6.079914439799781078e+00
4.970000000000000000e+02 5.441728882433841008e+00 5.430127933359313985e+00 6.086367361245371477e+00 6.082061408393408364e+00
4.980000000000000000e+02 5.443604221442605251e+00 5.431071331022234716e+00 6.087744137937361799e+00 6.083143183320742331e+00
4.990000000000000000e+02 5.434980890314853319e+00 5.424560927446504977e+00 6.078325536718104161e+00 6.075726363672873553e+00
5.000000000000000000e+02 5.436319948694846360e+00 5.431116415081691962e+00 6.079415554766537610e+00 6.082689141688535805e+00
