# delays[ps] delta_averaged scan 0
-2.000000000000000000e+01 9.057467287844877797e-05 9.057467287844877797e-05
-1.800000000000000000e+01 -4.613104254464861324e-05 -4.613104254464861324e-05
-1.600000000000000000e+01 1.283007980597961023e-05 1.283007980597961023e-05
-1.400000000000000000e+01 6.020168830803507509e-05 6.020168830803507509e-05
-1.200000000000000000e+01 4.420835573982406709e-05 4.420835573982406709e-05
-1.000000000000000000e+01 4.317385253004479752e-05 4.317385253004479752e-05
-8.000000000000000000e+00 -6.802661002426790479e-05 -6.802661002426790479e-05
-6.000000000000000000e+00 -5.039081481596963043e-05 -5.039081481596963043e-05
-4.000000000000000000e+00 -5.582255164500726379e-06 -5.582255164500726379e-06
-2.000000000000000000e+00 -8.335235527875039987e-05 -8.335235527875039987e-05
-1.000000000000000000e+00 -3.908189052508337640e-05 -3.908189052508337640e-05
-9.000000000000000222e-01 -1.548085452692693514e-05 -1.548085452692693514e-05
-8.000000000000000444e-01 -5.264302132424291937e-05 -5.264302132424291937e-05
-6.999999999999999556e-01 -1.510799406840512876e-06 -1.510799406840512876e-06
-5.999999999999999778e-01 -4.028966087265584172e-05 -4.028966087265584172e-05
-5.000000000000000000e-01 -3.307882465953748620e-05 -3.307882465953748620e-05
-4.000000000000000222e-01 -8.711446865755412316e-05 -8.711446865755412316e-05
-2.999999999999999889e-01 -5.819030406261739086e-04 -5.819030406261739086e-04
-2.000000000000000111e-01 -1.086155158202550125e-03 -1.086155158202550125e-03
-1.000000000000000056e-01 -1.350742503767687983e-03 -1.350742503767687983e-03
0.000000000000000000e+00 -1.564867772688601638e-03 -1.564867772688601638e-03
1.000000000000000056e-01 -1.557310089865299348e-03 -1.557310089865299348e-03
2.000000000000000111e-01 -1.681928831145143013e-03 -1.681928831145143013e-03
2.999999999999999889e-01 -1.655343843256217549e-03 -1.655343843256217549e-03
4.000000000000000222e-01 -1.732637415404867168e-03 -1.732637415404867168e-03
5.000000000000000000e-01 -1.711304394909295449e-03 -1.711304394909295449e-03
5.999999999999999778e-01 -1.665835602628339650e-03 -1.665835602628339650e-03
6.999999999999999556e-01 -1.813494402765419887e-03 -1.813494402765419887e-03
8.000000000000000444e-01 -1.729556598135620609e-03 -1.729556598135620609e-03
9.000000000000000222e-01 -1.824668140939336150e-03 -1.824668140939336150e-03
1.000000000000000000e+00 -1.797649914671472149e-03 -1.797649914671472149e-03
1.100000000000000089e+00 -1.798341791486443835e-03 -1.798341791486443835e-03
1.199999999999999956e+00 -1.929097241097113904e-03 -1.929097241097113904e-03
1.300000000000000044e+00 -1.845904875345584636e-03 -1.845904875345584636e-03
1.399999999999999911e+00 -1.753077612782939646e-03 -1.753077612782939646e-03
1.500000000000000000e+00 -1.803327798602547124e-03 -1.803327798602547124e-03
1.600000000000000089e+00 -1.855563473804175975e-03 -1.855563473804175975e-03
1.699999999999999956e+00 -1.750075701642837388e-03 -1.750075701642837388e-03
1.800000000000000044e+00 -1.799438488472423527e-03 -1.799438488472423527e-03
1.899999999999999911e+00 -1.813706113858255505e-03 -1.813706113858255505e-03
2.000000000000000000e+00 -1.852976685650273639e-03 -1.852976685650273639e-03
3.000000000000000000e+00 -1.753197554698777754e-03 -1.753197554698777754e-03
4.000000000000000000e+00 -1.753602317680383240e-03 -1.753602317680383240e-03
5.000000000000000000e+00 -1.711452509509583855e-03 -1.711452509509583855e-03
6.000000000000000000e+00 -1.685156264209743430e-03 -1.685156264209743430e-03
7.000000000000000000e+00 -1.559690648687976893e-03 -1.559690648687976893e-03
8.000000000000000000e+00 -1.557317560190644859e-03 -1.557317560190644859e-03
9.000000000000000000e+00 -1.475760404969045933e-03 -1.475760404969045933e-03
1.000000000000000000e+01 -1.551949020562363828e-03 -1.551949020562363828e-03
1.100000000000000000e+01 -1.528204728769457562e-03 -1.528204728769457562e-03
1.200000000000000000e+01 -1.652860044698665695e-03 -1.652860044698665695e-03
1.300000000000000000e+01 -1.668292624938912724e-03 -1.668292624938912724e-03
1.400000000000000000e+01 -1.761288006089477840e-03 -1.761288006089477840e-03
1.500000000000000000e+01 -1.871507649318527667e-03 -1.871507649318527667e-03
1.600000000000000000e+01 -1.869034488723401912e-03 -1.869034488723401912e-03
1.700000000000000000e+01 -1.831560862749950997e-03 -1.831560862749950997e-03
1.800000000000000000e+01 -1.875039598069218718e-03 -1.875039598069218718e-03
1.900000000000000000e+01 -1.863512527492082460e-03 -1.863512527492082460e-03
2.000000000000000000e+01 -1.819510660898066619e-03 -1.819510660898066619e-03
2.100000000000000000e+01 -1.819997294489005078e-03 -1.819997294489005078e-03
2.200000000000000000e+01 -1.777569286357979323e-03 -1.777569286357979323e-03
2.300000000000000000e+01 -1.741891509931303315e-03 -1.741891509931303315e-03
2.400000000000000000e+01 -1.685500481203102471e-03 -1.685500481203102471e-03
2.500000000000000000e+01 -1.670402920232947220e-03 -1.670402920232947220e-03
2.600000000000000000e+01 -1.614125268023385495e-03 -1.614125268023385495e-03
2.700000000000000000e+01 -1.563392654392793246e-03 -1.563392654392793246e-03
2.800000000000000000e+01 -1.580644396230775810e-03 -1.580644396230775810e-03
2.900000000000000000e+01 -1.461870784478693690e-03 -1.461870784478693690e-03
3.000000000000000000e+01 -1.456893612080512480e-03 -1.456893612080512480e-03
3.100000000000000000e+01 -1.469308200854753952e-03 -1.469308200854753952e-03
3.200000000000000000e+01 -1.395593392776563538e-03 -1.395593392776563538e-03
3.300000000000000000e+01 -1.411346687875102103e-03 -1.411346687875102103e-03
3.400000000000000000e+01 -1.341158287966855720e-03 -1.341158287966855720e-03
3.500000000000000000e+01 -1.411606731922581499e-03 -1.411606731922581499e-03
3.600000000000000000e+01 -1.351015435477973892e-03 -1.351015435477973892e-03
3.700000000000000000e+01 -1.372744055126745794e-03 -1.372744055126745794e-03
3.800000000000000000e+01 -1.320833498126181135e-03 -1.320833498126181135e-03
3.900000000000000000e+01 -1.303854834109407319e-03 -1.303854834109407319e-03
4.000000000000000000e+01 -1.241560758043944732e-03 -1.241560758043944732e-03
4.100000000000000000e+01 -1.249508650960551824e-03 -1.249508650960551824e-03
4.200000000000000000e+01 -1.311733488899072958e-03 -1.311733488899072958e-03
4.300000000000000000e+01 -1.257003959723602699e-03 -1.257003959723602699e-03
4.400000000000000000e+01 -1.254356884446492697e-03 -1.254356884446492697e-03
4.500000000000000000e+01 -1.162410009075714361e-03 -1.162410009075714361e-03
4.600000000000000000e+01 -1.283460199363179984e-03 -1.283460199363179984e-03
4.700000000000000000e+01 -1.234132232023288584e-03 -1.234132232023288584e-03
4.800000000000000000e+01 -1.243878700676411984e-03 -1.243878700676411984e-03
4.900000000000000000e+01 -1.173777036207833586e-03 -1.173777036207833586e-03
5.000000000000000000e+01 -1.224582567555188061e-03 -1.224582567555188061e-03
5.100000000000000000e+01 -1.223538259128771535e-03 -1.223538259128771535e-03
5.200000000000000000e+01 -1.170212120798188194e-03 -1.170212120798188194e-03
5.300000000000000000e+01 -1.114549710829468689e-03 -1.114549710829468689e-03
5.400000000000000000e+01 -1.159841415068328012e-03 -1.159841415068328012e-03
5.500000000000000000e+01 -1.151039913136873158e-03 -1.151039913136873158e-03
5.600000000000000000e+01 -1.109314664797897637e-03 -1.109314664797897637e-03
5.700000000000000000e+01 -1.142027089317394946e-03 -1.142027089317394946e-03
5.800000000000000000e+01 -1.119355177536955452e-03 -1.119355177536955452e-03
5.900000000000000000e+01 -1.047262589049886535e-03 -1.047262589049886535e-03
6.000000000000000000e+01 -1.015786609788050208e-03 -1.015786609788050208e-03
6.100000000000000000e+01 -9.888787106257634213e-04 -9.888787106257634213e-04
6.200000000000000000e+01 -1.000677463246573643e-03 -1.000677463246573643e-03
6.300000000000000000e+01 -9.816366002170138182e-04 -9.816366002170138182e-04
6.400000000000000000e+01 -9.724485388989546463e-04 -9.724485388989546463e-04
6.500000000000000000e+01 -1.052750100688239947e-03 -1.052750100688239947e-03
6.600000000000000000e+01 -9.840413798448193958e-04 -9.840413798448193958e-04
6.700000000000000000e+01 -9.666195422035924042e-04 -9.666195422035924042e-04
6.800000000000000000e+01 -1.033710893372331375e-03 -1.033710893372331375e-03
6.900000000000000000e+01 -9.705485715518692063e-04 -9.705485715518692063e-04
7.000000000000000000e+01 -9.735144831451026780e-04 -9.735144831451026780e-04
7.100000000000000000e+01 -9.660020148378894739e-04 -9.660020148378894739e-04
7.200000000000000000e+01 -9.959486513910278949e-04 -9.959486513910278949e-04
7.300000000000000000e+01 -9.890042176219538024e-04 -9.890042176219538024e-04
7.400000000000000000e+01 -1.034592500430467224e-03 -1.034592500430467224e-03
7.500000000000000000e+01 -9.776904287204938107e-04 -9.776904287204938107e-04
7.600000000000000000e+01 -1.082427153127865594e-03 -1.082427153127865594e-03
7.700000000000000000e+01 -1.044882355981257074e-03 -1.044882355981257074e-03
7.800000000000000000e+01 -1.092914642970692699e-03 -1.092914642970692699e-03
7.900000000000000000e+01 -1.053880969809144977e-03 -1.053880969809144977e-03
8.000000000000000000e+01 -1.042285650461666950e-03 -1.042285650461666950e-03
8.100000000000000000e+01 -1.055254743175111339e-03 -1.055254743175111339e-03
8.200000000000000000e+01 -1.118035396719362085e-03 -1.118035396719362085e-03
8.300000000000000000e+01 -1.114442030363219961e-03 -1.114442030363219961e-03
8.400000000000000000e+01 -1.056434674682913029e-03 -1.056434674682913029e-03
8.500000000000000000e+01 -1.023343730905060560e-03 -1.023343730905060560e-03
8.600000000000000000e+01 -9.651330160455943953e-04 -9.651330160455943953e-04
8.700000000000000000e+01 -9.763322716800877177e-04 -9.763322716800877177e-04
8.800000000000000000e+01 -9.059314737531545553e-04 -9.059314737531545553e-04
8.900000000000000000e+01 -8.488300632018662287e-04 -8.488300632018662287e-04
9.000000000000000000e+01 -9.801110600621827477e-04 -9.801110600621827477e-04
9.100000000000000000e+01 -1.000770905675217549e-03 -1.000770905675217549e-03
9.200000000000000000e+01 -1.062213197335670593e-03 -1.062213197335670593e-03
9.300000000000000000e+01 -1.210570338549822079e-03 -1.210570338549822079e-03
9.400000000000000000e+01 -1.266954991049353734e-03 -1.266954991049353734e-03
9.500000000000000000e+01 -1.280157840459079151e-03 -1.280157840459079151e-03
9.600000000000000000e+01 -1.375998143039035716e-03 -1.375998143039035716e-03
9.700000000000000000e+01 -1.442472687336910243e-03 -1.442472687336910243e-03
9.800000000000000000e+01 -1.463763699514965136e-03 -1.463763699514965136e-03
9.900000000000000000e+01 -1.556684846640427489e-03 -1.556684846640427489e-03
1.000000000000000000e+02 -1.574397898008911539e-03 -1.574397898008911539e-03
1.010000000000000000e+02 -1.539042235811291731e-03 -1.539042235811291731e-03
1.020000000000000000e+02 -1.569220724623111374e-03 -1.569220724623111374e-03
1.030000000000000000e+02 -1.597785799482648273e-03 -1.597785799482648273e-03
1.040000000000000000e+02 -1.672737827315927883e-03 -1.672737827315927883e-03
1.050000000000000000e+02 -1.664063982716255724e-03 -1.664063982716255724e-03
1.060000000000000000e+02 -1.688245900186317741e-03 -1.688245900186317741e-03
1.070000000000000000e+02 -1.663600280707405558e-03 -1.663600280707405558e-03
1.080000000000000000e+02 -1.671014216487252133e-03 -1.671014216487252133e-03
1.090000000000000000e+02 -1.690805626926352714e-03 -1.690805626926352714e-03
1.100000000000000000e+02 -1.747302120159436494e-03 -1.747302120159436494e-03
1.110000000000000000e+02 -1.790107159063854085e-03 -1.790107159063854085e-03
1.120000000000000000e+02 -1.743624085238878714e-03 -1.743624085238878714e-03
1.130000000000000000e+02 -1.744909378247508185e-03 -1.744909378247508185e-03
1.140000000000000000e+02 -1.855531953485098492e-03 -1.855531953485098492e-03
1.150000000000000000e+02 -1.867573996360892205e-03 -1.867573996360892205e-03
1.160000000000000000e+02 -1.923765229693632844e-03 -1.923765229693632844e-03
1.170000000000000000e+02 -1.882945374987053579e-03 -1.882945374987053579e-03
1.180000000000000000e+02 -1.977027596463659404e-03 -1.977027596463659404e-03
1.190000000000000000e+02 -1.983247038083106161e-03 -1.983247038083106161e-03
1.200000000000000000e+02 -2.060766958585175546e-03 -2.060766958585175546e-03
1.210000000000000000e+02 -2.022546640446444641e-03 -2.022546640446444641e-03
1.220000000000000000e+02 -2.122818459585172277e-03 -2.122818459585172277e-03
1.230000000000000000e+02 -2.202185560891115838e-03 -2.202185560891115838e-03
1.240000000000000000e+02 -2.297516832604911546e-03 -2.297516832604911546e-03
1.250000000000000000e+02 -2.409838528464951137e-03 -2.409838528464951137e-03
1.260000000000000000e+02 -2.509149086319696197e-03 -2.509149086319696197e-03
1.270000000000000000e+02 -2.579304311751419096e-03 -2.579304311751419096e-03
1.280000000000000000e+02 -2.677054115605055802e-03 -2.677054115605055802e-03
1.290000000000000000e+02 -2.632471852585281397e-03 -2.632471852585281397e-03
1.300000000000000000e+02 -2.675107764605790060e-03 -2.675107764605790060e-03
1.310000000000000000e+02 -2.720211670747642481e-03 -2.720211670747642481e-03
1.320000000000000000e+02 -2.604784603507387473e-03 -2.604784603507387473e-03
1.330000000000000000e+02 -2.600923207301254932e-03 -2.600923207301254932e-03
1.340000000000000000e+02 -2.519896323268600892e-03 -2.519896323268600892e-03
1.350000000000000000e+02 -2.434146844493799422e-03 -2.434146844493799422e-03
1.360000000000000000e+02 -2.410855094979297373e-03 -2.410855094979297373e-03
1.370000000000000000e+02 -2.343849829480335392e-03 -2.343849829480335392e-03
1.380000000000000000e+02 -2.317889226862292467e-03 -2.317889226862292467e-03
1.390000000000000000e+02 -2.245269670546093735e-03 -2.245269670546093735e-03
1.400000000000000000e+02 -2.203347752916454041e-03 -2.203347752916454041e-03
1.410000000000000000e+02 -2.210366114641082284e-03 -2.210366114641082284e-03
1.420000000000000000e+02 -2.218015087187556484e-03 -2.218015087187556484e-03
1.430000000000000000e+02 -2.160291843219668082e-03 -2.160291843219668082e-03
1.440000000000000000e+02 -2.080267049914446501e-03 -2.080267049914446501e-03
1.450000000000000000e+02 -2.117686615608400328e-03 -2.117686615608400328e-03
1.460000000000000000e+02 -2.105487331552748868e-03 -2.105487331552748868e-03
1.470000000000000000e+02 -2.129341962867452743e-03 -2.129341962867452743e-03
1.480000000000000000e+02 -2.147861028196686346e-03 -2.147861028196686346e-03
1.490000000000000000e+02 -2.064685564422129391e-03 -2.064685564422129391e-03
1.500000000000000000e+02 -2.138837378218531784e-03 -2.138837378218531784e-03
1.510000000000000000e+02 -2.060262885912295550e-03 -2.060262885912295550e-03
1.520000000000000000e+02 -2.144666521008641111e-03 -2.144666521008641111e-03
1.530000000000000000e+02 -2.152141938752790990e-03 -2.152141938752790990e-03
1.540000000000000000e+02 -2.086017832218029205e-03 -2.086017832218029205e-03
1.550000000000000000e+02 -2.148244755395114624e-03 -2.148244755395114624e-03
1.560000000000000000e+02 -2.048754543324184541e-03 -2.048754543324184541e-03
1.570000000000000000e+02 -2.107465643020724547e-03 -2.107465643020724547e-03
1.580000000000000000e+02 -2.148703997517830127e-03 -2.148703997517830127e-03
1.590000000000000000e+02 -2.148104483749058678e-03 -2.148104483749058678e-03
1.600000000000000000e+02 -2.232385062406127066e-03 -2.232385062406127066e-03
1.610000000000000000e+02 -2.186123005749988045e-03 -2.186123005749988045e-03
1.620000000000000000e+02 -2.146885962390683057e-03 -2.146885962390683057e-03
1.630000000000000000e+02 -2.268734172678606772e-03 -2.268734172678606772e-03
1.640000000000000000e+02 -2.269039971580545656e-03 -2.269039971580545656e-03
1.650000000000000000e+02 -2.261119943981965315e-03 -2.261119943981965315e-03
1.660000000000000000e+02 -2.210141502633532987e-03 -2.210141502633532987e-03
1.670000000000000000e+02 -2.247465781626652431e-03 -2.247465781626652431e-03
1.680000000000000000e+02 -2.162144739432648750e-03 -2.162144739432648750e-03
1.690000000000000000e+02 -2.265159330443775303e-03 -2.265159330443775303e-03
1.700000000000000000e+02 -2.185904897056926803e-03 -2.185904897056926803e-03
1.710000000000000000e+02 -2.159073959582946591e-03 -2.159073959582946591e-03
1.720000000000000000e+02 -2.148321369538180349e-03 -2.148321369538180349e-03
1.730000000000000000e+02 -2.108359528932408043e-03 -2.108359528932408043e-03
1.740000000000000000e+02 -2.199129468910055070e-03 -2.199129468910055070e-03
1.750000000000000000e+02 -2.220441624676675919e-03 -2.220441624676675919e-03
1.760000000000000000e+02 -2.187373178848813198e-03 -2.187373178848813198e-03
1.770000000000000000e+02 -2.189642101120927060e-03 -2.189642101120927060e-03
1.780000000000000000e+02 -2.215434550148294608e-03 -2.215434550148294608e-03
1.790000000000000000e+02 -2.212861107530705255e-03 -2.212861107530705255e-03
1.800000000000000000e+02 -2.166886958050541056e-03 -2.166886958050541056e-03
1.810000000000000000e+02 -2.137085925134835866e-03 -2.137085925134835866e-03
1.820000000000000000e+02 -2.236260097568687835e-03 -2.236260097568687835e-03
1.830000000000000000e+02 -2.227243389124424801e-03 -2.227243389124424801e-03
1.840000000000000000e+02 -2.182736712106332459e-03 -2.182736712106332459e-03
1.850000000000000000e+02 -2.227985997785611114e-03 -2.227985997785611114e-03
1.860000000000000000e+02 -2.250355624359556134e-03 -2.250355624359556134e-03
1.870000000000000000e+02 -2.353561457018642656e-03 -2.353561457018642656e-03
1.880000000000000000e+02 -2.296855507484400847e-03 -2.296855507484400847e-03
1.890000000000000000e+02 -2.369375051530770056e-03 -2.369375051530770056e-03
1.900000000000000000e+02 -2.419227869646286763e-03 -2.419227869646286763e-03
1.910000000000000000e+02 -2.355229470170336608e-03 -2.355229470170336608e-03
1.920000000000000000e+02 -2.357303182970385633e-03 -2.357303182970385633e-03
1.930000000000000000e+02 -2.414873473238183556e-03 -2.414873473238183556e-03
1.940000000000000000e+02 -2.515428274754036471e-03 -2.515428274754036471e-03
1.950000000000000000e+02 -2.384417090814651592e-03 -2.384417090814651592e-03
1.960000000000000000e+02 -2.380930995092788837e-03 -2.380930995092788837e-03
1.970000000000000000e+02 -2.367443241923978571e-03 -2.367443241923978571e-03
1.980000000000000000e+02 -2.299429216241225416e-03 -2.299429216241225416e-03
1.990000000000000000e+02 -2.233838061655506364e-03 -2.233838061655506364e-03
2.000000000000000000e+02 -2.258362059769663914e-03 -2.258362059769663914e-03
2.010000000000000000e+02 -2.264011788236364869e-03 -2.264011788236364869e-03
2.020000000000000000e+02 -2.313116730870671319e-03 -2.313116730870671319e-03
2.030000000000000000e+02 -2.186137663635053918e-03 -2.186137663635053918e-03
2.040000000000000000e+02 -2.209930883680956675e-03 -2.209930883680956675e-03
2.050000000000000000e+02 -2.275355483332083296e-03 -2.275355483332083296e-03
2.060000000000000000e+02 -2.288224146903081006e-03 -2.288224146903081006e-03
2.070000000000000000e+02 -2.303432825430141127e-03 -2.303432825430141127e-03
2.080000000000000000e+02 -2.322290114514722649e-03 -2.322290114514722649e-03
2.090000000000000000e+02 -2.325448234123567246e-03 -2.325448234123567246e-03
2.100000000000000000e+02 -2.384212688535894235e-03 -2.384212688535894235e-03
2.110000000000000000e+02 -2.486812621197627762e-03 -2.486812621197627762e-03
2.120000000000000000e+02 -2.481306243980182808e-03 -2.481306243980182808e-03
2.130000000000000000e+02 -2.490322316959598433e-03 -2.490322316959598433e-03
2.140000000000000000e+02 -2.589408152041838829e-03 -2.589408152041838829e-03
2.150000000000000000e+02 -2.588077042359006319e-03 -2.588077042359006319e-03
2.160000000000000000e+02 -2.698248328477377556e-03 -2.698248328477377556e-03
2.170000000000000000e+02 -2.649896795232125919e-03 -2.649896795232125919e-03
2.180000000000000000e+02 -2.635173547685221596e-03 -2.635173547685221596e-03
2.190000000000000000e+02 -2.648624025530384261e-03 -2.648624025530384261e-03
2.200000000000000000e+02 -2.689748546162411789e-03 -2.689748546162411789e-03
2.210000000000000000e+02 -2.677146126459840902e-03 -2.677146126459840902e-03
2.220000000000000000e+02 -2.712147843007937150e-03 -2.712147843007937150e-03
2.230000000000000000e+02 -2.660972844198736687e-03 -2.660972844198736687e-03
2.240000000000000000e+02 -2.673610179671725724e-03 -2.673610179671725724e-03
2.250000000000000000e+02 -2.789140616278935284e-03 -2.789140616278935284e-03
2.260000000000000000e+02 -2.837409206045544714e-03 -2.837409206045544714e-03
2.270000000000000000e+02 -2.760460787274720412e-03 -2.760460787274720412e-03
2.280000000000000000e+02 -2.786056319298262172e-03 -2.786056319298262172e-03
2.290000000000000000e+02 -2.768627170449108454e-03 -2.768627170449108454e-03
2.300000000000000000e+02 -2.843838143137763803e-03 -2.843838143137763803e-03
2.310000000000000000e+02 -2.822804583782001844e-03 -2.822804583782001844e-03
2.320000000000000000e+02 -2.802916178595445638e-03 -2.802916178595445638e-03
2.330000000000000000e+02 -2.764715038857931684e-03 -2.764715038857931684e-03
2.340000000000000000e+02 -2.796289235397777639e-03 -2.796289235397777639e-03
2.350000000000000000e+02 -2.881463422754283309e-03 -2.881463422754283309e-03
2.360000000000000000e+02 -2.845058127677862776e-03 -2.845058127677862776e-03
2.370000000000000000e+02 -2.866019201604520436e-03 -2.866019201604520436e-03
2.380000000000000000e+02 -2.794023643158979713e-03 -2.794023643158979713e-03
2.390000000000000000e+02 -2.849477645817359659e-03 -2.849477645817359659e-03
2.400000000000000000e+02 -2.934453677126560613e-03 -2.934453677126560613e-03
2.410000000000000000e+02 -2.904774743045480771e-03 -2.904774743045480771e-03
2.420000000000000000e+02 -2.865820120830694234e-03 -2.865820120830694234e-03
2.430000000000000000e+02 -2.794817652937896680e-03 -2.794817652937896680e-03
2.440000000000000000e+02 -2.779668007712794275e-03 -2.779668007712794275e-03
2.450000000000000000e+02 -2.842177075016928851e-03 -2.842177075016928851e-03
2.460000000000000000e+02 -2.745243669346491503e-03 -2.745243669346491503e-03
2.470000000000000000e+02 -2.758003445034325554e-03 -2.758003445034325554e-03
2.480000000000000000e+02 -2.771857553018045386e-03 -2.771857553018045386e-03
2.490000000000000000e+02 -2.788834077346914915e-03 -2.788834077346914915e-03
2.500000000000000000e+02 -2.741809598255409621e-03 -2.741809598255409621e-03
2.510000000000000000e+02 -2.860508632659209630e-03 -2.860508632659209630e-03
2.520000000000000000e+02 -2.734540879943282016e-03 -2.734540879943282016e-03
2.530000000000000000e+02 -2.684016159865491944e-03 -2.684016159865491944e-03
2.540000000000000000e+02 -2.732675986642399239e-03 -2.732675986642399239e-03
2.550000000000000000e+02 -2.705645302782412869e-03 -2.705645302782412869e-03
2.560000000000000000e+02 -2.759893137428172816e-03 -2.759893137428172816e-03
2.570000000000000000e+02 -2.734358006418915413e-03 -2.734358006418915413e-03
2.580000000000000000e+02 -2.677910269469899445e-03 -2.677910269469899445e-03
2.590000000000000000e+02 -2.620059691011550600e-03 -2.620059691011550600e-03
2.600000000000000000e+02 -2.703152911030911633e-03 -2.703152911030911633e-03
2.610000000000000000e+02 -2.712834361984667840e-03 -2.712834361984667840e-03
2.620000000000000000e+02 -2.614913041987812926e-03 -2.614913041987812926e-03
2.630000000000000000e+02 -2.717882679176039217e-03 -2.717882679176039217e-03
2.640000000000000000e+02 -2.686058976147834721e-03 -2.686058976147834721e-03
2.650000000000000000e+02 -2.704641572478324110e-03 -2.704641572478324110e-03
2.660000000000000000e+02 -2.750141050845274823e-03 -2.750141050845274823e-03
2.670000000000000000e+02 -2.731373129699495982e-03 -2.731373129699495982e-03
2.680000000000000000e+02 -2.729171525889696661e-03 -2.729171525889696661e-03
2.690000000000000000e+02 -2.707419911761653562e-03 -2.707419911761653562e-03
2.700000000000000000e+02 -2.782670064334328338e-03 -2.782670064334328338e-03
2.710000000000000000e+02 -2.761734873076300556e-03 -2.761734873076300556e-03
2.720000000000000000e+02 -2.751383046526883515e-03 -2.751383046526883515e-03
2.730000000000000000e+02 -2.658503606032028375e-03 -2.658503606032028375e-03
2.740000000000000000e+02 -2.681674925522235884e-03 -2.681674925522235884e-03
2.750000000000000000e+02 -2.690620960993541592e-03 -2.690620960993541592e-03
2.760000000000000000e+02 -2.663453016252613492e-03 -2.663453016252613492e-03
2.770000000000000000e+02 -2.692996926475665735e-03 -2.692996926475665735e-03
2.780000000000000000e+02 -2.554241097457171303e-03 -2.554241097457171303e-03
2.790000000000000000e+02 -2.585716914199274064e-03 -2.585716914199274064e-03
2.800000000000000000e+02 -2.520518158149619072e-03 -2.520518158149619072e-03
2.810000000000000000e+02 -2.543090468161330470e-03 -2.543090468161330470e-03
2.820000000000000000e+02 -2.441126635629168717e-03 -2.441126635629168717e-03
2.830000000000000000e+02 -2.471170735344627601e-03 -2.471170735344627601e-03
2.840000000000000000e+02 -2.372515260705220820e-03 -2.372515260705220820e-03
2.850000000000000000e+02 -2.375387694808703699e-03 -2.375387694808703699e-03
2.860000000000000000e+02 -2.347157059461322907e-03 -2.347157059461322907e-03
2.870000000000000000e+02 -2.358961826592065759e-03 -2.358961826592065759e-03
2.880000000000000000e+02 -2.321236933274063892e-03 -2.321236933274063892e-03
2.890000000000000000e+02 -2.327457008529932626e-03 -2.327457008529932626e-03
2.900000000000000000e+02 -2.198757647612970597e-03 -2.198757647612970597e-03
2.910000000000000000e+02 -2.156344654232201109e-03 -2.156344654232201109e-03
2.920000000000000000e+02 -2.220315712895201687e-03 -2.220315712895201687e-03
2.930000000000000000e+02 -2.152842195603481192e-03 -2.152842195603481192e-03
2.940000000000000000e+02 -2.108862897172711099e-03 -2.108862897172711099e-03
2.950000000000000000e+02 -2.108357056235017016e-03 -2.108357056235017016e-03
2.960000000000000000e+02 -2.099494097904224151e-03 -2.099494097904224151e-03
2.970000000000000000e+02 -2.082223172155302834e-03 -2.082223172155302834e-03
2.980000000000000000e+02 -2.123285059429416179e-03 -2.123285059429416179e-03
2.990000000000000000e+02 -2.037595029184193808e-03 -2.037595029184193808e-03
3.000000000000000000e+02 -2.011296218192042649e-03 -2.011296218192042649e-03
3.010000000000000000e+02 -2.058271239923604827e-03 -2.058271239923604827e-03
3.020000000000000000e+02 -2.012797256199236069e-03 -2.012797256199236069e-03
3.030000000000000000e+02 -2.008134004111968973e-03 -2.008134004111968973e-03
3.040000000000000000e+02 -2.054027642503234146e-03 -2.054027642503234146e-03
3.050000000000000000e+02 -1.917688954681425568e-03 -1.917688954681425568e-03
3.060000000000000000e+02 -2.021633539541101577e-03 -2.021633539541101577e-03
3.070000000000000000e+02 -1.991352645370414280e-03 -1.991352645370414280e-03
3.080000000000000000e+02 -2.046997445638445469e-03 -2.046997445638445469e-03
3.090000000000000000e+02 -1.959428092247470117e-03 -1.959428092247470117e-03
3.100000000000000000e+02 -1.975567793407589749e-03 -1.975567793407589749e-03
3.110000000000000000e+02 -1.982763836982416334e-03 -1.982763836982416334e-03
3.120000000000000000e+02 -2.034405721708622099e-03 -2.034405721708622099e-03
3.130000000000000000e+02 -2.017538440668072489e-03 -2.017538440668072489e-03
3.140000000000000000e+02 -1.941801281998920903e-03 -1.941801281998920903e-03
3.150000000000000000e+02 -2.060930537017806406e-03 -2.060930537017806406e-03
3.160000000000000000e+02 -2.068098564158142496e-03 -2.068098564158142496e-03
3.170000000000000000e+02 -2.061893933286809352e-03 -2.061893933286809352e-03
3.180000000000000000e+02 -1.957170695514168224e-03 -1.957170695514168224e-03
3.190000000000000000e+02 -1.928446486117148815e-03 -1.928446486117148815e-03
3.200000000000000000e+02 -1.877544313084351284e-03 -1.877544313084351284e-03
3.210000000000000000e+02 -1.869491359710744949e-03 -1.869491359710744949e-03
3.220000000000000000e+02 -1.842943789491284295e-03 -1.842943789491284295e-03
3.230000000000000000e+02 -1.783205810062699808e-03 -1.783205810062699808e-03
3.240000000000000000e+02 -1.790042349262853816e-03 -1.790042349262853816e-03
3.250000000000000000e+02 -1.744666705731345727e-03 -1.744666705731345727e-03
3.260000000000000000e+02 -1.738531678536699675e-03 -1.738531678536699675e-03
3.270000000000000000e+02 -1.729053203567923296e-03 -1.729053203567923296e-03
3.280000000000000000e+02 -1.653941632030641934e-03 -1.653941632030641934e-03
3.290000000000000000e+02 -1.603882265779754592e-03 -1.603882265779754592e-03
3.300000000000000000e+02 -1.704628369452459427e-03 -1.704628369452459427e-03
3.310000000000000000e+02 -1.545229253170412329e-03 -1.545229253170412329e-03
3.320000000000000000e+02 -1.567893519395327420e-03 -1.567893519395327420e-03
3.330000000000000000e+02 -1.632964434604112234e-03 -1.632964434604112234e-03
3.340000000000000000e+02 -1.569440552852226743e-03 -1.569440552852226743e-03
3.350000000000000000e+02 -1.527711108865326649e-03 -1.527711108865326649e-03
3.360000000000000000e+02 -1.538043993937529509e-03 -1.538043993937529509e-03
3.370000000000000000e+02 -1.445407055049521047e-03 -1.445407055049521047e-03
3.380000000000000000e+02 -1.526690563605484366e-03 -1.526690563605484366e-03
3.390000000000000000e+02 -1.505906088162272186e-03 -1.505906088162272186e-03
3.400000000000000000e+02 -1.348192731635154597e-03 -1.348192731635154597e-03
3.410000000000000000e+02 -1.470575742181074201e-03 -1.470575742181074201e-03
3.420000000000000000e+02 -1.457518038895494993e-03 -1.457518038895494993e-03
3.430000000000000000e+02 -1.462256814527689757e-03 -1.462256814527689757e-03
3.440000000000000000e+02 -1.404419464425645360e-03 -1.404419464425645360e-03
3.450000000000000000e+02 -1.375313903308756974e-03 -1.375313903308756974e-03
3.460000000000000000e+02 -1.339030691068274822e-03 -1.339030691068274822e-03
3.470000000000000000e+02 -1.430286550620846675e-03 -1.430286550620846675e-03
3.480000000000000000e+02 -1.346406480603246081e-03 -1.346406480603246081e-03
3.490000000000000000e+02 -1.240931335340898735e-03 -1.240931335340898735e-03
3.500000000000000000e+02 -1.327373103030110016e-03 -1.327373103030110016e-03
3.510000000000000000e+02 -1.280710244818219525e-03 -1.280710244818219525e-03
3.520000000000000000e+02 -1.256816622861250650e-03 -1.256816622861250650e-03
3.530000000000000000e+02 -1.260127145664338656e-03 -1.260127145664338656e-03
3.540000000000000000e+02 -1.212987352212832257e-03 -1.212987352212832257e-03
3.550000000000000000e+02 -1.143060556766152926e-03 -1.143060556766152926e-03
3.560000000000000000e+02 -1.201494833523415436e-03 -1.201494833523415436e-03
3.570000000000000000e+02 -1.242014877486743041e-03 -1.242014877486743041e-03
3.580000000000000000e+02 -1.239903712577816080e-03 -1.239903712577816080e-03
3.590000000000000000e+02 -1.155165163536260803e-03 -1.155165163536260803e-03
3.600000000000000000e+02 -1.157186127983909430e-03 -1.157186127983909430e-03
3.610000000000000000e+02 -1.115244285620483038e-03 -1.115244285620483038e-03
3.620000000000000000e+02 -1.091460360036168890e-03 -1.091460360036168890e-03
3.630000000000000000e+02 -1.091313870091038503e-03 -1.091313870091038503e-03
3.640000000000000000e+02 -9.826088145782180781e-04 -9.826088145782180781e-04
3.650000000000000000e+02 -1.002185158867226287e-03 -1.002185158867226287e-03
3.660000000000000000e+02 -9.629069079461221757e-04 -9.629069079461221757e-04
3.670000000000000000e+02 -1.004094442780565548e-03 -1.004094442780565548e-03
3.680000000000000000e+02 -9.734815083015619730e-04 -9.734815083015619730e-04
3.690000000000000000e+02 -8.769750415667361626e-04 -8.769750415667361626e-04
3.700000000000000000e+02 -9.335319864169034851e-04 -9.335319864169034851e-04
3.710000000000000000e+02 -8.878427045376066553e-04 -8.878427045376066553e-04
3.720000000000000000e+02 -8.427573835905955617e-04 -8.427573835905955617e-04
3.730000000000000000e+02 -8.351641857395290108e-04 -8.351641857395290108e-04
3.740000000000000000e+02 -8.048743471393164433e-04 -8.048743471393164433e-04
3.750000000000000000e+02 -8.453028516463679349e-04 -8.453028516463679349e-04
3.760000000000000000e+02 -8.207356999788134730e-04 -8.207356999788134730e-04
3.770000000000000000e+02 -8.018407698773893314e-04 -8.018407698773893314e-04
3.780000000000000000e+02 -8.111693569718861178e-04 -8.111693569718861178e-04
3.790000000000000000e+02 -7.138546818466565960e-04 -7.138546818466565960e-04
3.800000000000000000e+02 -7.413297419792004008e-04 -7.413297419792004008e-04
3.810000000000000000e+02 -7.605527951107516043e-04 -7.605527951107516043e-04
3.820000000000000000e+02 -7.899591383194097625e-04 -7.899591383194097625e-04
3.830000000000000000e+02 -7.468230247982708334e-04 -7.468230247982708334e-04
3.840000000000000000e+02 -7.599419695305162890e-04 -7.599419695305162890e-04
3.850000000000000000e+02 -8.017347378034633083e-04 -8.017347378034633083e-04
3.860000000000000000e+02 -7.039607684327935273e-04 -7.039607684327935273e-04
3.870000000000000000e+02 -7.144172927650480585e-04 -7.144172927650480585e-04
3.880000000000000000e+02 -7.023409476610426028e-04 -7.023409476610426028e-04
3.890000000000000000e+02 -6.662149517466661123e-04 -6.662149517466661123e-04
3.900000000000000000e+02 -6.370014679943047627e-04 -6.370014679943047627e-04
3.910000000000000000e+02 -6.329317291644229486e-04 -6.329317291644229486e-04
3.920000000000000000e+02 -5.973001776091716635e-04 -5.973001776091716635e-04
3.930000000000000000e+02 -6.370913838143195222e-04 -6.370913838143195222e-04
3.940000000000000000e+02 -6.235742617859135880e-04 -6.235742617859135880e-04
3.950000000000000000e+02 -5.877231853829754200e-04 -5.877231853829754200e-04
3.960000000000000000e+02 -5.717898407115155511e-04 -5.717898407115155511e-04
3.970000000000000000e+02 -5.955696903322398343e-04 -5.955696903322398343e-04
3.980000000000000000e+02 -5.392670220989627004e-04 -5.392670220989627004e-04
3.990000000000000000e+02 -5.582558020258463578e-04 -5.582558020258463578e-04
4.000000000000000000e+02 -5.640444609589348500e-04 -5.640444609589348500e-04
4.010000000000000000e+02 -5.255152726410395724e-04 -5.255152726410395724e-04
4.020000000000000000e+02 -4.832013206076423198e-04 -4.832013206076423198e-04
4.030000000000000000e+02 -4.574452410899372480e-04 -4.574452410899372480e-04
4.040000000000000000e+02 -5.011084765602128420e-04 -5.011084765602128420e-04
4.050000000000000000e+02 -5.170891158906501398e-04 -5.170891158906501398e-04
4.060000000000000000e+02 -5.115041265648240243e-04 -5.115041265648240243e-04
4.070000000000000000e+02 -4.251683965413713732e-04 -4.251683965413713732e-04
4.080000000000000000e+02 -4.660722877553211910e-04 -4.660722877553211910e-04
4.090000000000000000e+02 -4.357178519602964350e-04 -4.357178519602964350e-04
4.100000000000000000e+02 -4.545377857011071235e-04 -4.545377857011071235e-04
4.110000000000000000e+02 -4.677351709571804256e-04 -4.677351709571804256e-04
4.120000000000000000e+02 -4.494770837792125642e-04 -4.494770837792125642e-04
4.130000000000000000e+02 -4.583263381597676598e-04 -4.583263381597676598e-04
4.140000000000000000e+02 -5.034931872542143440e-04 -5.034931872542143440e-04
4.150000000000000000e+02 -4.369916487651001992e-04 -4.369916487651001992e-04
4.160000000000000000e+02 -4.950303271849366233e-04 -4.950303271849366233e-04
4.170000000000000000e+02 -5.153365417414679022e-04 -5.153365417414679022e-04
4.180000000000000000e+02 -4.581518528151772127e-04 -4.581518528151772127e-04
4.190000000000000000e+02 -4.912693871196500452e-04 -4.912693871196500452e-04
4.200000000000000000e+02 -5.551894174619041158e-04 -5.551894174619041158e-04
4.210000000000000000e+02 -4.877110814418945625e-04 -4.877110814418945625e-04
4.220000000000000000e+02 -5.268571092125011717e-04 -5.268571092125011717e-04
4.230000000000000000e+02 -5.554753694243845736e-04 -5.554753694243845736e-04
4.240000000000000000e+02 -5.227911889110923790e-04 -5.227911889110923790e-04
4.250000000000000000e+02 -5.792865665536095108e-04 -5.792865665536095108e-04
4.260000000000000000e+02 -5.547973186056582347e-04 -5.547973186056582347e-04
4.270000000000000000e+02 -5.916822071099687736e-04 -5.916822071099687736e-04
4.280000000000000000e+02 -5.951323208331939490e-04 -5.951323208331939490e-04
4.290000000000000000e+02 -6.155654023009541525e-04 -6.155654023009541525e-04
4.300000000000000000e+02 -6.336792274222035216e-04 -6.336792274222035216e-04
4.310000000000000000e+02 -6.352360154304936488e-04 -6.352360154304936488e-04
4.320000000000000000e+02 -6.442390721364298686e-04 -6.442390721364298686e-04
4.330000000000000000e+02 -6.681992149224388585e-04 -6.681992149224388585e-04
4.340000000000000000e+02 -7.037669275177557259e-04 -7.037669275177557259e-04
4.350000000000000000e+02 -6.985673484825010836e-04 -6.985673484825010836e-04
4.360000000000000000e+02 -6.707922030997782309e-04 -6.707922030997782309e-04
4.370000000000000000e+02 -7.588233612881668593e-04 -7.588233612881668593e-04
4.380000000000000000e+02 -7.558126549911678774e-04 -7.558126549911678774e-04
4.390000000000000000e+02 -7.342721517731025556e-04 -7.342721517731025556e-04
4.400000000000000000e+02 -7.627126887490739667e-04 -7.627126887490739667e-04
4.410000000000000000e+02 -7.934223437177199837e-04 -7.934223437177199837e-04
4.420000000000000000e+02 -8.191261117781767657e-04 -8.191261117781767657e-04
4.430000000000000000e+02 -8.258544026952419504e-04 -8.258544026952419504e-04
4.440000000000000000e+02 -8.616550745221369587e-04 -8.616550745221369587e-04
4.450000000000000000e+02 -8.516134757845086672e-04 -8.516134757845086672e-04
4.460000000000000000e+02 -9.025960352769186231e-04 -9.025960352769186231e-04
4.470000000000000000e+02 -8.905433791044895962e-04 -8.905433791044895962e-04
4.480000000000000000e+02 -9.502929735494176650e-04 -9.502929735494176650e-04
4.490000000000000000e+02 -9.300399563653559583e-04 -9.300399563653559583e-04
4.500000000000000000e+02 -9.075022453841079164e-04 -9.075022453841079164e-04
4.510000000000000000e+02 -9.455168290841273930e-04 -9.455168290841273930e-04
4.520000000000000000e+02 -9.675640833798770804e-04 -9.675640833798770804e-04
4.530000000000000000e+02 -9.941578615747081321e-04 -9.941578615747081321e-04
4.540000000000000000e+02 -1.073839664751236088e-03 -1.073839664751236088e-03
4.550000000000000000e+02 -1.024897623413794636e-03 -1.024897623413794636e-03
4.560000000000000000e+02 -1.122130980400459863e-03 -1.122130980400459863e-03
4.570000000000000000e+02 -1.117527755587674563e-03 -1.117527755587674563e-03
4.580000000000000000e+02 -1.240868033524823765e-03 -1.240868033524823765e-03
4.590000000000000000e+02 -1.177637573138734430e-03 -1.177637573138734430e-03
4.600000000000000000e+02 -1.279468944242384554e-03 -1.279468944242384554e-03
4.610000000000000000e+02 -1.256295183510386946e-03 -1.256295183510386946e-03
4.620000000000000000e+02 -1.309837799788231196e-03 -1.309837799788231196e-03
4.630000000000000000e+02 -1.303185591448595936e-03 -1.303185591448595936e-03
4.640000000000000000e+02 -1.336228338445348421e-03 -1.336228338445348421e-03
4.650000000000000000e+02 -1.422512125738063316e-03 -1.422512125738063316e-03
4.660000000000000000e+02 -1.467512890607021534e-03 -1.467512890607021534e-03
4.670000000000000000e+02 -1.452388714289270947e-03 -1.452388714289270947e-03
4.680000000000000000e+02 -1.490965777455862838e-03 -1.490965777455862838e-03
4.690000000000000000e+02 -1.582654325998395341e-03 -1.582654325998395341e-03
4.700000000000000000e+02 -1.561208258253945049e-03 -1.561208258253945049e-03
4.710000000000000000e+02 -1.668346674765662637e-03 -1.668346674765662637e-03
4.720000000000000000e+02 -1.676282846476391660e-03 -1.676282846476391660e-03
4.730000000000000000e+02 -1.763342522750989188e-03 -1.763342522750989188e-03
4.740000000000000000e+02 -1.691658869016118144e-03 -1.691658869016118144e-03
4.750000000000000000e+02 -1.776906563333386854e-03 -1.776906563333386854e-03
4.760000000000000000e+02 -1.830250901776691577e-03 -1.830250901776691577e-03
4.770000000000000000e+02 -1.858046428431887106e-03 -1.858046428431887106e-03
4.780000000000000000e+02 -1.974829756732344749e-03 -1.974829756732344749e-03
4.790000000000000000e+02 -2.000323190043135774e-03 -2.000323190043135774e-03
4.800000000000000000e+02 -2.076960069412955075e-03 -2.076960069412955075e-03
4.810000000000000000e+02 -2.132704987542167422e-03 -2.132704987542167422e-03
4.820000000000000000e+02 -2.090623939190907558e-03 -2.090623939190907558e-03
4.830000000000000000e+02 -2.164437486712523975e-03 -2.164437486712523975e-03
4.840000000000000000e+02 -2.202527149063764501e-03 -2.202527149063764501e-03
4.850000000000000000e+02 -2.205708777741381514e-03 -2.205708777741381514e-03
4.860000000000000000e+02 -2.207663501048490792e-03 -2.207663501048490792e-03
4.870000000000000000e+02 -2.235648624391556923e-03 -2.235648624391556923e-03
4.880000000000000000e+02 -2.275268089260331326e-03 -2.275268089260331326e-03
4.890000000000000000e+02 -2.347201858558543418e-03 -2.347201858558543418e-03
4.900000000000000000e+02 -2.383035434493607687e-03 -2.383035434493607687e-03
4.910000000000000000e+02 -2.357970805339256685e-03 -2.357970805339256685e-03
4.920000000000000000e+02 -2.349345311756827030e-03 -2.349345311756827030e-03
4.930000000000000000e+02 -2.390030898724310269e-03 -2.390030898724310269e-03
4.940000000000000000e+02 -2.419928654825650744e-03 -2.419928654825650744e-03
4.950000000000000000e+02 -2.449024670243306768e-03 -2.449024670243306768e-03
4.960000000000000000e+02 -2.409130272975505260e-03 -2.409130272975505260e-03
4.970000000000000000e+02 -2.453818087832628295e-03 -2.453818087832628295e-03
4.980000000000000000e+02 -2.459135242760397168e-03 -2.459135242760397168e-03
4.990000000000000000e+02 -2.469077339917236796e-03 -2.469077339917236796e-03
5.000000000000000000e+02 -2.477810982856181420e-03 -2.477810982856181420e-03
