# delays[ps] pumped_signal, blocked_signal, pumped_reference, blocked_reference
-2.000000000000000000e+01 4.827703270750749454e+00 4.827196457103890559e+00 6.083576808887999121e+00 6.083490320151040187e+00
-1.800000000000000000e+01 4.826151443842860544e+00 4.832287552730236690e+00 6.081421025803273039e+00 6.088873959737200359e+00
-1.600000000000000000e+01 4.825071198452685728e+00 4.828543042267130936e+00 6.079837488326609751e+00 6.084295022685695997e+00
-1.400000000000000000e+01 4.830499819241584447e+00 4.832370835042897106e+00 6.086046727266272605e+00 6.088761453219776243e+00
-1.200000000000000000e+01 4.840637809863160612e+00 4.834001774392434392e+00 6.098177497662030433e+00 6.090099471944155241e+00
-1.000000000000000000e+01 4.845419645571916512e+00 4.837289362330830400e+00 6.103881208505315570e+00 6.093905657607462167e+00
-8.000000000000000000e+00 4.831639405196019865e+00 4.831073260289094229e+00 6.086727071622031637e+00 6.085581644642339860e+00
-6.000000000000000000e+00 4.844312170255390626e+00 4.844303442212587463e+00 6.102444046781724474e+00 6.102114686873678195e+00
-4.000000000000000000e+00 4.838201365736025217e+00 4.834427708227518217e+00 6.094256637626346951e+00 6.089454685815195667e+00
-2.000000000000000000e+00 4.829586535523848312e+00 4.833535963642201949e+00 6.084003862206722957e+00 6.088474371685269837e+00
-1.000000000000000000e+00 4.827253231501162922e+00 4.832441300860080169e+00 6.081728123621107152e+00 6.088028574996603659e+00
-9.000000000000000222e-01 4.839327097663244537e+00 4.835033735556412360e+00 6.096133425243834836e+00 6.090633833247111717e+00
-8.000000000000000444e-01 4.825369406213789070e+00 4.822703301447398339e+00 6.078349397121953324e+00 6.074668854918210847e+00
-6.999999999999999556e-01 4.818261953752879023e+00 4.818097875873351477e+00 6.066329534614896879e+00 6.066097230674414753e+00
-5.999999999999999778e-01 4.836259323044726166e+00 4.830616413051977531e+00 6.089173610200635522e+00 6.081822296908696579e+00
-5.000000000000000000e-01 4.834588183831865393e+00 4.836413554456193253e+00 6.088396616040090414e+00 6.090490415775506428e+00
-4.000000000000000222e-01 4.841783240472939731e+00 4.838926869478989978e+00 6.096433079738633687e+00 6.092304738117537255e+00
-2.999999999999999889e-01 4.831844803421341261e+00 4.833914090331242086e+00 6.087120733030263686e+00 6.086180699262105698e+00
-2.000000000000000111e-01 4.823780425660477711e+00 4.832265771159963919e+00 6.080206244592142539e+00 6.084290537375218300e+00
-1.000000000000000056e-01 4.822426312714332752e+00 4.831741584365676800e+00 6.079374314720991990e+00 6.082880047132854351e+00
0.000000000000000000e+00 4.823105130554505848e+00 4.834849957675358745e+00 6.081394120084114618e+00 6.086663328967395259e+00
1.000000000000000056e-01 4.846812757193627696e+00 4.849825596787383120e+00 6.110747013915164949e+00 6.105025040501526945e+00
2.000000000000000111e-01 4.836555050396445843e+00 4.843361810092567055e+00 6.098331405697073215e+00 6.096647206431056176e+00
2.999999999999999889e-01 4.835942936946501902e+00 4.836414272972502815e+00 6.097695106447725166e+00 6.088198100115935318e+00
4.000000000000000222e-01 4.839281533006436931e+00 4.845642340567764883e+00 6.101660244536764921e+00 6.099087180188780266e+00
5.000000000000000000e-01 4.836896261312138456e+00 4.843911143147388465e+00 6.098730834747886576e+00 6.097112620078431355e+00
5.999999999999999778e-01 4.838557472200118781e+00 4.849050045191865443e+00 6.101527237320242492e+00 6.104573481764396625e+00
6.999999999999999556e-01 4.832298844895093204e+00 4.849251602378377157e+00 6.092674861777049422e+00 6.102960314815594423e+00
8.000000000000000444e-01 4.835621746479131566e+00 4.843891443540344177e+00 6.095708614558417615e+00 6.095578485925936540e+00
9.000000000000000222e-01 4.838465623838121843e+00 4.850257377377656276e+00 6.099736055157375603e+00 6.103433575123442978e+00
1.000000000000000000e+00 4.841240232989536096e+00 4.850881102441116255e+00 6.102745782785608419e+00 6.103894984788087008e+00
1.100000000000000089e+00 4.836341162428269058e+00 4.844555205509579743e+00 6.097163227486535497e+00 6.096542941707055796e+00
1.199999999999999956e+00 4.841409036744009242e+00 4.851417701676720817e+00 6.104084045864780705e+00 6.104895476811341481e+00
1.300000000000000044e+00 4.843697575992300663e+00 4.850345943924788905e+00 6.106011122296961524e+00 6.103089481400393979e+00
1.399999999999999911e+00 4.842400316433240981e+00 4.845067063664897589e+00 6.104091410019065300e+00 6.096740177227497171e+00
1.500000000000000000e+00 4.836619671688904276e+00 4.843714309885973179e+00 6.097746353678572540e+00 6.095676898025169876e+00
1.600000000000000089e+00 4.832848335357895486e+00 4.845889700918937670e+00 6.093383066764439526e+00 6.098480110194004489e+00
1.699999999999999956e+00 4.833061424605743284e+00 4.838885711187122851e+00 6.092932072925565379e+00 6.089593542200132603e+00
1.800000000000000044e+00 4.839479007305748759e+00 4.847582704003756682e+00 6.099805083997225985e+00 6.099024002576170389e+00
1.899999999999999911e+00 4.828096210187033499e+00 4.843868061839628147e+00 6.084756754334992301e+00 6.093558921903618142e+00
2.000000000000000000e+00 4.835382155021447304e+00 4.840455954191602572e+00 6.094409591739089471e+00 6.089497049329866130e+00
3.000000000000000000e+00 4.830402285975627485e+00 4.838162450343279630e+00 6.088367949254123168e+00 6.087454420827180357e+00
4.000000000000000000e+00 4.832161510247511060e+00 4.831726289988105272e+00 6.090706462911525954e+00 6.079463282200964436e+00
5.000000000000000000e+00 4.827788951222279579e+00 4.836693985200596124e+00 6.084201892225691743e+00 6.084984413892736477e+00
6.000000000000000000e+00 4.836153381082379354e+00 4.844769255075221714e+00 6.094928253315993416e+00 6.095493043499884855e+00
7.000000000000000000e+00 4.843807281111740082e+00 4.852523973631769572e+00 6.102935325679660572e+00 6.104372486210204229e+00
8.000000000000000000e+00 4.844646256543524210e+00 4.852862302247973325e+00 6.103556253959392386e+00 6.104384258800028107e+00
9.000000000000000000e+00 4.845775990837942970e+00 4.850546618268150034e+00 6.104062344464047385e+00 6.101045331145620310e+00
1.000000000000000000e+01 4.840671041233932215e+00 4.845665083328640321e+00 6.097725295756973196e+00 6.094552367291500516e+00
1.100000000000000000e+01 4.838532888953055888e+00 4.840440098902958788e+00 6.095371005777876938e+00 6.088452592903278671e+00
1.200000000000000000e+01 4.840446583360177080e+00 4.843318569435991705e+00 6.098861361286852301e+00 6.092384579482461149e+00
1.300000000000000000e+01 4.835585310441569362e+00 4.843562565107815132e+00 6.093171103169454206e+00 6.093035531350860623e+00
1.400000000000000000e+01 4.847494136109266272e+00 4.859218945385908484e+00 6.107641987865654265e+00 6.111621943608013474e+00
1.500000000000000000e+01 4.832302847782186106e+00 4.843651931894529916e+00 6.089265781581270076e+00 6.092134014101195483e+00
1.600000000000000000e+01 4.837243237646205785e+00 4.848771054693620464e+00 6.094887012878039911e+00 6.097992195253914005e+00
1.700000000000000000e+01 4.838818045128612688e+00 4.850591140693444991e+00 6.096812888660237739e+00 6.100451231338985814e+00
1.800000000000000000e+01 4.841820956305669554e+00 4.854805305348323330e+00 6.100739190013396929e+00 6.105627066920002122e+00
1.900000000000000000e+01 4.839745824384363182e+00 4.853411474290122207e+00 6.097381601718963928e+00 6.103199424496421166e+00
2.000000000000000000e+01 4.850847068073606216e+00 4.862300412209306977e+00 6.110230829859968793e+00 6.113512501930601140e+00
2.100000000000000000e+01 4.836554489020096881e+00 4.847837588550842902e+00 6.092343815745317137e+00 6.095439228089507111e+00
2.200000000000000000e+01 4.824479502336413539e+00 4.835313446303278972e+00 6.078222952019858738e+00 6.081038892740561863e+00
2.300000000000000000e+01 4.836136404867801275e+00 4.843019639086571182e+00 6.092482833464097247e+00 6.090518922484437603e+00
2.400000000000000000e+01 4.839032973903711898e+00 4.844211194911866691e+00 6.094959004935006419e+00 6.091196623231280860e+00
2.500000000000000000e+01 4.826384471914665575e+00 4.833537886567608410e+00 6.078650092735637500e+00 6.077498970598399275e+00
2.600000000000000000e+01 4.824487591969233158e+00 4.834510508184168387e+00 6.076431772026213096e+00 6.079226329117061844e+00
2.700000000000000000e+01 4.847199452418932353e+00 4.858699481715895274e+00 6.103832603587155958e+00 6.108747545509056742e+00
2.800000000000000000e+01 4.842587700946869411e+00 4.853179889108953482e+00 6.098252051374900340e+00 6.101930828400858431e+00
2.900000000000000000e+01 4.841355625725959122e+00 4.847009187607465464e+00 6.096699338653057687e+00 6.094888856715001246e+00
3.000000000000000000e+01 4.837077877515858937e+00 4.842828013727484837e+00 6.090692770655622645e+00 6.089038041842713689e+00
3.100000000000000000e+01 4.845398103715942817e+00 4.846916056683801877e+00 6.100911275651956345e+00 6.093853928225658301e+00
3.200000000000000000e+01 4.840114102278167962e+00 4.843002183230060709e+00 6.093842558321768799e+00 6.088965332294784538e+00
3.300000000000000000e+01 4.848531943224101859e+00 4.854864323313236696e+00 6.102805281264063630e+00 6.102146880624075287e+00
3.400000000000000000e+01 4.843698215906116822e+00 4.847374901039551709e+00 6.096869021636213581e+00 6.093307955670910658e+00
3.500000000000000000e+01 4.834797265581615378e+00 4.843703663591229613e+00 6.086448157548526083e+00 6.089033318908814607e+00
3.600000000000000000e+01 4.826947736513997000e+00 4.841166322441726066e+00 6.075790266317826926e+00 6.085448067084748835e+00
3.700000000000000000e+01 4.835448537811186220e+00 4.846734359311282603e+00 6.085224488005828825e+00 6.091052879313585855e+00
3.800000000000000000e+01 4.838451849493517365e+00 4.844135040563487316e+00 6.089134933969599039e+00 6.088224929554260534e+00
3.900000000000000000e+01 4.825693720295897826e+00 4.830857929109583893e+00 6.073573147482448142e+00 6.072133910231618081e+00
4.000000000000000000e+01 4.831743745607213647e+00 4.840219323462889633e+00 6.079909394126461919e+00 6.082996719408108710e+00
4.100000000000000000e+01 4.832768984550020797e+00 4.840878121886068364e+00 6.081997035664236329e+00 6.084611250434403651e+00
4.200000000000000000e+01 4.831522811105425141e+00 4.839743661811386488e+00 6.081257825859558430e+00 6.083615320753894551e+00
4.300000000000000000e+01 4.837276950787851248e+00 4.845711207338013971e+00 6.087217708484257805e+00 6.090166736796665425e+00
4.400000000000000000e+01 4.845102537845829005e+00 4.845229381657453871e+00 6.096040776066191214e+00 6.088543319494029049e+00
4.500000000000000000e+01 4.857819187470721722e+00 4.862420450102840519e+00 6.110914453721080442e+00 6.109584441148461664e+00
4.600000000000000000e+01 4.843265236846878707e+00 4.852398331799349762e+00 6.094636690112409383e+00 6.098284720099591993e+00
4.700000000000000000e+01 4.848514247147628353e+00 4.858811030605949099e+00 6.100572229492534859e+00 6.105984777496718863e+00
4.800000000000000000e+01 4.851787740689217365e+00 4.854380494634963128e+00 6.104699045891495146e+00 6.100362184184442427e+00
4.900000000000000000e+01 4.838981964446459116e+00 4.849896386520840430e+00 6.088073742675406130e+00 6.094644618002180714e+00
5.000000000000000000e+01 4.841206842161626334e+00 4.849649666839120243e+00 6.091408189560282516e+00 6.094562457204554029e+00
5.100000000000000000e+01 4.838526726607542905e+00 4.849113388004687053e+00 6.087707953704857289e+00 6.093570613840623373e+00
5.200000000000000000e+01 4.836280864994227713e+00 4.840939462896571399e+00 6.084909942126946802e+00 6.083630698882800836e+00
5.300000000000000000e+01 4.834642318113223425e+00 4.840963965722711038e+00 6.081984698107024023e+00 6.083159358366390101e+00
5.400000000000000000e+01 4.833879656619895826e+00 4.846089976408809896e+00 6.080907485749788677e+00 6.089184424041905963e+00
5.500000000000000000e+01 4.834322247028022268e+00 4.840404544892129124e+00 6.082914321652497236e+00 6.083549501121111369e+00
5.600000000000000000e+01 4.832323270789093961e+00 4.845146261478236127e+00 6.079018052769074032e+00 6.088392853793217263e+00
5.700000000000000000e+01 4.849059494570003181e+00 4.850540051746465409e+00 6.099879793042710219e+00 6.094768020332278269e+00
5.800000000000000000e+01 4.841729747778047432e+00 4.847917267006104147e+00 6.090733369954125287e+00 6.091687658601497191e+00
5.900000000000000000e+01 4.849516017980741722e+00 4.853919648481016758e+00 6.098947527092415832e+00 6.098086370162321579e+00
6.000000000000000000e+01 4.861514853208667830e+00 4.864375388085344198e+00 6.113938521949505933e+00 6.111312688019721051e+00
6.100000000000000000e+01 4.854761503639744014e+00 4.855344549712044433e+00 6.104931351191432931e+00 6.099621143445929761e+00
6.200000000000000000e+01 4.848839600729660582e+00 4.852608857247659557e+00 6.097646738117064480e+00 6.096274926402677430e+00
6.300000000000000000e+01 4.847672710283110753e+00 4.855175105164716953e+00 6.096187559632222808e+00 6.099621863596866866e+00
6.400000000000000000e+01 4.842496572544243705e+00 4.849263933145251393e+00 6.089383818767617029e+00 6.091960885302807327e+00
6.500000000000000000e+01 4.841531476703369918e+00 4.849901831190570611e+00 6.088537394615600284e+00 6.092644189548911626e+00
6.600000000000000000e+01 4.841979350829311635e+00 4.843576338780016144e+00 6.088773464217405618e+00 6.084783419351998290e+00
6.700000000000000000e+01 4.848133797818202417e+00 4.852948225572607299e+00 6.096169863328706917e+00 6.096319768511648363e+00
6.800000000000000000e+01 4.852656103041632640e+00 4.854951047751695725e+00 6.101476870069567404e+00 6.098050814032418110e+00
6.900000000000000000e+01 4.852522212790581158e+00 4.853295923391464761e+00 6.100470529606718983e+00 6.095519470921926697e+00
7.000000000000000000e+01 4.848087673849490464e+00 4.849063900019539020e+00 6.095735041487101213e+00 6.091027098009895724e+00
7.100000000000000000e+01 4.854053296703007447e+00 4.857090721788586585e+00 6.103225930498539675e+00 6.101145745500142326e+00
7.200000000000000000e+01 4.850887347831654317e+00 4.850316713593600504e+00 6.099114169745448066e+00 6.092323237467411445e+00
7.300000000000000000e+01 4.843949180313728675e+00 4.847177430895624362e+00 6.090529732850262334e+00 6.088558214768438503e+00
7.400000000000000000e+01 4.844137763482998515e+00 4.844098445810746334e+00 6.090680119879960941e+00 6.084324734459817030e+00
7.500000000000000000e+01 4.842196840486119314e+00 4.847294343084258550e+00 6.087503665912010753e+00 6.087945375974748607e+00
7.600000000000000000e+01 4.835865422280362758e+00 4.837997568396820824e+00 6.080191589606569025e+00 6.076288107837879870e+00
7.700000000000000000e+01 4.848530340957675655e+00 4.850136221355680455e+00 6.095927224546166201e+00 6.091551291282620184e+00
7.800000000000000000e+01 4.840179925600730293e+00 4.846981081314005735e+00 6.086289525344407814e+00 6.088167035540946515e+00
7.900000000000000000e+01 4.849646544864930853e+00 4.855830140857762878e+00 6.096657298417734516e+00 6.097991397611804310e+00
8.000000000000000000e+01 4.848402618803211439e+00 4.853012047018412822e+00 6.094897425369598665e+00 6.094328869652052560e+00
8.100000000000000000e+01 4.854892831578743184e+00 4.858521710559624118e+00 6.103183811198263697e+00 6.101297015190960238e+00
8.200000000000000000e+01 4.855555154775220927e+00 4.855393397747835849e+00 6.104408044842561054e+00 6.097379682855213368e+00
8.300000000000000000e+01 4.841151749183556952e+00 4.843448055194810031e+00 6.087105442090588348e+00 6.083206125724414548e+00
8.400000000000000000e+01 4.842895679955665500e+00 4.848568540254174941e+00 6.089333690879098704e+00 6.090015554302947720e+00
8.500000000000000000e+01 4.850654161878981796e+00 4.851639757761515348e+00 6.097429409983075033e+00 6.092427421505512974e+00
8.600000000000000000e+01 4.847744540182885586e+00 4.850615083312698417e+00 6.093126980864902897e+00 6.090851245406839531e+00
8.700000000000000000e+01 4.855197126601016322e+00 4.860506995003203379e+00 6.101631740249091607e+00 6.102334583997394368e+00
8.800000000000000000e+01 4.855321967062652178e+00 4.855489489176087581e+00 6.101543573278420673e+00 6.096226396794857116e+00
8.900000000000000000e+01 4.859430590873272671e+00 4.867857401696411124e+00 6.106672966520176438e+00 6.112068138249042271e+00
9.000000000000000000e+01 4.859357320491458410e+00 4.863105434578832487e+00 6.106804696062148707e+00 6.105522407385174155e+00
9.100000000000000000e+01 4.853915324719582536e+00 4.857390534776376612e+00 6.100606344046021867e+00 6.098853998930885645e+00
9.200000000000000000e+01 4.860710153951290025e+00 4.862902117736092933e+00 6.109141293982282228e+00 6.105404132733234235e+00
9.300000000000000000e+01 4.854789370075799582e+00 4.859484724419820267e+00 6.102905377906367335e+00 6.101400155704411965e+00
9.400000000000000000e+01 4.859714305373378451e+00 4.862448317918053320e+00 6.108155368359636128e+00 6.103839329881670217e+00
9.500000000000000000e+01 4.849107301953744731e+00 4.856918636006905210e+00 6.094721333662773688e+00 6.096714714104163768e+00
9.600000000000000000e+01 4.851292700813677250e+00 4.861147375349785804e+00 6.098267825737417880e+00 6.102248819506129074e+00
9.700000000000000000e+01 4.845506129748378576e+00 4.855187596514679349e+00 6.091324746568834492e+00 6.094679370923671513e+00
9.800000000000000000e+01 4.851976482470377050e+00 4.855399402893831429e+00 6.099991100717900849e+00 6.095350666515408911e+00
9.900000000000000000e+01 4.837204320977216199e+00 4.849080794365861813e+00 6.082250234416538781e+00 6.087690486105842957e+00
1.000000000000000000e+02 4.839596961281395160e+00 4.849363871353864042e+00 6.084897051643120669e+00 6.087574618271406557e+00
1.010000000000000000e+02 4.857157506038204176e+00 4.858941077913741857e+00 6.105895408159298654e+00 6.098715223258489360e+00
1.020000000000000000e+02 4.835153691599837877e+00 4.844082829490276687e+00 6.078604363432482671e+00 6.080269665167432613e+00
1.030000000000000000e+02 4.846145549401688513e+00 4.851573532135063260e+00 6.092359272874263709e+00 6.089436347213669443e+00
1.040000000000000000e+02 4.848308607732065845e+00 4.857980784291005882e+00 6.094674568647620916e+00 6.096621500499999513e+00
1.050000000000000000e+02 4.845775511949503844e+00 4.854646193104241725e+00 6.091042153355429534e+00 6.092029514505902910e+00
1.060000000000000000e+02 4.838092222894798233e+00 4.846087654354073848e+00 6.081951225352653090e+00 6.081713151990610911e+00
1.070000000000000000e+02 4.833343777562766341e+00 4.839292265377400426e+00 6.076679611460660269e+00 6.074026229325735216e+00
1.080000000000000000e+02 4.839815814544748740e+00 4.846179744410347823e+00 6.085326351761580987e+00 6.083134136664932079e+00
1.090000000000000000e+02 4.837598381783553947e+00 4.845705202459599015e+00 6.082803570588636966e+00 6.082685616525767891e+00
1.100000000000000000e+02 4.843148084344973014e+00 4.842921704050075604e+00 6.090089545952412919e+00 6.079162508164177581e+00
1.110000000000000000e+02 4.833527638364488510e+00 4.854264623004503676e+00 6.077523557817709587e+00 6.092673821483594487e+00
1.120000000000000000e+02 4.848195218606622170e+00 4.856923360815498469e+00 6.095013059587477855e+00 6.095344661103986539e+00
1.130000000000000000e+02 4.849974383442684278e+00 4.858137177249172822e+00 6.098192153851434760e+00 6.097795285577300106e+00
1.140000000000000000e+02 4.849008406241630986e+00 4.860997070506635431e+00 6.096967760832828986e+00 6.100695148780777899e+00
1.150000000000000000e+02 4.847635474604229167e+00 4.856790752920593590e+00 6.095536927258374149e+00 6.095623413615519404e+00
1.160000000000000000e+02 4.848702109484116285e+00 4.855634031404684414e+00 6.097390973185931706e+00 6.094351535713665946e+00
1.170000000000000000e+02 4.845256688822115798e+00 4.850675462231448520e+00 6.092734680750204745e+00 6.088055804933133253e+00
1.180000000000000000e+02 4.848528821727686733e+00 4.863759588651885402e+00 6.096655457743385575e+00 6.103718651069340417e+00
1.190000000000000000e+02 4.852586194701180133e+00 4.861389530450896501e+00 6.101574564092786979e+00 6.100513130407302143e+00
1.200000000000000000e+02 4.849426409994295639e+00 4.858282597762491051e+00 6.097977140401875218e+00 6.096512756140846534e+00
1.210000000000000000e+02 4.841653354541109344e+00 4.852943101488577327e+00 6.088302845730491519e+00 6.090151445960525933e+00
1.220000000000000000e+02 4.842906328504351876e+00 4.857688102957958165e+00 6.089890389281326755e+00 6.095495769309454026e+00
1.230000000000000000e+02 4.847999266457316381e+00 4.862887941461849550e+00 6.096234564590847782e+00 6.101490718453566053e+00
1.240000000000000000e+02 4.849165276769125121e+00 4.857177367928724898e+00 6.099036411365280408e+00 6.095066551916212383e+00
1.250000000000000000e+02 4.849555816722170398e+00 4.859135904987379462e+00 6.100020411788928065e+00 6.097340441515593845e+00
1.260000000000000000e+02 4.841952446005565847e+00 4.859448208909649125e+00 6.090521247958719186e+00 6.097187334502686795e+00
1.270000000000000000e+02 4.855310917153111916e+00 4.864649012016233343e+00 6.106679694741851350e+00 6.102631514595217688e+00
1.280000000000000000e+02 4.847704821883565884e+00 4.862241797491555495e+00 6.097653867811744455e+00 6.099562125909555377e+00
1.290000000000000000e+02 4.840735423741440613e+00 4.853309615565291502e+00 6.088641573970369869e+00 6.088377156277096525e+00
1.300000000000000000e+02 4.844193497273998616e+00 4.864251986075070811e+00 6.093196729156711733e+00 6.102054711242506535e+00
1.310000000000000000e+02 4.849004161557701309e+00 4.867987287524811357e+00 6.099409896968301936e+00 6.106628282462306601e+00
1.320000000000000000e+02 4.864331501743066610e+00 4.875380775494344121e+00 6.118202347718346701e+00 6.116125445353603141e+00
1.330000000000000000e+02 4.854843504524231967e+00 4.865641094521805599e+00 6.106718773941673284e+00 6.104378096008730381e+00
1.340000000000000000e+02 4.842503698138770574e+00 4.854981397074908500e+00 6.090942773715926073e+00 6.091242186156143212e+00
1.350000000000000000e+02 4.851413858951621805e+00 4.858570155752991226e+00 6.101755061772530908e+00 6.095881019637224618e+00
1.360000000000000000e+02 4.844656826702677499e+00 4.861040872712815819e+00 6.092769833962973891e+00 6.098632340279002584e+00
1.370000000000000000e+02 4.849269138228035736e+00 4.856612259526410291e+00 6.098395068697178623e+00 6.093302594037601772e+00
1.380000000000000000e+02 4.855404928560991706e+00 4.868135432475002133e+00 6.104516949985586471e+00 6.106327191916088637e+00
1.390000000000000000e+02 4.842236319384420007e+00 4.850389506484797053e+00 6.087641801603298930e+00 6.084181877062767363e+00
1.400000000000000000e+02 4.844799205415341703e+00 4.851586586232096820e+00 6.091786958494023629e+00 6.086879701333920423e+00
1.410000000000000000e+02 4.851900650168701645e+00 4.858258734453433370e+00 6.100940507207632812e+00 6.095432424271313820e+00
1.420000000000000000e+02 4.834662499260574009e+00 4.850555826140288573e+00 6.078472883130833004e+00 6.084932364489922918e+00
1.430000000000000000e+02 4.850497530327966267e+00 4.862700081951610187e+00 6.096986099100409895e+00 6.099111367233720493e+00
1.440000000000000000e+02 4.852439652305409190e+00 4.854526636638881065e+00 6.100008639124036236e+00 6.089934033833136695e+00
1.450000000000000000e+02 4.856349523079627417e+00 4.865491428278528652e+00 6.103855102959006906e+00 6.102381429981002192e+00
1.460000000000000000e+02 4.852605813308553451e+00 4.866287238983304064e+00 6.099138511954493858e+00 6.103445583950160902e+00
1.470000000000000000e+02 4.862624005195688603e+00 4.873399496349033022e+00 6.111701457457507480e+00 6.112186895120922614e+00
1.480000000000000000e+02 4.851824014764413384e+00 4.866720219536194492e+00 6.097783832251185032e+00 6.103355817989337240e+00
1.490000000000000000e+02 4.860377028697999258e+00 4.870407955390155585e+00 6.108477123005672027e+00 6.108441328599639952e+00
1.500000000000000000e+02 4.859732243869196111e+00 4.871567639935891592e+00 6.107459973672514586e+00 6.109228494933279130e+00
1.510000000000000000e+02 4.860401132506952493e+00 4.864023765773781705e+00 6.109463924588317774e+00 6.101409845369446749e+00
1.520000000000000000e+02 4.851378463478166481e+00 4.865935938760320489e+00 6.097850698769287092e+00 6.103026937361981652e+00
1.530000000000000000e+02 4.846560433409342394e+00 4.859028439600556304e+00 6.091695349986333774e+00 6.094228530025796786e+00
1.540000000000000000e+02 4.851367894466358521e+00 4.860225282121724000e+00 6.097481461660641422e+00 6.095871813528608740e+00
1.550000000000000000e+02 4.860541747621965669e+00 4.870585487442889772e+00 6.109025175059525026e+00 6.108486492393714329e+00
1.560000000000000000e+02 4.851775568986304243e+00 4.862015337611731880e+00 6.097395296411182386e+00 6.097737549261603718e+00
1.570000000000000000e+02 4.846648198331293678e+00 4.859345066777361666e+00 6.091843173586422466e+00 6.094930974126408607e+00
1.580000000000000000e+02 4.858821760907077625e+00 4.870101177147147631e+00 6.107548539536781895e+00 6.108574016306349108e+00
1.590000000000000000e+02 4.857704517703936631e+00 4.869703430587757786e+00 6.105278249879770414e+00 6.107207884719978885e+00
1.600000000000000000e+02 4.856243500418867320e+00 4.864064924714335270e+00 6.103661154331377681e+00 6.099837913349574592e+00
1.610000000000000000e+02 4.857226132581550893e+00 4.864391161977063227e+00 6.104353426990540399e+00 6.099980533918953007e+00
1.620000000000000000e+02 4.852992187806232316e+00 4.861409390032864763e+00 6.097907473428485048e+00 6.095356591526375212e+00
1.630000000000000000e+02 4.853437020594332019e+00 4.871810916592896668e+00 6.099156612206419581e+00 6.108344595916616271e+00
1.640000000000000000e+02 4.861305449101712028e+00 4.868260432255617332e+00 6.109686700918065760e+00 6.104540569893295299e+00
1.650000000000000000e+02 4.853780711640130363e+00 4.865313415517441342e+00 6.101582569461491801e+00 6.102232164332854758e+00
1.660000000000000000e+02 4.843771728124373510e+00 4.853408194491639627e+00 6.089548377420984870e+00 6.088158469912654525e+00
1.670000000000000000e+02 4.848089195725682643e+00 4.856070373281650809e+00 6.094826638137352148e+00 6.091133440872608773e+00
1.680000000000000000e+02 4.861475774036456698e+00 4.871984925669284650e+00 6.109006598462350723e+00 6.108963679383912826e+00
1.690000000000000000e+02 4.853002037924367684e+00 4.857365149782909342e+00 6.099286416787633947e+00 6.090924439391001144e+00
1.700000000000000000e+02 4.851997386542358015e+00 4.861087959706723360e+00 6.097990040185904626e+00 6.096056635570831439e+00
1.710000000000000000e+02 4.859313037357042120e+00 4.870848703330919349e+00 6.106364907500108963e+00 6.107639829446688928e+00
1.720000000000000000e+02 4.862731311549072011e+00 4.868386795660459399e+00 6.110270308719986332e+00 6.104226505773139522e+00
1.730000000000000000e+02 4.864303476888504285e+00 4.875698525230303559e+00 6.112085998009142429e+00 6.113484797761748801e+00
1.740000000000000000e+02 4.861647861388395775e+00 4.870545209358096095e+00 6.109567465296273703e+00 6.107276596360787124e+00
1.750000000000000000e+02 4.856818858133904904e+00 4.872601362318456530e+00 6.103434533400415418e+00 6.109659474464218754e+00
1.760000000000000000e+02 4.851029725207975929e+00 4.866157513244352195e+00 6.096343471411016068e+00 6.101963180979293355e+00
1.770000000000000000e+02 4.863495411775971000e+00 4.876726321290266952e+00 6.111309719352244763e+00 6.114511075824588637e+00
1.780000000000000000e+02 4.852954470393982866e+00 4.864219074955173028e+00 6.098898436358514807e+00 6.099494380379236524e+00
1.790000000000000000e+02 4.862100459105907824e+00 4.871649559686273001e+00 6.109557933802975960e+00 6.108002982610792664e+00
1.800000000000000000e+02 4.853296164187358208e+00 4.863280723283482487e+00 6.097856146573146674e+00 6.097166190666135854e+00
1.810000000000000000e+02 4.855663818065949933e+00 4.863297301142821993e+00 6.100559254274626753e+00 6.097081071165060706e+00
1.820000000000000000e+02 4.853045919531621344e+00 4.870188942046599578e+00 6.098324999051977890e+00 6.106171437024393356e+00
1.830000000000000000e+02 4.858612518452627427e+00 4.869889212943526502e+00 6.104173575162318954e+00 6.104706734260915368e+00
1.840000000000000000e+02 4.862170928149822657e+00 4.870627527365952503e+00 6.108548152393253439e+00 6.105808684095603844e+00
1.850000000000000000e+02 4.858324880693977832e+00 4.868598760387747859e+00 6.103575314940684393e+00 6.102855970144338116e+00
1.860000000000000000e+02 4.850699967049204808e+00 4.864388758760365583e+00 6.096011631356246241e+00 6.099459064664192631e+00
1.870000000000000000e+02 4.849993281989518401e+00 4.866338491903998253e+00 6.094791163564511116e+00 6.100932263728680915e+00
1.880000000000000000e+02 4.848175998929909802e+00 4.861605099570233790e+00 6.093277047792337697e+00 6.096118692946747686e+00
1.890000000000000000e+02 4.853828839149591623e+00 4.865325746964739295e+00 6.100121708937353837e+00 6.100076785267376067e+00
1.900000000000000000e+02 4.849646624329465361e+00 4.859640714288939733e+00 6.094608262656482367e+00 6.092384737158727859e+00
1.910000000000000000e+02 4.839975808348019548e+00 4.851815450765323057e+00 6.082021692266998514e+00 6.082524587177617015e+00
1.920000000000000000e+02 4.858415046495018430e+00 4.862526233014566657e+00 6.104911011953982225e+00 6.095667694457846508e+00
1.930000000000000000e+02 4.851617974785179754e+00 4.861912115472203588e+00 6.096344510909276870e+00 6.094516649997490987e+00
1.940000000000000000e+02 4.859088179013032693e+00 4.871016066028628799e+00 6.105761359392171350e+00 6.105342313672119658e+00
1.950000000000000000e+02 4.865461478747183932e+00 4.877448381409864808e+00 6.112933861601756114e+00 6.113372126892842928e+00
1.960000000000000000e+02 4.866942194056948168e+00 4.881317172889568567e+00 6.113125567217879919e+00 6.116580770512182852e+00
1.970000000000000000e+02 4.852799441438368611e+00 4.862970824599351261e+00 6.096279649963268099e+00 6.094570387135963330e+00
1.980000000000000000e+02 4.854709213357486064e+00 4.866297009424199516e+00 6.097746117692062207e+00 6.098237556239042512e+00
1.990000000000000000e+02 4.846421417228675921e+00 4.857516654339025131e+00 6.088705316700401049e+00 6.089008409806092814e+00
2.000000000000000000e+02 4.846474749291977524e+00 4.855347592902203857e+00 6.088699151384646235e+00 6.086059863012626359e+00
2.010000000000000000e+02 4.853524225075585896e+00 4.863871059456861268e+00 6.096756355561546492e+00 6.095894960169551346e+00
2.020000000000000000e+02 4.853189740022370025e+00 4.866169925114010475e+00 6.097687900880872647e+00 6.099851445142511430e+00
2.030000000000000000e+02 4.846603354443421274e+00 4.859951577292878078e+00 6.087964677335459207e+00 6.091383365571656938e+00
2.040000000000000000e+02 4.854611838095906684e+00 4.868636075293474086e+00 6.098755418477775692e+00 6.102857569306927132e+00
2.050000000000000000e+02 4.849711969751965945e+00 4.861925251071248510e+00 6.093367458703815132e+00 6.094818629572431590e+00
2.060000000000000000e+02 4.850203003506877941e+00 4.860263959699139491e+00 6.094127073572195741e+00 6.092787931746640240e+00
2.070000000000000000e+02 4.847364012175040315e+00 4.857710124380764327e+00 6.090456062873408349e+00 6.089389825878381401e+00
2.080000000000000000e+02 4.846271433278043439e+00 4.858969985520372070e+00 6.089011858067072680e+00 6.090775413618406908e+00
2.090000000000000000e+02 4.858049172261243775e+00 4.866365476878876883e+00 6.103664679748446176e+00 6.099881878825025083e+00
2.100000000000000000e+02 4.853397222054081084e+00 4.863965148544465045e+00 6.098794900222367588e+00 6.097492110911816532e+00
2.110000000000000000e+02 4.852536146030439035e+00 4.870004204294973604e+00 6.097631605576650848e+00 6.104347904459424434e+00
2.120000000000000000e+02 4.857627883012683334e+00 4.873563013890699125e+00 6.103531588848125189e+00 6.108348596678565556e+00
2.130000000000000000e+02 4.852276134178413081e+00 4.865873077749865772e+00 6.096665305410923885e+00 6.098521271197467009e+00
2.140000000000000000e+02 4.853803695881742541e+00 4.866580965419164073e+00 6.099231644786831552e+00 6.099442570516797169e+00
2.150000000000000000e+02 4.843861735578648187e+00 4.857452273844566903e+00 6.087950822832929987e+00 6.089214694358843438e+00
2.160000000000000000e+02 4.848469724660580127e+00 4.871533045739332657e+00 6.093696417917965569e+00 6.106160467081828358e+00
2.170000000000000000e+02 4.852175557568332742e+00 4.859631184533943937e+00 6.097883773431592935e+00 6.091067614112178674e+00
2.180000000000000000e+02 4.857998723540887909e+00 4.870288558703158799e+00 6.104908771204644147e+00 6.104226503913598556e+00
2.190000000000000000e+02 4.855151802982872411e+00 4.867936359630165022e+00 6.101502254887014587e+00 6.101360116993906679e+00
2.200000000000000000e+02 4.851647844917928332e+00 4.863573168107978795e+00 6.097308651585682249e+00 6.095846668518420941e+00
2.210000000000000000e+02 4.847489893477409773e+00 4.866056057020069936e+00 6.091564019881690939e+00 6.098511505185505222e+00
2.220000000000000000e+02 4.850545897663005590e+00 4.862167167029221915e+00 6.095921463627028913e+00 6.093942979792778658e+00
2.230000000000000000e+02 4.851938373078328759e+00 4.875034361045789133e+00 6.097133854092331440e+00 6.109877445736767498e+00
2.240000000000000000e+02 4.848424480168746165e+00 4.861581477486295988e+00 6.093188241909172298e+00 6.093382270829337699e+00
2.250000000000000000e+02 4.847147482545886454e+00 4.864836231626796348e+00 6.091625521949410427e+00 6.096799994180325477e+00
2.260000000000000000e+02 4.848850091650007244e+00 4.864957389728414405e+00 6.094560375340507541e+00 6.097447986229376227e+00
2.270000000000000000e+02 4.859898325422685517e+00 4.872290821678921802e+00 6.107799745514212120e+00 6.106458038956747103e+00
2.280000000000000000e+02 4.848429363580979867e+00 4.868790787390151031e+00 6.093434319023962153e+00 6.101959819308276245e+00
2.290000000000000000e+02 4.851378783190009258e+00 4.859905852130320447e+00 6.097538954163307601e+00 6.091336438259511432e+00
2.300000000000000000e+02 4.855930075844759664e+00 4.876021157825848995e+00 6.102299187269116132e+00 6.110107029048027272e+00
2.310000000000000000e+02 4.862107825952812767e+00 4.870607589248710845e+00 6.109475052654108396e+00 6.102865421249833666e+00
2.320000000000000000e+02 4.867322403170756040e+00 4.872915911226320951e+00 6.116535447580579543e+00 6.106375325084751005e+00
2.330000000000000000e+02 4.856941216672161943e+00 4.872126500690642459e+00 6.103507243970411444e+00 6.105657656637951902e+00
2.340000000000000000e+02 4.847568050320638200e+00 4.861965369611166210e+00 6.092403238925826692e+00 6.093403170913570754e+00
2.350000000000000000e+02 4.847670875224713960e+00 4.864167185290678042e+00 6.091722026087564856e+00 6.094848018681027213e+00
2.360000000000000000e+02 4.847196649907655974e+00 4.857895021772021593e+00 6.092133375667017070e+00 6.088203066963240317e+00
2.370000000000000000e+02 4.849030748076467390e+00 4.864337990218273511e+00 6.093190244073740658e+00 6.094899187223102643e+00
2.380000000000000000e+02 4.852509401961810909e+00 4.864745023344741348e+00 6.096842761359936524e+00 6.095138537209211727e+00
2.390000000000000000e+02 4.850340095932933693e+00 4.863366967858398837e+00 6.094322062585970201e+00 6.093263273244692080e+00
2.400000000000000000e+02 4.848243743298282560e+00 4.868551516463721640e+00 6.092579165937155317e+00 6.100134364541948351e+00
2.410000000000000000e+02 4.841575038976205114e+00 4.862768227906840934e+00 6.084120535545442188e+00 6.092985804227079250e+00
2.420000000000000000e+02 4.850731115926446790e+00 4.863300185939714027e+00 6.095738162723145948e+00 6.093993909910979667e+00
2.430000000000000000e+02 4.847841914525954365e+00 4.862404515529691551e+00 6.090920112705040523e+00 6.092127849729392253e+00
2.440000000000000000e+02 4.854435349677984846e+00 4.871961940983579709e+00 6.099004626334507684e+00 6.104019822160977604e+00
2.450000000000000000e+02 4.843266520406488418e+00 4.858835534772763864e+00 6.086346705163852455e+00 6.088550527281751279e+00
2.460000000000000000e+02 4.836175244048865451e+00 4.851778691937368215e+00 6.076879648555310709e+00 6.079744514933340227e+00
2.470000000000000000e+02 4.845429095237977712e+00 4.859408170183818321e+00 6.089129249834398294e+00 6.089840663430900136e+00
2.480000000000000000e+02 4.837670132373147247e+00 4.855630826315718629e+00 6.078652251867715073e+00 6.084303911641076645e+00
2.490000000000000000e+02 4.838435275290936310e+00 4.854651559144405937e+00 6.079473293116018695e+00 6.082821032610651102e+00
2.500000000000000000e+02 4.843426434252389612e+00 4.850134378218990960e+00 6.085382644366154281e+00 6.077091373610517877e+00
2.510000000000000000e+02 4.845723859696848379e+00 4.862823961795883498e+00 6.087999347369328795e+00 6.091993878552179886e+00
2.520000000000000000e+02 4.837108869804342071e+00 4.848078227874342616e+00 6.077455410020230708e+00 6.074562518550065349e+00
2.530000000000000000e+02 4.850096099962289742e+00 4.858439231820843140e+00 6.093271200844044166e+00 6.087344956204217006e+00
2.540000000000000000e+02 4.856262721056346265e+00 4.865461078720121790e+00 6.100419042286485016e+00 6.095271068337622999e+00
2.550000000000000000e+02 4.846452971146650412e+00 4.859138388842826117e+00 6.088063818779088088e+00 6.087485811653723822e+00
2.560000000000000000e+02 4.850750493805457531e+00 4.860132955139333966e+00 6.093839352583343860e+00 6.088744560696406793e+00
2.570000000000000000e+02 4.849673130638779917e+00 4.864811088174184839e+00 6.091870318771918313e+00 6.094165431482350570e+00
2.580000000000000000e+02 4.850077524823657171e+00 4.863050502421677024e+00 6.092121847456519745e+00 6.092062026688418896e+00
2.590000000000000000e+02 4.857346571572389138e+00 4.867767475843893799e+00 6.101764671346929347e+00 6.098831015091529473e+00
2.600000000000000000e+02 4.858007050735473342e+00 4.866012013233897093e+00 6.103841410411305901e+00 6.097365507611640645e+00
2.610000000000000000e+02 4.839086625702538669e+00 4.844210554591752427e+00 6.080323638472212799e+00 6.070240225269693646e+00
2.620000000000000000e+02 4.854924141109664859e+00 4.871092940026197304e+00 6.098924943900523310e+00 6.103221688293464453e+00
2.630000000000000000e+02 4.847129785546184344e+00 4.858871972733937561e+00 6.088766899653894171e+00 6.086911336778606518e+00
2.640000000000000000e+02 4.845950400709326367e+00 4.857214521596731949e+00 6.087053148986441009e+00 6.084804718429175807e+00
2.650000000000000000e+02 4.848616825019225196e+00 4.860413226265964504e+00 6.091192616311341901e+00 6.089474149635947242e+00
2.660000000000000000e+02 4.839908302064419132e+00 4.854128491173382187e+00 6.079736586602226822e+00 6.080811154727552292e+00
2.670000000000000000e+02 4.840032503362865057e+00 4.854135536092520908e+00 6.080161882294802034e+00 6.081221470592196532e+00
2.680000000000000000e+02 4.840381643100540643e+00 4.859208696204852629e+00 6.081174470160065404e+00 6.088163910142224466e+00
2.690000000000000000e+02 4.834451411453115632e+00 4.849131569760662508e+00 6.073956721163667360e+00 6.075876358534915589e+00
2.700000000000000000e+02 4.842754423123889040e+00 4.852551842238643331e+00 6.084973927370156410e+00 6.080312188734635193e+00
2.710000000000000000e+02 4.849127961905051798e+00 4.860164423091258179e+00 6.091748439807218141e+00 6.088736868155026016e+00
2.720000000000000000e+02 4.835754836079946273e+00 4.847152848107476153e+00 6.074799463189824777e+00 6.072347477683246453e+00
2.730000000000000000e+02 4.837049451625909491e+00 4.839887645993771415e+00 6.075804602177392155e+00 6.063177916722415794e+00
2.740000000000000000e+02 4.835072094895513040e+00 4.850574163785699611e+00 6.073461201926706465e+00 6.076598972793479270e+00
2.750000000000000000e+02 4.836784076310057578e+00 4.848532584766538811e+00 6.075297151938539031e+00 6.073666919654288954e+00
2.760000000000000000e+02 4.823080708371207947e+00 4.834595472680471850e+00 6.058846897084219307e+00 6.057123700077756467e+00
2.770000000000000000e+02 4.822693533408889621e+00 4.841031954369802826e+00 6.058799011365986864e+00 6.065434751158887750e+00
2.780000000000000000e+02 4.833411043966243881e+00 4.844908189829683742e+00 6.070205872693804849e+00 6.069097991297862649e+00
2.790000000000000000e+02 4.832210759853658111e+00 4.846542575284249033e+00 6.068724269926057957e+00 6.070973338076442793e+00
2.800000000000000000e+02 4.835560168920033597e+00 4.847130106202016009e+00 6.072574660717346084e+00 6.071753539830241131e+00
2.810000000000000000e+02 4.833246244552355186e+00 4.841439789591817089e+00 6.070976783815625666e+00 6.065787093804698493e+00
2.820000000000000000e+02 4.838881547808651540e+00 4.846344303709869017e+00 6.076912880448215759e+00 6.071420574659924796e+00
2.830000000000000000e+02 4.827408025114665158e+00 4.842863488452880283e+00 6.062318758625416137e+00 6.066695815314863793e+00
2.840000000000000000e+02 4.821595350755860210e+00 4.836457838950513732e+00 6.054786069584344510e+00 6.059034360846726308e+00
2.850000000000000000e+02 4.824531635569620391e+00 4.836756368304473419e+00 6.059117401213068632e+00 6.060029489148866411e+00
2.860000000000000000e+02 4.821710981598649859e+00 4.832889978691990329e+00 6.055407391821066021e+00 6.055192619756813777e+00
2.870000000000000000e+02 4.836362623760462220e+00 4.848170152145298673e+00 6.073317937890719165e+00 6.073778946551234625e+00
2.880000000000000000e+02 4.834319524701875537e+00 4.849903755128027960e+00 6.070705638860217412e+00 6.076130119024432119e+00
2.890000000000000000e+02 4.844816184179473240e+00 4.858116676256355682e+00 6.082860033726963600e+00 6.085370549138773733e+00
2.900000000000000000e+02 4.838089901508535462e+00 4.845519582589567165e+00 6.074056022166273827e+00 6.070013602433340871e+00
2.910000000000000000e+02 4.841250884940794919e+00 4.850033239945727104e+00 6.077569038949793168e+00 6.075461466884840789e+00
2.920000000000000000e+02 4.845517742229850100e+00 4.862167887196539695e+00 6.082543561427285361e+00 6.089878942789609617e+00
2.930000000000000000e+02 4.846516389494672339e+00 4.854623691295922860e+00 6.083828730350592906e+00 6.080876017910028075e+00
2.940000000000000000e+02 4.844206789404024605e+00 4.852754679252260672e+00 6.080667491809040648e+00 6.078541185598252738e+00
2.950000000000000000e+02 4.843234968486704872e+00 4.850146951239659998e+00 6.080522073025156793e+00 6.076342806616356285e+00
2.960000000000000000e+02 4.843121979240058828e+00 4.851393918455183751e+00 6.079176844137643698e+00 6.076771780644076415e+00
2.970000000000000000e+02 4.843908582827819664e+00 4.855828619008967451e+00 6.080211533142096947e+00 6.082479497526994905e+00
2.980000000000000000e+02 4.841798055429562986e+00 4.854238518037886863e+00 6.077440753933080586e+00 6.080109512133751615e+00
2.990000000000000000e+02 4.834705018408219424e+00 4.843862376489338928e+00 6.068933914373425331e+00 6.068032795814247926e+00
3.000000000000000000e+02 4.842319439158441874e+00 4.854006851582960635e+00 6.078140471664259081e+00 6.080546574160138995e+00
3.010000000000000000e+02 4.846405484118662343e+00 4.857406389801416147e+00 6.083588100308435109e+00 6.084845322241344334e+00
3.020000000000000000e+02 4.846057705361255685e+00 4.859052384165717164e+00 6.082767138240278371e+00 6.086795857664817788e+00
3.030000000000000000e+02 4.845649070298406080e+00 4.859500017665865812e+00 6.082363707781574647e+00 6.087503425422661429e+00
3.040000000000000000e+02 4.851863172456690521e+00 4.861970015204698292e+00 6.090401445793951929e+00 6.090529335724023774e+00
3.050000000000000000e+02 4.845061539031177311e+00 4.855696569597885315e+00 6.080401154375778994e+00 6.082057724354099193e+00
3.060000000000000000e+02 4.856583031471783940e+00 4.862172611193449789e+00 6.095591622869608983e+00 6.090260112747745147e+00
3.070000000000000000e+02 4.857587363188249796e+00 4.862513820042402735e+00 6.097031660531170516e+00 6.091048075800562955e+00
3.080000000000000000e+02 4.850369405143257318e+00 4.863391711691816610e+00 6.089066868532393428e+00 6.092912931899667761e+00
3.090000000000000000e+02 4.849930579965323396e+00 4.857439460789241714e+00 6.088224609427526524e+00 6.085692224443543630e+00
3.100000000000000000e+02 4.854129529779942054e+00 4.863364004710896360e+00 6.092923019810345231e+00 6.092448399601194886e+00
3.110000000000000000e+02 4.849808703241132335e+00 4.862336289340206008e+00 6.086878982334765986e+00 6.090499144340813409e+00
3.120000000000000000e+02 4.852048874510737519e+00 4.861651064268480482e+00 6.090765083439030114e+00 6.090404971480693597e+00
3.130000000000000000e+02 4.840198265092833019e+00 4.850306466835029084e+00 6.074991811898373228e+00 6.075382193440211687e+00
3.140000000000000000e+02 4.842248810946104598e+00 4.850564154011562934e+00 6.077045326139510983e+00 6.075649007945006730e+00
3.150000000000000000e+02 4.839773851434227225e+00 4.856700505778221988e+00 6.074295129408415761e+00 6.082960448142239684e+00
3.160000000000000000e+02 4.830644441314920101e+00 4.843343954591396994e+00 6.064464123550118657e+00 6.067816987130236761e+00
3.170000000000000000e+02 4.850813196819828477e+00 4.862491961641839389e+00 6.088870760350485689e+00 6.090942378496025711e+00
3.180000000000000000e+02 4.844307449340854888e+00 4.848819024128115274e+00 6.080197919403979689e+00 6.073937906734132142e+00
3.190000000000000000e+02 4.852242661193104212e+00 4.855997983648961736e+00 6.088645898234300802e+00 6.081603445648630313e+00
3.200000000000000000e+02 4.851461425373290837e+00 4.856731815945559028e+00 6.087299791211377986e+00 6.082460040761847431e+00
3.210000000000000000e+02 4.842691880828600581e+00 4.851036373361725218e+00 6.076364423936643888e+00 6.075435202603943097e+00
3.220000000000000000e+02 4.849884535095873694e+00 4.859998342516443692e+00 6.084931323264220815e+00 6.086370645850911032e+00
3.230000000000000000e+02 4.846466263366003169e+00 4.854791934716369717e+00 6.080520154572242930e+00 6.080105108061694352e+00
3.240000000000000000e+02 4.853293921499191477e+00 4.858581367226415537e+00 6.089577927511383493e+00 6.085295196500295489e+00
3.250000000000000000e+02 4.851443407933495600e+00 4.857374919906038535e+00 6.086668056508216296e+00 6.083456291219083489e+00
3.260000000000000000e+02 4.853737712519467173e+00 4.858410242746415975e+00 6.089083287349203566e+00 6.084336185615629056e+00
3.270000000000000000e+02 4.855330374905245883e+00 4.859620855648701720e+00 6.091083871117297655e+00 6.085915641394010756e+00
3.280000000000000000e+02 4.853415882198396147e+00 4.861347328964670922e+00 6.088366913442447625e+00 6.088239261802375069e+00
3.290000000000000000e+02 4.863560195492140359e+00 4.865178887201962787e+00 6.100334316958280212e+00 6.092564277507814374e+00
3.300000000000000000e+02 4.856998475145949179e+00 4.869496110917949316e+00 6.091793287086187725e+00 6.097056565583550913e+00
3.310000000000000000e+02 4.859787337839851062e+00 4.867056786566545945e+00 6.095485998674789130e+00 6.095166647731359966e+00
3.320000000000000000e+02 4.856482853058937010e+00 4.860808327572662790e+00 6.091087956333604225e+00 6.086948727978604090e+00
3.330000000000000000e+02 4.851745940770714860e+00 4.862395065433502417e+00 6.085862150947182414e+00 6.089254971463973654e+00
3.340000000000000000e+02 4.860692214806587863e+00 4.870005725580215383e+00 6.095996895169724539e+00 6.098088611220169319e+00
3.350000000000000000e+02 4.858314389365607333e+00 4.864018479882124879e+00 6.093193206406592566e+00 6.091020050197801794e+00
3.360000000000000000e+02 4.854846626133392462e+00 4.864183520134842453e+00 6.089174252828021494e+00 6.091488987125951660e+00
3.370000000000000000e+02 4.863848074498500651e+00 4.865910954910255271e+00 6.099421027704727827e+00 6.093180953684997014e+00
3.380000000000000000e+02 4.860395448017077236e+00 4.867755303321164462e+00 6.095766993268116885e+00 6.095674180639736761e+00
3.390000000000000000e+02 4.864231004709940187e+00 4.876656974299171665e+00 6.099880432802230246e+00 6.106247592076206487e+00
3.400000000000000000e+02 4.874214685422464832e+00 4.877598527572250653e+00 6.111814449903168800e+00 6.107804628224499766e+00
3.410000000000000000e+02 4.863892437607228558e+00 4.870296005413479179e+00 6.099741179539576841e+00 6.098788489354879161e+00
3.420000000000000000e+02 4.866542846945352885e+00 4.869183967743172303e+00 6.102104198585409200e+00 6.096507870462708922e+00
3.430000000000000000e+02 4.868560323404486745e+00 4.877506039070707899e+00 6.104081243603920015e+00 6.106340565299969825e+00
3.440000000000000000e+02 4.857192821308813357e+00 4.869250033970785374e+00 6.090357164654304434e+00 6.096888164810744470e+00
3.450000000000000000e+02 4.855337903650373654e+00 4.862978592754211071e+00 6.087600002519808484e+00 6.088793084834274616e+00
3.460000000000000000e+02 4.862976110498030913e+00 4.867251856329694704e+00 6.097207195518823397e+00 6.094391254094905896e+00
3.470000000000000000e+02 4.859131262237564641e+00 4.868104521135220963e+00 6.092830534828825861e+00 6.095357791158445337e+00
3.480000000000000000e+02 4.858213090364092324e+00 4.866624846609542310e+00 6.091023573005920788e+00 6.093348475782899953e+00
3.490000000000000000e+02 4.872274885085004392e+00 4.873128032788794251e+00 6.108152406268205326e+00 6.101629096834878752e+00
3.500000000000000000e+02 4.866414241831408916e+00 4.871908857396457293e+00 6.101655520961818624e+00 6.100395749512954602e+00
3.510000000000000000e+02 4.862905879665500031e+00 4.876388554892525207e+00 6.096614693548244368e+00 6.105669430740923609e+00
3.520000000000000000e+02 4.867856601613275380e+00 4.877446541096504440e+00 6.102690530758748899e+00 6.107026592627977202e+00
3.530000000000000000e+02 4.867200204435877531e+00 4.877823145347009337e+00 6.101910410114766314e+00 6.107516747989509831e+00
3.540000000000000000e+02 4.864882597977943313e+00 4.874869161512195959e+00 6.097511889956028774e+00 6.102612615090645676e+00
3.550000000000000000e+02 4.866858514584458284e+00 4.865634606845414822e+00 6.100717411553566727e+00 6.092207766086453979e+00
3.560000000000000000e+02 4.855263592235030679e+00 4.861535272180152134e+00 6.086883386361783721e+00 6.087419665844290506e+00
3.570000000000000000e+02 4.857491911052146172e+00 4.871744771087182180e+00 6.089746329537059744e+00 6.100029058670118687e+00
3.580000000000000000e+02 4.852565613845694514e+00 4.862047528012400477e+00 6.083521229077184955e+00 6.087841674958182736e+00
3.590000000000000000e+02 4.863738768720297756e+00 4.862210006751263691e+00 6.098000285023648992e+00 6.089036920677438403e+00
3.600000000000000000e+02 4.861732984575435346e+00 4.872314524662584745e+00 6.093897252481492721e+00 6.100088398442687243e+00
3.610000000000000000e+02 4.861885692518416846e+00 4.872494620171432089e+00 6.093898693658790222e+00 6.100374598723928621e+00
3.620000000000000000e+02 4.868567770761805136e+00 4.870338367960132864e+00 6.102623664857530272e+00 6.098174934912938383e+00
3.630000000000000000e+02 4.860886322563746198e+00 4.865498395676595145e+00 6.093285535011733423e+00 6.092403158120477613e+00
3.640000000000000000e+02 4.863352795126158590e+00 4.869267811438985127e+00 6.095081444965124717e+00 6.096491539166875917e+00
3.650000000000000000e+02 4.870262694528733505e+00 4.867317439734769380e+00 6.103785356206278045e+00 6.093975649250418236e+00
3.660000000000000000e+02 4.866060538500045496e+00 4.869183808227307786e+00 6.097859184838469560e+00 6.095884144557505380e+00
3.670000000000000000e+02 4.862667170208382572e+00 4.865786995796321790e+00 6.093759037575196658e+00 6.091540238645476890e+00
3.680000000000000000e+02 4.863617691415342392e+00 4.871271914456121621e+00 6.094758249357369984e+00 6.098392188686899473e+00
3.690000000000000000e+02 4.869124632492284555e+00 4.873106893988324195e+00 6.101123728143032388e+00 6.100750004300185658e+00
3.700000000000000000e+02 4.861511008101613740e+00 4.869314496911094636e+00 6.092209447135060962e+00 6.096285899553704368e+00
3.710000000000000000e+02 4.871261823970244542e+00 4.875479432638034183e+00 6.104044489692081576e+00 6.103900747713649544e+00
3.720000000000000000e+02 4.863345909088460317e+00 4.869370309930622476e+00 6.093640603752126239e+00 6.096046704505841518e+00
3.730000000000000000e+02 4.875407925135418097e+00 4.887107748420141284e+00 6.109206235949944386e+00 6.118755127949846440e+00
3.740000000000000000e+02 4.873973652895265296e+00 4.876797911877595482e+00 6.107617967089072231e+00 6.106233660254384077e+00
3.750000000000000000e+02 4.877619188220717383e+00 4.882003839478723961e+00 6.111222516574118302e+00 6.111550835426391437e+00
3.760000000000000000e+02 4.871215217608692249e+00 4.877057042728631053e+00 6.103133840966378010e+00 6.105428875938176070e+00
3.770000000000000000e+02 4.871777683646391743e+00 4.874531957488170697e+00 6.103394896420225813e+00 6.101925391825778533e+00
3.780000000000000000e+02 4.865329351278642633e+00 4.875788451980625382e+00 6.095166807386422470e+00 6.103310892939100007e+00
3.790000000000000000e+02 4.869708479469649021e+00 4.861771263814602229e+00 6.100617476944574236e+00 6.086318198998760920e+00
3.800000000000000000e+02 4.866620521756851225e+00 4.866007127772458141e+00 6.097396254672498017e+00 6.092103103805908582e+00
3.810000000000000000e+02 4.872396443970862911e+00 4.872559001869392503e+00 6.104222983040998862e+00 6.099781940505340394e+00
3.820000000000000000e+02 4.864909824799652505e+00 4.873471244352646004e+00 6.095439713634125845e+00 6.101343536477872753e+00
3.830000000000000000e+02 4.881832794489562311e+00 4.884944130016884323e+00 6.114860458822445999e+00 6.114188361594673715e+00
3.840000000000000000e+02 4.869676045003587639e+00 4.872277448290425639e+00 6.101260577214434377e+00 6.099874029024358713e+00
3.850000000000000000e+02 4.871488924530060771e+00 4.875501934169031770e+00 6.103261407987035980e+00 6.103398258098064133e+00
3.860000000000000000e+02 4.876317045848440834e+00 4.880656453006228190e+00 6.108001141267343392e+00 6.109126475292653069e+00
3.870000000000000000e+02 4.863481482183265037e+00 4.867094983522601837e+00 6.092465302784541237e+00 6.092644192158785721e+00
3.880000000000000000e+02 4.871360559627646580e+00 4.872822056571874505e+00 6.102330260847939947e+00 6.099875550979528605e+00
3.890000000000000000e+02 4.860601408163930159e+00 4.859722714541288902e+00 6.089601552556198172e+00 6.084448533570297357e+00
3.900000000000000000e+02 4.876027563601669002e+00 4.872441767211085129e+00 6.108170663387942234e+00 6.099784741341936822e+00
3.910000000000000000e+02 4.871089336228262567e+00 4.872226276497878317e+00 6.101772357009747516e+00 6.099338863970401370e+00
3.920000000000000000e+02 4.869368708847549243e+00 4.866262496113315628e+00 6.099864341671114687e+00 6.092328924944747648e+00
3.930000000000000000e+02 4.873560130769652332e+00 4.874917849310324236e+00 6.103880006119296375e+00 6.101678827212296596e+00
3.940000000000000000e+02 4.861540958769842824e+00 4.862685026805624311e+00 6.088997123426649338e+00 6.086635542221818795e+00
3.950000000000000000e+02 4.865296038264981249e+00 4.869829873558105149e+00 6.093947699303626564e+00 6.096038933076430411e+00
3.960000000000000000e+02 4.868792550110098816e+00 4.874282353171978777e+00 6.097107898270278881e+00 6.100489669792908742e+00
3.970000000000000000e+02 4.865915839958431910e+00 4.871061550074781366e+00 6.093976688916078466e+00 6.096778617363525221e+00
3.980000000000000000e+02 4.876072408645356404e+00 4.874842655322042972e+00 6.106410072407710388e+00 6.101579208174580771e+00
3.990000000000000000e+02 4.869123271042438361e+00 4.877619188131256500e+00 6.096964719402128807e+00 6.104188629135229860e+00
4.000000000000000000e+02 4.869337076713592616e+00 4.873229813673556343e+00 6.098223141147432358e+00 6.099648292991940224e+00
4.010000000000000000e+02 4.872008787755689241e+00 4.876975522340775804e+00 6.100369951717994788e+00 6.103386164994537566e+00
4.020000000000000000e+02 4.883891748997061022e+00 4.884627023116919986e+00 6.115207112348495677e+00 6.113168329851308869e+00
4.030000000000000000e+02 4.866164242334401813e+00 4.869073942935630228e+00 6.092915578812349686e+00 6.093766885897224483e+00
4.040000000000000000e+02 4.874618518476739659e+00 4.874960370007060284e+00 6.103008840732376150e+00 6.100376438363278808e+00
4.050000000000000000e+02 4.875871413888842376e+00 4.878595415371361987e+00 6.105380670613925531e+00 6.105626029550204059e+00
4.060000000000000000e+02 4.874418326431621651e+00 4.877737302226750060e+00 6.104255178047368169e+00 6.105295946256989126e+00
4.070000000000000000e+02 4.878196788055260136e+00 4.879775359017341607e+00 6.108671873176924727e+00 6.108044623021032571e+00
4.080000000000000000e+02 4.877681166466572904e+00 4.879064509063970156e+00 6.107017619802740604e+00 6.105891886178172356e+00
4.090000000000000000e+02 4.882590647994250688e+00 4.879076038844954333e+00 6.113594343599486614e+00 6.106531466005708175e+00
4.100000000000000000e+02 4.881014081156227036e+00 4.884455416462150978e+00 6.112243912786722966e+00 6.113777642546571300e+00
4.110000000000000000e+02 4.878360545402649073e+00 4.879710736666208248e+00 6.109415314138691322e+00 6.108230484453122777e+00
4.120000000000000000e+02 4.884103316186972243e+00 4.879291769758361319e+00 6.115508209323818001e+00 6.106741674035980338e+00
4.130000000000000000e+02 4.876801996989295951e+00 4.877561853296570327e+00 6.106655112597684898e+00 6.104806191837196749e+00
4.140000000000000000e+02 4.884402484748100015e+00 4.885075217099681844e+00 6.116415890172655523e+00 6.114167140888646657e+00
4.150000000000000000e+02 4.883382856404008265e+00 4.881525375542278056e+00 6.115098207985860235e+00 6.110101184198076574e+00
4.160000000000000000e+02 4.880480923643697899e+00 4.882621399246436233e+00 6.110558671103671458e+00 6.110210412110211209e+00
4.170000000000000000e+02 4.878466810117531693e+00 4.884253460251170686e+00 6.109295600684421679e+00 6.113388943271679032e+00
4.180000000000000000e+02 4.867130297605650746e+00 4.872662782408546001e+00 6.095378933824536993e+00 6.099508473998880298e+00
4.190000000000000000e+02 4.861877043934978992e+00 4.867699569328030940e+00 6.089827690470330346e+00 6.094128035796487985e+00
4.200000000000000000e+02 4.873933054058337433e+00 4.878030145408790652e+00 6.104182864073358417e+00 6.105929681742598980e+00
4.210000000000000000e+02 4.883834254113428308e+00 4.884700214071753699e+00 6.115128157165428568e+00 6.113225985908502302e+00
4.220000000000000000e+02 4.881633239861670859e+00 4.880635952692986557e+00 6.112854343725554251e+00 6.108381829635569638e+00
4.230000000000000000e+02 4.872888600180173668e+00 4.871785612252903519e+00 6.102224475713272867e+00 6.097441502791595802e+00
4.240000000000000000e+02 4.877225686164041285e+00 4.879131293785675894e+00 6.107488801047971094e+00 6.106679693054680946e+00
4.250000000000000000e+02 4.881502232392616492e+00 4.884877347995183250e+00 6.113071113983369109e+00 6.113733524025986910e+00
4.260000000000000000e+02 4.861031583960462754e+00 4.867218141680099031e+00 6.088317900509643721e+00 6.092688472924950638e+00
4.270000000000000000e+02 4.862485794829363606e+00 4.871082610692435644e+00 6.090153688971623680e+00 6.097308893898069293e+00
4.280000000000000000e+02 4.873234695692320706e+00 4.870816992716751059e+00 6.103271494604666003e+00 6.096607490365573589e+00
4.290000000000000000e+02 4.875945085782510624e+00 4.875608518699379168e+00 6.106354979852667952e+00 6.102176510994520520e+00
4.300000000000000000e+02 4.869835000356238730e+00 4.870739717543963287e+00 6.098840143366716759e+00 6.096107803532890834e+00
4.310000000000000000e+02 4.878962249533238094e+00 4.876898969798258321e+00 6.109484582917765749e+00 6.103010362346314110e+00
4.320000000000000000e+02 4.878527508584738825e+00 4.881431124824270107e+00 6.109458878840255736e+00 6.109160269579576585e+00
4.330000000000000000e+02 4.869938460913098233e+00 4.873006395647043298e+00 6.099259832463869380e+00 6.099012311074575976e+00
4.340000000000000000e+02 4.873908952045209908e+00 4.875139905699965581e+00 6.103689426396915252e+00 6.100931782053830688e+00
4.350000000000000000e+02 4.866917210637805802e+00 4.868312243003981798e+00 6.095493685019162555e+00 6.092981238770211583e+00
4.360000000000000000e+02 4.864223799658720537e+00 4.865671843326873081e+00 6.092320357379812812e+00 6.090042539295845714e+00
4.370000000000000000e+02 4.871377295584947476e+00 4.876341869012197350e+00 6.101489041472416552e+00 6.103070659989758617e+00
4.380000000000000000e+02 4.866002886001635552e+00 4.872061398298586532e+00 6.095046133030050051e+00 6.098027910921810069e+00
4.390000000000000000e+02 4.872405331977605059e+00 4.873759925371387247e+00 6.103108456809402504e+00 6.100329191332376944e+00
4.400000000000000000e+02 4.865557573256614532e+00 4.867656167045013582e+00 6.095034680105905878e+00 6.093009987003926931e+00
4.410000000000000000e+02 4.869765253234104918e+00 4.876925154223355818e+00 6.099184479497456124e+00 6.103308971114154602e+00
4.420000000000000000e+02 4.872769123962696902e+00 4.877895375591075222e+00 6.102887840651475493e+00 6.104296413420032152e+00
4.430000000000000000e+02 4.876039174869190695e+00 4.883325119584523755e+00 6.106736627378944071e+00 6.110805947982933972e+00
4.440000000000000000e+02 4.882808459496128073e+00 4.888491009323953307e+00 6.114925079552779863e+00 6.116766551199030566e+00
4.450000000000000000e+02 4.871612965145927454e+00 4.876775969677599853e+00 6.102186922778428446e+00 6.103451430005172540e+00
4.460000000000000000e+02 4.870931182960861250e+00 4.877445899333575419e+00 6.101838261221336879e+00 6.104483714972502639e+00
4.470000000000000000e+02 4.873111457336680274e+00 4.876224473816612281e+00 6.104508300834083023e+00 6.102974723907193422e+00
4.480000000000000000e+02 4.870765743205476284e+00 4.878037674250486511e+00 6.102039258209789985e+00 6.105335746437745570e+00
4.490000000000000000e+02 4.865518335656662252e+00 4.867062794228903755e+00 6.095574966837573605e+00 6.091825959316697237e+00
4.500000000000000000e+02 4.871308110144907388e+00 4.874440908059495925e+00 6.101693483608929824e+00 6.100067340833787988e+00
4.510000000000000000e+02 4.875889831446642120e+00 4.880195125798962863e+00 6.107586577395854199e+00 6.107196596953787804e+00
4.520000000000000000e+02 4.883408000311862729e+00 4.882588406559327687e+00 6.116724590352091262e+00 6.109775427439295470e+00
4.530000000000000000e+02 4.875809752416714993e+00 4.876191884093028506e+00 6.107347782516346690e+00 6.101734079766176322e+00
4.540000000000000000e+02 4.870776873617800540e+00 4.880929117753953328e+00 6.101817441538744724e+00 6.107967507877794411e+00
4.550000000000000000e+02 4.872371619343553562e+00 4.875510424192336600e+00 6.103837566849109386e+00 6.101501535233555984e+00
4.560000000000000000e+02 4.869864147746718608e+00 4.874220211827807070e+00 6.101060142800103669e+00 6.099657737899638832e+00
4.570000000000000000e+02 4.868095552277207361e+00 4.877760604653215815e+00 6.098614080723080200e+00 6.103879847412005510e+00
4.580000000000000000e+02 4.873493347467753090e+00 4.884523243124516689e+00 6.106366349306062702e+00 6.112586084267548792e+00
4.590000000000000000e+02 4.869360620004135498e+00 4.874972942770220641e+00 6.100431691953830615e+00 6.100262648679239952e+00
4.600000000000000000e+02 4.863084054067146944e+00 4.868095394854527136e+00 6.093939372450331682e+00 6.092396353250953744e+00
4.610000000000000000e+02 4.874621080829565578e+00 4.880932722260629575e+00 6.107470784142618569e+00 6.107686115900809121e+00
4.620000000000000000e+02 4.870825721351885740e+00 4.878126560763331732e+00 6.103242189254211247e+00 6.104374731582129066e+00
4.630000000000000000e+02 4.873889811202683831e+00 4.882440984293376474e+00 6.106798768930419286e+00 6.109532952815949436e+00
4.640000000000000000e+02 4.869507722622985035e+00 4.876389756788922725e+00 6.102651132392706401e+00 6.103104455416100471e+00
4.650000000000000000e+02 4.871537370205486717e+00 4.879698564687005025e+00 6.105559802982359230e+00 6.107074719037726140e+00
4.660000000000000000e+02 4.878998204010462025e+00 4.884341788142759988e+00 6.114627668793467308e+00 6.112326953869832380e+00
4.670000000000000000e+02 4.876154486887302575e+00 4.879707132512471901e+00 6.110884105280494971e+00 6.106445225443016156e+00
4.680000000000000000e+02 4.868264596997821769e+00 4.870251244239096167e+00 6.101790534259524890e+00 6.095165286552926887e+00
4.690000000000000000e+02 4.858709732724944885e+00 4.866047728195659339e+00 6.089821844596274403e+00 6.089363559038607931e+00
4.700000000000000000e+02 4.875009137626221900e+00 4.875301259562860423e+00 6.110006853831624341e+00 6.100832400300290281e+00
4.710000000000000000e+02 4.861951355582539769e+00 4.875358355586706161e+00 6.094112420557117993e+00 6.100716528776997549e+00
4.720000000000000000e+02 4.866553017524161362e+00 4.872554438542893607e+00 6.099917431273845558e+00 6.097183813328307167e+00
4.730000000000000000e+02 4.864548034885304517e+00 4.874888460796711342e+00 6.098277597775629388e+00 6.100461562166012541e+00
4.740000000000000000e+02 4.870509014986065033e+00 4.875826249904775977e+00 6.104775042751127145e+00 6.101097700943650892e+00
4.750000000000000000e+02 4.869783910247818426e+00 4.875773077322243410e+00 6.104285042602963784e+00 6.100932338148806977e+00
4.760000000000000000e+02 4.868027807919594885e+00 4.877083549882475388e+00 6.102218552009904151e+00 6.102367178280815985e+00
4.770000000000000000e+02 4.872779614439261664e+00 4.879566836506938010e+00 6.108576418881856540e+00 6.105711230951144763e+00
4.780000000000000000e+02 4.860691654627050440e+00 4.876468391675389036e+00 6.094012724545292414e+00 6.101713098349495823e+00
4.790000000000000000e+02 4.871274315907156094e+00 4.881964520910016425e+00 6.107321359199980648e+00 6.108480005071643681e+00
4.800000000000000000e+02 4.871498452834068793e+00 4.878577478511047616e+00 6.107847470778945187e+00 6.104000288027009447e+00
4.810000000000000000e+02 4.877364220152428764e+00 4.885414747444202455e+00 6.115470810761511444e+00 6.112491191553201197e+00
4.820000000000000000e+02 4.877617746693455381e+00 4.877218559960236455e+00 6.115573632092161205e+00 6.102279811562685730e+00
4.830000000000000000e+02 4.869864708545506460e+00 4.879368324208491536e+00 6.106523781957942987e+00 6.105184878925268954e+00
4.840000000000000000e+02 4.874376602744746378e+00 4.886123114109873988e+00 6.113094096474913641e+00 6.114302794481743852e+00
4.850000000000000000e+02 4.876559999980630167e+00 4.888628261913021689e+00 6.115101650692595037e+00 6.116712417648517253e+00
4.860000000000000000e+02 4.876268999504071111e+00 4.884595873032798075e+00 6.114651775982374637e+00 6.111567011109631409e+00
4.870000000000000000e+02 4.870522466571486575e+00 4.883871809409983555e+00 6.108377747115955714e+00 6.111425750840110638e+00
4.880000000000000000e+02 4.869533427528694780e+00 4.881113457747971118e+00 6.107309106806080301e+00 6.107884949760420845e+00
4.890000000000000000e+02 4.877970087751553940e+00 4.888742054404188409e+00 6.118254881138745382e+00 6.117363295274795831e+00
4.900000000000000000e+02 4.881441054801369361e+00 4.900344264173943643e+00 6.121820354762055771e+00 6.130873004880306176e+00
4.910000000000000000e+02 4.881235814774012027e+00 4.893932447571693878e+00 6.121389853771273870e+00 6.122826293463521807e+00
4.920000000000000000e+02 4.875816560812294753e+00 4.887012695821717045e+00 6.114974330110171330e+00 6.114617659433201347e+00
4.930000000000000000e+02 4.878199671641949564e+00 4.889437288887837241e+00 6.117578064751227451e+00 6.117005907909331519e+00
4.940000000000000000e+02 4.865849455332568851e+00 4.886397702720723046e+00 6.103956963583280881e+00 6.114882643668805073e+00
4.950000000000000000e+02 4.874383970994804471e+00 4.887130329562095810e+00 6.112938266771465123e+00 6.113910089958257466e+00
4.960000000000000000e+02 4.884449410875673081e+00 4.898075903109098128e+00 6.125456132101983364e+00 6.127741473705047071e+00
4.970000000000000000e+02 4.873317656327106562e+00 4.886367830855283145e+00 6.111976208829864810e+00 6.113299416788062324e+00
4.980000000000000000e+02 4.871309229249162875e+00 4.887481551218061604e+00 6.109808259211031434e+00 6.115009482219293524e+00
4.990000000000000000e+02 4.878149062078339426e+00 4.890072943815543027e+00 6.118194904303580373e+00 6.118002555380411600e+00
5.000000000000000000e+02 4.869942864268473670e+00 4.886008522014557265e+00 6.108509955302655392e+00 6.113461493633135291e+00
