# delays[ps] delta_averaged scan 0
-2.000000000000000000e+01 3.716586003267038463e-04 3.716586003267038463e-04
-1.800000000000000000e+01 3.734465608476590474e-04 3.734465608476590474e-04
-1.600000000000000000e+01 3.964234258181134314e-04 3.964234258181134314e-04
-1.400000000000000000e+01 3.700304150660773533e-04 3.700304150660773533e-04
-1.200000000000000000e+01 3.013853595332612783e-04 3.013853595332612783e-04
-1.000000000000000000e+01 3.284534529675817724e-04 3.284534529675817724e-04
-8.000000000000000000e+00 3.160112955106089238e-04 3.160112955106089238e-04
-6.000000000000000000e+00 3.507405562395411280e-04 3.507405562395411280e-04
-4.000000000000000000e+00 3.317636276901488827e-04 3.317636276901488827e-04
-2.000000000000000000e+00 3.194139295762727813e-04 3.194139295762727813e-04
-1.000000000000000000e+00 2.863180775001890246e-04 2.863180775001890246e-04
-9.000000000000000222e-01 3.484789809543046494e-04 3.484789809543046494e-04
-8.000000000000000444e-01 3.219661937105179226e-04 3.219661937105179226e-04
-6.999999999999999556e-01 3.003073561599099782e-04 3.003073561599099782e-04
-5.999999999999999778e-01 3.427283925836388718e-04 3.427283925836388718e-04
-5.000000000000000000e-01 2.244376193626244128e-04 2.244376193626244128e-04
-4.000000000000000222e-01 9.404297922150861252e-05 9.404297922150861252e-05
-2.999999999999999889e-01 -3.279299080912214922e-04 -3.279299080912214922e-04
-2.000000000000000111e-01 -4.469826285184884591e-04 -4.469826285184884591e-04
-1.000000000000000056e-01 -5.502732157268854602e-04 -5.502732157268854602e-04
0.000000000000000000e+00 -5.887993600744961375e-04 -5.887993600744961375e-04
1.000000000000000056e-01 -5.141152663674698493e-04 -5.141152663674698493e-04
2.000000000000000111e-01 -5.008276123113095330e-04 -5.008276123113095330e-04
2.999999999999999889e-01 -4.631554845325792404e-04 -4.631554845325792404e-04
4.000000000000000222e-01 -5.363838301702158595e-04 -5.363838301702158595e-04
5.000000000000000000e-01 -5.153259698503616587e-04 -5.153259698503616587e-04
5.999999999999999778e-01 -5.091201104484669457e-04 -5.091201104484669457e-04
6.999999999999999556e-01 -4.932988806162082965e-04 -4.932988806162082965e-04
8.000000000000000444e-01 -4.995516384534351819e-04 -4.995516384534351819e-04
9.000000000000000222e-01 -5.021292729383856814e-04 -5.021292729383856814e-04
1.000000000000000000e+00 -5.396856377558467569e-04 -5.396856377558467569e-04
1.100000000000000089e+00 -5.312147257675968589e-04 -5.312147257675968589e-04
1.199999999999999956e+00 -4.980646475072145066e-04 -4.980646475072145066e-04
1.300000000000000044e+00 -4.871484632116551954e-04 -4.871484632116551954e-04
1.399999999999999911e+00 -4.504594055860151360e-04 -4.504594055860151360e-04
1.500000000000000000e+00 -4.498954165161489515e-04 -4.498954165161489515e-04
1.600000000000000089e+00 -4.565269390602652165e-04 -4.565269390602652165e-04
1.699999999999999956e+00 -5.376501638770980664e-04 -5.376501638770980664e-04
1.800000000000000044e+00 -5.156056577692360319e-04 -5.156056577692360319e-04
1.899999999999999911e+00 -4.521715073224878028e-04 -4.521715073224878028e-04
2.000000000000000000e+00 -4.496507587500149180e-04 -4.496507587500149180e-04
3.000000000000000000e+00 -5.667773165515983813e-04 -5.667773165515983813e-04
4.000000000000000000e+00 -4.420865127617932123e-04 -4.420865127617932123e-04
5.000000000000000000e+00 -4.979725512775184893e-04 -4.979725512775184893e-04
6.000000000000000000e+00 -4.242678629932887914e-04 -4.242678629932887914e-04
7.000000000000000000e+00 -4.852625990687268391e-04 -4.852625990687268391e-04
8.000000000000000000e+00 -4.059678245478467464e-04 -4.059678245478467464e-04
9.000000000000000000e+00 -4.434992742737913179e-04 -4.434992742737913179e-04
1.000000000000000000e+01 -4.884218060279847586e-04 -4.884218060279847586e-04
1.100000000000000000e+01 -5.134206407914358641e-04 -5.134206407914358641e-04
1.200000000000000000e+01 -5.967650504343197755e-04 -5.967650504343197755e-04
1.300000000000000000e+01 -6.814645519340371089e-04 -6.814645519340371089e-04
1.400000000000000000e+01 -8.192711527846836643e-04 -8.192711527846836643e-04
1.500000000000000000e+01 -8.680216546728459527e-04 -8.680216546728459527e-04
1.600000000000000000e+01 -9.394222214179343130e-04 -9.394222214179343130e-04
1.700000000000000000e+01 -9.827608201087609067e-04 -9.827608201087609067e-04
1.800000000000000000e+01 -9.904717841369445417e-04 -9.904717841369445417e-04
1.900000000000000000e+01 -1.060927591941348723e-03 -1.060927591941348723e-03
2.000000000000000000e+01 -1.080526959088718006e-03 -1.080526959088718006e-03
2.100000000000000000e+01 -1.061371582166529149e-03 -1.061371582166529149e-03
2.200000000000000000e+01 -1.037520119288740236e-03 -1.037520119288740236e-03
2.300000000000000000e+01 -9.575016865699616155e-04 -9.575016865699616155e-04
2.400000000000000000e+01 -8.697590157022752058e-04 -8.697590157022752058e-04
2.500000000000000000e+01 -8.388981641946019561e-04 -8.388981641946019561e-04
2.600000000000000000e+01 -8.394798894483619309e-04 -8.394798894483619309e-04
2.700000000000000000e+01 -7.868228557697053800e-04 -7.868228557697053800e-04
2.800000000000000000e+01 -7.721300775354652396e-04 -7.721300775354652396e-04
2.900000000000000000e+01 -7.277329083221036532e-04 -7.277329083221036532e-04
3.000000000000000000e+01 -7.463868776387391681e-04 -7.463868776387391681e-04
3.100000000000000000e+01 -6.918789011215814794e-04 -6.918789011215814794e-04
3.200000000000000000e+01 -6.324046959704960084e-04 -6.324046959704960084e-04
3.300000000000000000e+01 -6.954125100046619446e-04 -6.954125100046619446e-04
3.400000000000000000e+01 -6.752004317680872529e-04 -6.752004317680872529e-04
3.500000000000000000e+01 -7.290756599998412732e-04 -7.290756599998412732e-04
3.600000000000000000e+01 -6.643362302832393805e-04 -6.643362302832393805e-04
3.700000000000000000e+01 -5.947106027941913287e-04 -5.947106027941913287e-04
3.800000000000000000e+01 -5.425149355069287761e-04 -5.425149355069287761e-04
3.900000000000000000e+01 -6.463368666754320093e-04 -6.463368666754320093e-04
4.000000000000000000e+01 -5.911104315670039728e-04 -5.911104315670039728e-04
4.100000000000000000e+01 -7.070158297555274906e-04 -7.070158297555274906e-04
4.200000000000000000e+01 -5.550168208765136543e-04 -5.550168208765136543e-04
4.300000000000000000e+01 -5.203720642312633857e-04 -5.203720642312633857e-04
4.400000000000000000e+01 -5.308845538776459181e-04 -5.308845538776459181e-04
4.500000000000000000e+01 -5.449951005699861994e-04 -5.449951005699861994e-04
4.600000000000000000e+01 -5.003593686310933404e-04 -5.003593686310933404e-04
4.700000000000000000e+01 -5.598190857364251493e-04 -5.598190857364251493e-04
4.800000000000000000e+01 -4.752455318062523090e-04 -4.752455318062523090e-04
4.900000000000000000e+01 -4.981383337942758231e-04 -4.981383337942758231e-04
5.000000000000000000e+01 -4.266159531553662468e-04 -4.266159531553662468e-04
5.100000000000000000e+01 -4.491828421366395128e-04 -4.491828421366395128e-04
5.200000000000000000e+01 -3.748626642981405335e-04 -3.748626642981405335e-04
5.300000000000000000e+01 -3.278270664557433509e-04 -3.278270664557433509e-04
5.400000000000000000e+01 -4.019642025555657337e-04 -4.019642025555657337e-04
5.500000000000000000e+01 -4.123584256032682702e-04 -4.123584256032682702e-04
5.600000000000000000e+01 -3.370764340060926844e-04 -3.370764340060926844e-04
5.700000000000000000e+01 -2.889689713708193538e-04 -2.889689713708193538e-04
5.800000000000000000e+01 -3.404714664879771122e-04 -3.404714664879771122e-04
5.900000000000000000e+01 -2.818510680218821898e-04 -2.818510680218821898e-04
6.000000000000000000e+01 -3.332856966253826552e-04 -3.332856966253826552e-04
6.100000000000000000e+01 -2.757499774300591370e-04 -2.757499774300591370e-04
6.200000000000000000e+01 -2.465709931829686936e-04 -2.465709931829686936e-04
6.300000000000000000e+01 -2.442147941881823710e-04 -2.442147941881823710e-04
6.400000000000000000e+01 -2.515231741180005325e-04 -2.515231741180005325e-04
6.500000000000000000e+01 -2.015914088111439150e-04 -2.015914088111439150e-04
6.600000000000000000e+01 -2.039146149974196888e-04 -2.039146149974196888e-04
6.700000000000000000e+01 -2.258064346068015013e-04 -2.258064346068015013e-04
6.800000000000000000e+01 -2.902682405167321747e-04 -2.902682405167321747e-04
6.900000000000000000e+01 -2.157306409718562357e-04 -2.157306409718562357e-04
7.000000000000000000e+01 -2.462872642973740070e-04 -2.462872642973740070e-04
7.100000000000000000e+01 -2.680936467730587851e-04 -2.680936467730587851e-04
7.200000000000000000e+01 -2.180689604133815272e-04 -2.180689604133815272e-04
7.300000000000000000e+01 -3.385417289325482024e-04 -3.385417289325482024e-04
7.400000000000000000e+01 -2.904282594215210674e-04 -2.904282594215210674e-04
7.500000000000000000e+01 -2.411318482195933378e-04 -2.411318482195933378e-04
7.600000000000000000e+01 -3.063260277412640327e-04 -3.063260277412640327e-04
7.700000000000000000e+01 -3.219428631269019027e-04 -3.219428631269019027e-04
7.800000000000000000e+01 -2.821502678162974599e-04 -2.821502678162974599e-04
7.900000000000000000e+01 -3.436412385035734433e-04 -3.436412385035734433e-04
8.000000000000000000e+01 -3.153788192465205591e-04 -3.153788192465205591e-04
8.100000000000000000e+01 -3.515572956635348964e-04 -3.515572956635348964e-04
8.200000000000000000e+01 -3.079289692144045990e-04 -3.079289692144045990e-04
8.300000000000000000e+01 -2.861325575309288990e-04 -2.861325575309288990e-04
8.400000000000000000e+01 -2.687748707825468163e-04 -2.687748707825468163e-04
8.500000000000000000e+01 -2.166629905152898049e-04 -2.166629905152898049e-04
8.600000000000000000e+01 -1.726030376040713738e-04 -1.726030376040713738e-04
8.700000000000000000e+01 -1.373534490519521146e-04 -1.373534490519521146e-04
8.800000000000000000e+01 -1.361646794543315358e-04 -1.361646794543315358e-04
8.900000000000000000e+01 -1.017062260816454752e-04 -1.017062260816454752e-04
9.000000000000000000e+01 -1.425985003414472754e-04 -1.425985003414472754e-04
9.100000000000000000e+01 -1.798362955250816238e-04 -1.798362955250816238e-04
9.200000000000000000e+01 -2.288736368103151350e-04 -2.288736368103151350e-04
9.300000000000000000e+01 -2.953932595131557792e-04 -2.953932595131557792e-04
9.400000000000000000e+01 -3.535257951852380644e-04 -3.535257951852380644e-04
9.500000000000000000e+01 -4.257797571734462739e-04 -4.257797571734462739e-04
9.600000000000000000e+01 -4.434799944533023529e-04 -4.434799944533023529e-04
9.700000000000000000e+01 -5.354312751596577036e-04 -5.354312751596577036e-04
9.800000000000000000e+01 -5.654155305471699920e-04 -5.654155305471699920e-04
9.900000000000000000e+01 -5.423585326344108068e-04 -5.423585326344108068e-04
1.000000000000000000e+02 -6.423554515885813608e-04 -6.423554515885813608e-04
1.010000000000000000e+02 -6.137827756208172466e-04 -6.137827756208172466e-04
1.020000000000000000e+02 -6.483408402021333073e-04 -6.483408402021333073e-04
1.030000000000000000e+02 -7.086730317409746993e-04 -7.086730317409746993e-04
1.040000000000000000e+02 -7.188918237968371008e-04 -7.188918237968371008e-04
1.050000000000000000e+02 -6.796299889145425476e-04 -6.796299889145425476e-04
1.060000000000000000e+02 -6.761896889074363055e-04 -6.761896889074363055e-04
1.070000000000000000e+02 -7.318935753991848495e-04 -7.318935753991848495e-04
1.080000000000000000e+02 -7.137404517803571909e-04 -7.137404517803571909e-04
1.090000000000000000e+02 -8.078315440646742377e-04 -8.078315440646742377e-04
1.100000000000000000e+02 -7.742462842824238004e-04 -7.742462842824238004e-04
1.110000000000000000e+02 -8.131215621743586967e-04 -8.131215621743586967e-04
1.120000000000000000e+02 -7.792050061186911025e-04 -7.792050061186911025e-04
1.130000000000000000e+02 -7.932230089135154519e-04 -7.932230089135154519e-04
1.140000000000000000e+02 -7.986953398571168235e-04 -7.986953398571168235e-04
1.150000000000000000e+02 -8.480930517372997331e-04 -8.480930517372997331e-04
1.160000000000000000e+02 -9.488864951672288566e-04 -9.488864951672288566e-04
1.170000000000000000e+02 -9.545083516856625420e-04 -9.545083516856625420e-04
1.180000000000000000e+02 -9.990797927018639415e-04 -9.990797927018639415e-04
1.190000000000000000e+02 -9.573413934278074845e-04 -9.573413934278074845e-04
1.200000000000000000e+02 -9.976073917862824172e-04 -9.976073917862824172e-04
1.210000000000000000e+02 -1.150931048990564212e-03 -1.150931048990564212e-03
1.220000000000000000e+02 -1.185480421238360640e-03 -1.185480421238360640e-03
1.230000000000000000e+02 -1.268707574560755738e-03 -1.268707574560755738e-03
1.240000000000000000e+02 -1.280495007319183438e-03 -1.280495007319183438e-03
1.250000000000000000e+02 -1.332819497634278897e-03 -1.332819497634278897e-03
1.260000000000000000e+02 -1.370769633466019854e-03 -1.370769633466019854e-03
1.270000000000000000e+02 -1.438253563501114057e-03 -1.438253563501114057e-03
1.280000000000000000e+02 -1.493658815233267750e-03 -1.493658815233267750e-03
1.290000000000000000e+02 -1.563263085817555385e-03 -1.563263085817555385e-03
1.300000000000000000e+02 -1.504840426411642451e-03 -1.504840426411642451e-03
1.310000000000000000e+02 -1.609260565458014774e-03 -1.609260565458014774e-03
1.320000000000000000e+02 -1.607240959058380686e-03 -1.607240959058380686e-03
1.330000000000000000e+02 -1.503955154133393944e-03 -1.503955154133393944e-03
1.340000000000000000e+02 -1.444774748360003538e-03 -1.444774748360003538e-03
1.350000000000000000e+02 -1.451699461615643585e-03 -1.451699461615643585e-03
1.360000000000000000e+02 -1.441924398620785929e-03 -1.441924398620785929e-03
1.370000000000000000e+02 -1.374539752034923193e-03 -1.374539752034923193e-03
1.380000000000000000e+02 -1.307558315382071701e-03 -1.307558315382071701e-03
1.390000000000000000e+02 -1.259681854002662332e-03 -1.259681854002662332e-03
1.400000000000000000e+02 -1.233344175543673281e-03 -1.233344175543673281e-03
1.410000000000000000e+02 -1.213950642641257148e-03 -1.213950642641257148e-03
1.420000000000000000e+02 -1.306228547213549637e-03 -1.306228547213549637e-03
1.430000000000000000e+02 -1.201902887739943323e-03 -1.201902887739943323e-03
1.440000000000000000e+02 -1.172585938221100497e-03 -1.172585938221100497e-03
1.450000000000000000e+02 -1.163042941070860327e-03 -1.163042941070860327e-03
1.460000000000000000e+02 -1.083871929559986633e-03 -1.083871929559986633e-03
1.470000000000000000e+02 -1.134941409840003719e-03 -1.134941409840003719e-03
1.480000000000000000e+02 -1.089894270063970208e-03 -1.089894270063970208e-03
1.490000000000000000e+02 -1.170259084387641072e-03 -1.170259084387641072e-03
1.500000000000000000e+02 -1.063772820690126906e-03 -1.063772820690126906e-03
1.510000000000000000e+02 -1.125911141575011752e-03 -1.125911141575011752e-03
1.520000000000000000e+02 -1.123412538060026937e-03 -1.123412538060026937e-03
1.530000000000000000e+02 -1.098912211812648650e-03 -1.098912211812648650e-03
1.540000000000000000e+02 -1.079304107623593962e-03 -1.079304107623593962e-03
1.550000000000000000e+02 -1.112485126594069075e-03 -1.112485126594069075e-03
1.560000000000000000e+02 -1.096144361681056483e-03 -1.096144361681056483e-03
1.570000000000000000e+02 -1.136999588216292814e-03 -1.136999588216292814e-03
1.580000000000000000e+02 -1.097840720889185903e-03 -1.097840720889185903e-03
1.590000000000000000e+02 -1.145657722306030104e-03 -1.145657722306030104e-03
1.600000000000000000e+02 -1.195045904911329945e-03 -1.195045904911329945e-03
1.610000000000000000e+02 -1.134326763943932373e-03 -1.134326763943932373e-03
1.620000000000000000e+02 -1.184640097585285380e-03 -1.184640097585285380e-03
1.630000000000000000e+02 -1.190974763174484788e-03 -1.190974763174484788e-03
1.640000000000000000e+02 -1.126637370406130675e-03 -1.126637370406130675e-03
1.650000000000000000e+02 -1.242208962288781715e-03 -1.242208962288781715e-03
1.660000000000000000e+02 -1.229234197192203811e-03 -1.229234197192203811e-03
1.670000000000000000e+02 -1.249887357776164037e-03 -1.249887357776164037e-03
1.680000000000000000e+02 -1.185116780264681155e-03 -1.185116780264681155e-03
1.690000000000000000e+02 -1.205125095785247171e-03 -1.205125095785247171e-03
1.700000000000000000e+02 -1.209958612476557446e-03 -1.209958612476557446e-03
1.710000000000000000e+02 -1.232105713776033553e-03 -1.232105713776033553e-03
1.720000000000000000e+02 -1.155261816582883868e-03 -1.155261816582883868e-03
1.730000000000000000e+02 -1.127007754479567980e-03 -1.127007754479567980e-03
1.740000000000000000e+02 -1.118145891726946700e-03 -1.118145891726946700e-03
1.750000000000000000e+02 -1.088349780939145339e-03 -1.088349780939145339e-03
1.760000000000000000e+02 -1.121967566938663089e-03 -1.121967566938663089e-03
1.770000000000000000e+02 -1.089750535820083405e-03 -1.089750535820083405e-03
1.780000000000000000e+02 -1.265136076448934027e-03 -1.265136076448934027e-03
1.790000000000000000e+02 -1.224796739939386890e-03 -1.224796739939386890e-03
1.800000000000000000e+02 -1.278498866720299788e-03 -1.278498866720299788e-03
1.810000000000000000e+02 -1.200375771065351378e-03 -1.200375771065351378e-03
1.820000000000000000e+02 -1.221841004284451035e-03 -1.221841004284451035e-03
1.830000000000000000e+02 -1.257043979512465284e-03 -1.257043979512465284e-03
1.840000000000000000e+02 -1.220095189512984549e-03 -1.220095189512984549e-03
1.850000000000000000e+02 -1.229223686964181061e-03 -1.229223686964181061e-03
1.860000000000000000e+02 -1.291244352615650856e-03 -1.291244352615650856e-03
1.870000000000000000e+02 -1.286105165071675140e-03 -1.286105165071675140e-03
1.880000000000000000e+02 -1.315781862966929928e-03 -1.315781862966929928e-03
1.890000000000000000e+02 -1.258558289779130495e-03 -1.258558289779130495e-03
1.900000000000000000e+02 -1.335473895923438951e-03 -1.335473895923438951e-03
1.910000000000000000e+02 -1.332267379317671283e-03 -1.332267379317671283e-03
1.920000000000000000e+02 -1.390054678479650009e-03 -1.390054678479650009e-03
1.930000000000000000e+02 -1.415498349916293917e-03 -1.415498349916293917e-03
1.940000000000000000e+02 -1.412418844221450262e-03 -1.412418844221450262e-03
1.950000000000000000e+02 -1.429214661252491397e-03 -1.429214661252491397e-03
1.960000000000000000e+02 -1.329100378224773926e-03 -1.329100378224773926e-03
1.970000000000000000e+02 -1.387485942732024973e-03 -1.387485942732024973e-03
1.980000000000000000e+02 -1.185376782270745498e-03 -1.185376782270745498e-03
1.990000000000000000e+02 -1.231939647231105770e-03 -1.231939647231105770e-03
2.000000000000000000e+02 -1.178325810751536251e-03 -1.178325810751536251e-03
2.010000000000000000e+02 -1.270994717027333458e-03 -1.270994717027333458e-03
2.020000000000000000e+02 -1.340142730252581174e-03 -1.340142730252581174e-03
2.030000000000000000e+02 -1.271044451805459184e-03 -1.271044451805459184e-03
2.040000000000000000e+02 -1.320577828007667934e-03 -1.320577828007667934e-03
2.050000000000000000e+02 -1.309695230923917401e-03 -1.309695230923917401e-03
2.060000000000000000e+02 -1.258904302667691183e-03 -1.258904302667691183e-03
2.070000000000000000e+02 -1.367602503345545896e-03 -1.367602503345545896e-03
2.080000000000000000e+02 -1.452949997474293087e-03 -1.452949997474293087e-03
2.090000000000000000e+02 -1.466502830025628911e-03 -1.466502830025628911e-03
2.100000000000000000e+02 -1.491437353611084395e-03 -1.491437353611084395e-03
2.110000000000000000e+02 -1.503028670918382268e-03 -1.503028670918382268e-03
2.120000000000000000e+02 -1.599898103647162889e-03 -1.599898103647162889e-03
2.130000000000000000e+02 -1.621862273777171896e-03 -1.621862273777171896e-03
2.140000000000000000e+02 -1.623439860848647750e-03 -1.623439860848647750e-03
2.150000000000000000e+02 -1.668736766429402673e-03 -1.668736766429402673e-03
2.160000000000000000e+02 -1.704519501204019953e-03 -1.704519501204019953e-03
2.170000000000000000e+02 -1.688829023532922337e-03 -1.688829023532922337e-03
2.180000000000000000e+02 -1.706189637557347510e-03 -1.706189637557347510e-03
2.190000000000000000e+02 -1.786559786669040520e-03 -1.786559786669040520e-03
2.200000000000000000e+02 -1.790488283118475731e-03 -1.790488283118475731e-03
2.210000000000000000e+02 -1.773384198093269680e-03 -1.773384198093269680e-03
2.220000000000000000e+02 -1.789251405352310911e-03 -1.789251405352310911e-03
2.230000000000000000e+02 -1.734845425756867746e-03 -1.734845425756867746e-03
2.240000000000000000e+02 -1.808152998022883673e-03 -1.808152998022883673e-03
2.250000000000000000e+02 -1.853833906857006632e-03 -1.853833906857006632e-03
2.260000000000000000e+02 -1.818629845402801792e-03 -1.818629845402801792e-03
2.270000000000000000e+02 -1.846714340761756870e-03 -1.846714340761756870e-03
2.280000000000000000e+02 -1.825682201651855716e-03 -1.825682201651855716e-03
2.290000000000000000e+02 -1.923440201175315341e-03 -1.923440201175315341e-03
2.300000000000000000e+02 -1.879217909970287356e-03 -1.879217909970287356e-03
2.310000000000000000e+02 -1.921319869160169292e-03 -1.921319869160169292e-03
2.320000000000000000e+02 -1.941338757001335449e-03 -1.941338757001335449e-03
2.330000000000000000e+02 -2.008674037806602256e-03 -2.008674037806602256e-03
2.340000000000000000e+02 -1.949609744221533509e-03 -1.949609744221533509e-03
2.350000000000000000e+02 -1.963410630290558529e-03 -1.963410630290558529e-03
2.360000000000000000e+02 -1.982049947970320348e-03 -1.982049947970320348e-03
2.370000000000000000e+02 -2.001068706306359697e-03 -2.001068706306359697e-03
2.380000000000000000e+02 -2.009603516488332568e-03 -2.009603516488332568e-03
2.390000000000000000e+02 -1.950412675201768304e-03 -1.950412675201768304e-03
2.400000000000000000e+02 -2.086431541429426603e-03 -2.086431541429426603e-03
2.410000000000000000e+02 -2.015071252411828641e-03 -2.015071252411828641e-03
2.420000000000000000e+02 -2.037798190190366881e-03 -2.037798190190366881e-03
2.430000000000000000e+02 -1.960902830615774989e-03 -1.960902830615774989e-03
2.440000000000000000e+02 -1.916011647824410018e-03 -1.916011647824410018e-03
2.450000000000000000e+02 -2.130084262653068102e-03 -2.130084262653068102e-03
2.460000000000000000e+02 -1.948646230295688394e-03 -1.948646230295688394e-03
2.470000000000000000e+02 -2.003131769168451162e-03 -2.003131769168451162e-03
2.480000000000000000e+02 -1.881416208405025997e-03 -1.881416208405025997e-03
2.490000000000000000e+02 -1.948576570341423652e-03 -1.948576570341423652e-03
2.500000000000000000e+02 -1.887275151112341931e-03 -1.887275151112341931e-03
2.510000000000000000e+02 -2.007990762595351746e-03 -2.007990762595351746e-03
2.520000000000000000e+02 -1.870225086110516169e-03 -1.870225086110516169e-03
2.530000000000000000e+02 -1.929852549930140401e-03 -1.929852549930140401e-03
2.540000000000000000e+02 -1.885484982020761138e-03 -1.885484982020761138e-03
2.550000000000000000e+02 -1.955610592260732632e-03 -1.955610592260732632e-03
2.560000000000000000e+02 -1.947450220779315495e-03 -1.947450220779315495e-03
2.570000000000000000e+02 -1.921725695205628521e-03 -1.921725695205628521e-03
2.580000000000000000e+02 -1.852593320988841444e-03 -1.852593320988841444e-03
2.590000000000000000e+02 -1.826371226443189964e-03 -1.826371226443189964e-03
2.600000000000000000e+02 -1.851215650828988597e-03 -1.851215650828988597e-03
2.610000000000000000e+02 -1.789494826441706500e-03 -1.789494826441706500e-03
2.620000000000000000e+02 -1.843559081083091236e-03 -1.843559081083091236e-03
2.630000000000000000e+02 -1.925483600183975621e-03 -1.925483600183975621e-03
2.640000000000000000e+02 -1.776245279244067186e-03 -1.776245279244067186e-03
2.650000000000000000e+02 -1.895605417086719188e-03 -1.895605417086719188e-03
2.660000000000000000e+02 -1.877179347250687710e-03 -1.877179347250687710e-03
2.670000000000000000e+02 -1.909526476439086032e-03 -1.909526476439086032e-03
2.680000000000000000e+02 -1.868373579417503339e-03 -1.868373579417503339e-03
2.690000000000000000e+02 -1.928109628716175158e-03 -1.928109628716175158e-03
2.700000000000000000e+02 -1.839271270734525905e-03 -1.839271270734525905e-03
2.710000000000000000e+02 -1.901051245508790554e-03 -1.901051245508790554e-03
2.720000000000000000e+02 -1.951913378214697840e-03 -1.951913378214697840e-03
2.730000000000000000e+02 -1.864809520785134676e-03 -1.864809520785134676e-03
2.740000000000000000e+02 -1.846775946361209819e-03 -1.846775946361209819e-03
2.750000000000000000e+02 -1.829754074846218909e-03 -1.829754074846218909e-03
2.760000000000000000e+02 -1.775183214381475952e-03 -1.775183214381475952e-03
2.770000000000000000e+02 -1.751826941923974963e-03 -1.751826941923974963e-03
2.780000000000000000e+02 -1.804568026339607029e-03 -1.804568026339607029e-03
2.790000000000000000e+02 -1.622788834142122570e-03 -1.622788834142122570e-03
2.800000000000000000e+02 -1.765752716597953059e-03 -1.765752716597953059e-03
2.810000000000000000e+02 -1.751888111087803075e-03 -1.751888111087803075e-03
2.820000000000000000e+02 -1.680655497992977233e-03 -1.680655497992977233e-03
2.830000000000000000e+02 -1.667887750920588573e-03 -1.667887750920588573e-03
2.840000000000000000e+02 -1.664342092712888443e-03 -1.664342092712888443e-03
2.850000000000000000e+02 -1.531077173060226785e-03 -1.531077173060226785e-03
2.860000000000000000e+02 -1.616603840863545336e-03 -1.616603840863545336e-03
2.870000000000000000e+02 -1.547181113667058525e-03 -1.547181113667058525e-03
2.880000000000000000e+02 -1.513102882592682209e-03 -1.513102882592682209e-03
2.890000000000000000e+02 -1.412027257544666093e-03 -1.412027257544666093e-03
2.900000000000000000e+02 -1.375684359768099057e-03 -1.375684359768099057e-03
2.910000000000000000e+02 -1.385441189445973291e-03 -1.385441189445973291e-03
2.920000000000000000e+02 -1.451026727356560190e-03 -1.451026727356560190e-03
2.930000000000000000e+02 -1.395507071995243575e-03 -1.395507071995243575e-03
2.940000000000000000e+02 -1.384306751393974463e-03 -1.384306751393974463e-03
2.950000000000000000e+02 -1.363542302010392095e-03 -1.363542302010392095e-03
2.960000000000000000e+02 -1.381679993198880584e-03 -1.381679993198880584e-03
2.970000000000000000e+02 -1.354222055452371188e-03 -1.354222055452371188e-03
2.980000000000000000e+02 -1.304120365647984956e-03 -1.304120365647984956e-03
2.990000000000000000e+02 -1.300415513686011991e-03 -1.300415513686011991e-03
3.000000000000000000e+02 -1.342915500008418214e-03 -1.342915500008418214e-03
3.010000000000000000e+02 -1.328137939482013519e-03 -1.328137939482013519e-03
3.020000000000000000e+02 -1.408879482883662777e-03 -1.408879482883662777e-03
3.030000000000000000e+02 -1.311323710993665941e-03 -1.311323710993665941e-03
3.040000000000000000e+02 -1.263223883015079626e-03 -1.263223883015079626e-03
3.050000000000000000e+02 -1.276130540521220333e-03 -1.276130540521220333e-03
3.060000000000000000e+02 -1.180558013243912432e-03 -1.180558013243912432e-03
3.070000000000000000e+02 -1.216613889097310601e-03 -1.216613889097310601e-03
3.080000000000000000e+02 -1.249822957239725245e-03 -1.249822957239725245e-03
3.090000000000000000e+02 -1.204435139006880453e-03 -1.204435139006880453e-03
3.100000000000000000e+02 -1.266162217389854962e-03 -1.266162217389854962e-03
3.110000000000000000e+02 -1.247252528601399107e-03 -1.247252528601399107e-03
3.120000000000000000e+02 -1.183395925601465762e-03 -1.183395925601465762e-03
3.130000000000000000e+02 -1.230886770862582580e-03 -1.230886770862582580e-03
3.140000000000000000e+02 -1.149700979637436954e-03 -1.149700979637436954e-03
3.150000000000000000e+02 -1.209398131488559390e-03 -1.209398131488559390e-03
3.160000000000000000e+02 -1.134570564567096958e-03 -1.134570564567096958e-03
3.170000000000000000e+02 -1.178637482772242713e-03 -1.178637482772242713e-03
3.180000000000000000e+02 -1.150273322093991720e-03 -1.150273322093991720e-03
3.190000000000000000e+02 -1.082228184905166665e-03 -1.082228184905166665e-03
3.200000000000000000e+02 -1.122325560565646391e-03 -1.122325560565646391e-03
3.210000000000000000e+02 -1.073037099792030968e-03 -1.073037099792030968e-03
3.220000000000000000e+02 -1.042312549136240702e-03 -1.042312549136240702e-03
3.230000000000000000e+02 -9.658052716025029936e-04 -9.658052716025029936e-04
3.240000000000000000e+02 -8.979579281220432044e-04 -8.979579281220432044e-04
3.250000000000000000e+02 -8.903004533725573889e-04 -8.903004533725573889e-04
3.260000000000000000e+02 -9.145437942628276834e-04 -9.145437942628276834e-04
3.270000000000000000e+02 -9.128015638772384987e-04 -9.128015638772384987e-04
3.280000000000000000e+02 -8.660573281310572028e-04 -8.660573281310572028e-04
3.290000000000000000e+02 -7.403469938849130795e-04 -7.403469938849130795e-04
3.300000000000000000e+02 -7.583929802633069270e-04 -7.583929802633069270e-04
3.310000000000000000e+02 -7.449027453495318547e-04 -7.449027453495318547e-04
3.320000000000000000e+02 -8.126857651646095726e-04 -8.126857651646095726e-04
3.330000000000000000e+02 -7.477715309706173480e-04 -7.477715309706173480e-04
3.340000000000000000e+02 -6.956944783498144680e-04 -6.956944783498144680e-04
3.350000000000000000e+02 -6.492744854476283078e-04 -6.492744854476283078e-04
3.360000000000000000e+02 -6.739929217029423702e-04 -6.739929217029423702e-04
3.370000000000000000e+02 -5.639216593568745434e-04 -5.639216593568745434e-04
3.380000000000000000e+02 -5.790955952407049901e-04 -5.790955952407049901e-04
3.390000000000000000e+02 -5.534243664439205150e-04 -5.534243664439205150e-04
3.400000000000000000e+02 -5.792402864633398830e-04 -5.792402864633398830e-04
3.410000000000000000e+02 -5.884061056308107157e-04 -5.884061056308107157e-04
3.420000000000000000e+02 -5.692552474724942762e-04 -5.692552474724942762e-04
3.430000000000000000e+02 -5.175887348408938961e-04 -5.175887348408938961e-04
3.440000000000000000e+02 -4.968264367819369160e-04 -4.968264367819369160e-04
3.450000000000000000e+02 -4.899974125510484901e-04 -4.899974125510484901e-04
3.460000000000000000e+02 -5.081884627822400675e-04 -5.081884627822400675e-04
3.470000000000000000e+02 -5.165032754643604940e-04 -5.165032754643604940e-04
3.480000000000000000e+02 -4.637977344190893502e-04 -4.637977344190893502e-04
3.490000000000000000e+02 -4.620698447709387048e-04 -4.620698447709387048e-04
3.500000000000000000e+02 -3.323869885731931396e-04 -3.323869885731931396e-04
3.510000000000000000e+02 -3.839068171150896683e-04 -3.839068171150896683e-04
3.520000000000000000e+02 -3.834463851391401042e-04 -3.834463851391401042e-04
3.530000000000000000e+02 -3.280437374360663976e-04 -3.280437374360663976e-04
3.540000000000000000e+02 -2.908092012512488475e-04 -2.908092012512488475e-04
3.550000000000000000e+02 -3.331160254397219438e-04 -3.331160254397219438e-04
3.560000000000000000e+02 -3.196919751589061384e-04 -3.196919751589061384e-04
3.570000000000000000e+02 -2.431938264691052576e-04 -2.431938264691052576e-04
3.580000000000000000e+02 -2.005195235209568058e-04 -2.005195235209568058e-04
3.590000000000000000e+02 -1.955790381200291929e-04 -1.955790381200291929e-04
3.600000000000000000e+02 -2.014616655667732454e-04 -2.014616655667732454e-04
3.610000000000000000e+02 -1.770533541962029261e-04 -1.770533541962029261e-04
3.620000000000000000e+02 -1.629149762645629846e-04 -1.629149762645629846e-04
3.630000000000000000e+02 -1.175499002540535370e-04 -1.175499002540535370e-04
3.640000000000000000e+02 -1.879939204467828803e-04 -1.879939204467828803e-04
3.650000000000000000e+02 -1.297199549924085130e-04 -1.297199549924085130e-04
3.660000000000000000e+02 -1.142164649522846596e-04 -1.142164649522846596e-04
3.670000000000000000e+02 -4.279600615768319738e-05 -4.279600615768319738e-05
3.680000000000000000e+02 -2.944354267601168105e-05 -2.944354267601168105e-05
3.690000000000000000e+02 1.242360111667462126e-05 1.242360111667462126e-05
3.700000000000000000e+02 1.807454594747725927e-05 1.807454594747725927e-05
3.710000000000000000e+02 8.141466948157205779e-06 8.141466948157205779e-06
3.720000000000000000e+02 3.094791769033156277e-05 3.094791769033156277e-05
3.730000000000000000e+02 4.285197869817125257e-05 4.285197869817125257e-05
3.740000000000000000e+02 1.459085027556707940e-04 1.459085027556707940e-04
3.750000000000000000e+02 4.509509608839989931e-05 4.509509608839989931e-05
3.760000000000000000e+02 1.038301203944963475e-04 1.038301203944963475e-04
3.770000000000000000e+02 1.560618387449085238e-04 1.560618387449085238e-04
3.780000000000000000e+02 1.714602365651241131e-04 1.714602365651241131e-04
3.790000000000000000e+02 1.225867915368929911e-04 1.225867915368929911e-04
3.800000000000000000e+02 8.462124277774386025e-05 8.462124277774386025e-05
3.810000000000000000e+02 1.190437664066786857e-04 1.190437664066786857e-04
3.820000000000000000e+02 2.204152140089058484e-04 2.204152140089058484e-04
3.830000000000000000e+02 1.236748611026085114e-04 1.236748611026085114e-04
3.840000000000000000e+02 9.146164536198276402e-05 9.146164536198276402e-05
3.850000000000000000e+02 1.183988784640992474e-04 1.183988784640992474e-04
3.860000000000000000e+02 2.081270790890800198e-04 2.081270790890800198e-04
3.870000000000000000e+02 1.538693731643264793e-04 1.538693731643264793e-04
3.880000000000000000e+02 1.701663144954224040e-04 1.701663144954224040e-04
3.890000000000000000e+02 1.867392672696902684e-04 1.867392672696902684e-04
3.900000000000000000e+02 2.359514126708951547e-04 2.359514126708951547e-04
3.910000000000000000e+02 2.111016756348755717e-04 2.111016756348755717e-04
3.920000000000000000e+02 2.635141605600434082e-04 2.635141605600434082e-04
3.930000000000000000e+02 2.274679417832750053e-04 2.274679417832750053e-04
3.940000000000000000e+02 2.459738591439945246e-04 2.459738591439945246e-04
3.950000000000000000e+02 2.985192320843633573e-04 2.985192320843633573e-04
3.960000000000000000e+02 3.135614641026910265e-04 3.135614641026910265e-04
3.970000000000000000e+02 3.447242743205672670e-04 3.447242743205672670e-04
3.980000000000000000e+02 3.308192222251133026e-04 3.308192222251133026e-04
3.990000000000000000e+02 3.454097950615437002e-04 3.454097950615437002e-04
4.000000000000000000e+02 3.428094373075907101e-04 3.428094373075907101e-04
4.010000000000000000e+02 4.540859580715812306e-04 4.540859580715812306e-04
4.020000000000000000e+02 3.728972718281169454e-04 3.728972718281169454e-04
4.030000000000000000e+02 3.581154001914410709e-04 3.581154001914410709e-04
4.040000000000000000e+02 4.197159298913518831e-04 4.197159298913518831e-04
4.050000000000000000e+02 4.256598001207384345e-04 4.256598001207384345e-04
4.060000000000000000e+02 3.647846154041064679e-04 3.647846154041064679e-04
4.070000000000000000e+02 4.323454934823537169e-04 4.323454934823537169e-04
4.080000000000000000e+02 4.023575137248193000e-04 4.023575137248193000e-04
4.090000000000000000e+02 3.943187830843705157e-04 3.943187830843705157e-04
4.100000000000000000e+02 3.343560945311310328e-04 3.343560945311310328e-04
4.110000000000000000e+02 4.418491740640886271e-04 4.418491740640886271e-04
4.120000000000000000e+02 3.915935343571697079e-04 3.915935343571697079e-04
4.130000000000000000e+02 4.490999474720394147e-04 4.490999474720394147e-04
4.140000000000000000e+02 4.076102769794879383e-04 4.076102769794879383e-04
4.150000000000000000e+02 3.724159506477559001e-04 3.724159506477559001e-04
4.160000000000000000e+02 3.483701649786442715e-04 3.483701649786442715e-04
4.170000000000000000e+02 3.764554699774778196e-04 3.764554699774778196e-04
4.180000000000000000e+02 3.670339533373828938e-04 3.670339533373828938e-04
4.190000000000000000e+02 3.402005004778353649e-04 3.402005004778353649e-04
4.200000000000000000e+02 4.005551901310047203e-04 4.005551901310047203e-04
4.210000000000000000e+02 3.621507285731077083e-04 3.621507285731077083e-04
4.220000000000000000e+02 4.082114329802608694e-04 4.082114329802608694e-04
4.230000000000000000e+02 3.689307684481660547e-04 3.689307684481660547e-04
4.240000000000000000e+02 3.195584308825846092e-04 3.195584308825846092e-04
4.250000000000000000e+02 3.920403271082322318e-04 3.920403271082322318e-04
4.260000000000000000e+02 3.280881823431162263e-04 3.280881823431162263e-04
4.270000000000000000e+02 2.848234010664858697e-04 2.848234010664858697e-04
4.280000000000000000e+02 3.471365439594412431e-04 3.471365439594412431e-04
4.290000000000000000e+02 2.438892734779228794e-04 2.438892734779228794e-04
4.300000000000000000e+02 2.494162640318585769e-04 2.494162640318585769e-04
4.310000000000000000e+02 2.180986787653991230e-04 2.180986787653991230e-04
4.320000000000000000e+02 2.888197537377326022e-04 2.888197537377326022e-04
4.330000000000000000e+02 2.592724801538607432e-04 2.592724801538607432e-04
4.340000000000000000e+02 2.227409572098367830e-04 2.227409572098367830e-04
4.350000000000000000e+02 2.247170121425077127e-04 2.247170121425077127e-04
4.360000000000000000e+02 1.956928878841059961e-04 1.956928878841059961e-04
4.370000000000000000e+02 2.247448763234037908e-04 2.247448763234037908e-04
4.380000000000000000e+02 1.984858724817678576e-04 1.984858724817678576e-04
4.390000000000000000e+02 1.354632619724560714e-04 1.354632619724560714e-04
4.400000000000000000e+02 1.300412799255498187e-04 1.300412799255498187e-04
4.410000000000000000e+02 4.177618523137249822e-05 4.177618523137249822e-05
4.420000000000000000e+02 1.361157178016809619e-04 1.361157178016809619e-04
4.430000000000000000e+02 1.136735189267517015e-04 1.136735189267517015e-04
4.440000000000000000e+02 6.978724263332170637e-05 6.978724263332170637e-05
4.450000000000000000e+02 3.976436406364336192e-05 3.976436406364336192e-05
4.460000000000000000e+02 6.201619643099809203e-05 6.201619643099809203e-05
4.470000000000000000e+02 -7.839581533616746825e-06 -7.839581533616746825e-06
4.480000000000000000e+02 -1.506370300868531422e-05 -1.506370300868531422e-05
4.490000000000000000e+02 4.633887019612015435e-05 4.633887019612015435e-05
4.500000000000000000e+02 -5.524676939154227027e-05 -5.524676939154227027e-05
4.510000000000000000e+02 -9.272447809821281919e-06 -9.272447809821281919e-06
4.520000000000000000e+02 -7.146914561572037170e-05 -7.146914561572037170e-05
4.530000000000000000e+02 -9.939194605385337771e-05 -9.939194605385337771e-05
4.540000000000000000e+02 -1.315048926309523420e-04 -1.315048926309523420e-04
4.550000000000000000e+02 -1.494040438945146588e-04 -1.494040438945146588e-04
4.560000000000000000e+02 -1.932218779896899155e-04 -1.932218779896899155e-04
4.570000000000000000e+02 -2.115677344306481490e-04 -2.115677344306481490e-04
4.580000000000000000e+02 -2.553948262615179064e-04 -2.553948262615179064e-04
4.590000000000000000e+02 -2.512718339591484430e-04 -2.512718339591484430e-04
4.600000000000000000e+02 -3.083828801655606093e-04 -3.083828801655606093e-04
4.610000000000000000e+02 -2.830776573032841355e-04 -2.830776573032841355e-04
4.620000000000000000e+02 -3.448879284154353440e-04 -3.448879284154353440e-04
4.630000000000000000e+02 -4.405059455543658149e-04 -4.405059455543658149e-04
4.640000000000000000e+02 -4.338209479559505160e-04 -4.338209479559505160e-04
4.650000000000000000e+02 -4.872797649927238656e-04 -4.872797649927238656e-04
4.660000000000000000e+02 -4.710694449359192838e-04 -4.710694449359192838e-04
4.670000000000000000e+02 -5.153764698830091365e-04 -5.153764698830091365e-04
4.680000000000000000e+02 -5.795912585214892240e-04 -5.795912585214892240e-04
4.690000000000000000e+02 -6.618357501694356257e-04 -6.618357501694356257e-04
4.700000000000000000e+02 -6.859100665351981112e-04 -6.859100665351981112e-04
4.710000000000000000e+02 -7.069814139360250773e-04 -7.069814139360250773e-04
4.720000000000000000e+02 -7.524500188707773304e-04 -7.524500188707773304e-04
4.730000000000000000e+02 -8.079251033622471745e-04 -8.079251033622471745e-04
4.740000000000000000e+02 -8.438229584377831714e-04 -8.438229584377831714e-04
4.750000000000000000e+02 -9.365988605150966451e-04 -9.365988605150966451e-04
4.760000000000000000e+02 -9.210819744174209098e-04 -9.210819744174209098e-04
4.770000000000000000e+02 -9.851382067248297316e-04 -9.851382067248297316e-04
4.780000000000000000e+02 -9.688749525572478089e-04 -9.688749525572478089e-04
4.790000000000000000e+02 -1.089170782548471968e-03 -1.089170782548471968e-03
4.800000000000000000e+02 -1.193853817330805828e-03 -1.193853817330805828e-03
4.810000000000000000e+02 -1.110633311380607039e-03 -1.110633311380607039e-03
4.820000000000000000e+02 -1.231829874686367647e-03 -1.231829874686367647e-03
4.830000000000000000e+02 -1.267906538571060213e-03 -1.267906538571060213e-03
4.840000000000000000e+02 -1.275079241398116917e-03 -1.275079241398116917e-03
4.850000000000000000e+02 -1.274537269042547855e-03 -1.274537269042547855e-03
4.860000000000000000e+02 -1.283669661860499869e-03 -1.283669661860499869e-03
4.870000000000000000e+02 -1.385710465593825279e-03 -1.385710465593825279e-03
4.880000000000000000e+02 -1.332474627478699150e-03 -1.332474627478699150e-03
4.890000000000000000e+02 -1.387479260753107964e-03 -1.387479260753107964e-03
4.900000000000000000e+02 -1.359719300566342333e-03 -1.359719300566342333e-03
4.910000000000000000e+02 -1.388186060615989245e-03 -1.388186060615989245e-03
4.920000000000000000e+02 -1.409070103627986948e-03 -1.409070103627986948e-03
4.930000000000000000e+02 -1.428245117300368065e-03 -1.428245117300368065e-03
4.940000000000000000e+02 -1.421128975511999973e-03 -1.421128975511999973e-03
4.950000000000000000e+02 -1.455251239884956804e-03 -1.455251239884956804e-03
4.960000000000000000e+02 -1.581220684322661623e-03 -1.581220684322661623e-03
4.970000000000000000e+02 -1.532492631351178251e-03 -1.532492631351178251e-03
4.980000000000000000e+02 -1.481349314894314043e-03 -1.481349314894314043e-03
4.990000000000000000e+02 -1.503809053674744168e-03 -1.503809053674744168e-03
5.000000000000000000e+02 -1.508078370546193708e-03 -1.508078370546193708e-03
