# delays[ps] pumped_signal, blocked_signal, pumped_reference, blocked_reference
-2.000000000000000000e+01 4.750894085175861647e+00 4.754571329048824069e+00 6.039233082624067883e+00 6.044062021140653052e+00
-1.800000000000000000e+01 4.746192888548642408e+00 4.750874626954328050e+00 6.031615189616893247e+00 6.037269332648289577e+00
-1.600000000000000000e+01 4.746396365419213836e+00 4.748035153999497382e+00 6.032125605732333362e+00 6.034791720377703506e+00
-1.400000000000000000e+01 4.757066953179880819e+00 4.759336829099204635e+00 6.046251281756926055e+00 6.049340439248850565e+00
-1.200000000000000000e+01 4.755337752812692109e+00 4.757273230136400244e+00 6.044310184124431551e+00 6.046781631747223607e+00
-1.000000000000000000e+01 4.755842404566235970e+00 4.753760945055048204e+00 6.043460402284162925e+00 6.041311507001217329e+00
-8.000000000000000000e+00 4.748849066958675813e+00 4.747012803710052964e+00 6.035501058893125048e+00 6.033522166229369432e+00
-6.000000000000000000e+00 4.754471233645618078e+00 4.755898697928030217e+00 6.044293849887901082e+00 6.046449228615536242e+00
-4.000000000000000000e+00 4.758938444045923255e+00 4.759137916511105182e+00 6.049196861936469993e+00 6.050002043943639052e+00
-2.000000000000000000e+00 4.754648124510294949e+00 4.756401505867103197e+00 6.040946270610935365e+00 6.043657792958414099e+00
-1.000000000000000000e+00 4.760924208384571088e+00 4.756302529339834884e+00 6.049480336535508762e+00 6.043887695693785922e+00
-9.000000000000000222e-01 4.743367431393355815e+00 4.747036666943264649e+00 6.028086238680960385e+00 6.033508393109968004e+00
-8.000000000000000444e-01 4.755364498555418429e+00 4.754442645429890035e+00 6.042766281151297214e+00 6.041912811534682959e+00
-6.999999999999999556e-01 4.752471377374862804e+00 4.757123804894614061e+00 6.037622561792097997e+00 6.043849577387225835e+00
-5.999999999999999778e-01 4.749879664688500647e+00 4.750925478146393210e+00 6.035203406516630231e+00 6.036846124623030718e+00
-5.000000000000000000e-01 4.766206288748284337e+00 4.760755804923755719e+00 6.055297678455824339e+00 6.048823296768875757e+00
-4.000000000000000222e-01 4.760392893060907404e+00 4.755635001863852906e+00 6.049925088752062585e+00 6.044747491701347286e+00
-2.999999999999999889e-01 4.768604374032879178e+00 4.765108746383306837e+00 6.058610183675644301e+00 6.056282800407430500e+00
-2.000000000000000111e-01 4.763602804918614986e+00 4.766186909507936775e+00 6.051071004608502335e+00 6.057830302470491368e+00
-1.000000000000000056e-01 4.770161804228149727e+00 4.771252541155959648e+00 6.058984228625397428e+00 6.064049237633863498e+00
0.000000000000000000e+00 4.768276136139726340e+00 4.764723492004164562e+00 6.056241078666713129e+00 6.054624304430210380e+00
1.000000000000000056e-01 4.768205106985245578e+00 4.769426931608053977e+00 6.054974004797331943e+00 6.058604818949037352e+00
2.000000000000000111e-01 4.762519355573288315e+00 4.761143142855750021e+00 6.048471756782473285e+00 6.047595866898936023e+00
2.999999999999999889e-01 4.760608142179124869e+00 4.762595908148610668e+00 6.049289671315177586e+00 6.051976844813029999e+00
4.000000000000000222e-01 4.771576294763983483e+00 4.768144486851470631e+00 6.061640572808825844e+00 6.057307633130152524e+00
5.000000000000000000e-01 4.765069027669569302e+00 4.770918536569021207e+00 6.054477202805538028e+00 6.061363021457070843e+00
5.999999999999999778e-01 4.762682315107480413e+00 4.762625697176627426e+00 6.051881958900398040e+00 6.051519920416185805e+00
6.999999999999999556e-01 4.769492675440624829e+00 4.768362299668017279e+00 6.062223140805790500e+00 6.059933071868568000e+00
8.000000000000000444e-01 4.770443356098941656e+00 4.769375040362865192e+00 6.062347740199211188e+00 6.060334900809309921e+00
9.000000000000000222e-01 4.774114516086954474e+00 4.779588141982324956e+00 6.066615255992845235e+00 6.072675394016305184e+00
1.000000000000000000e+00 4.767419304819386916e+00 4.769627445471225080e+00 6.057926637549339688e+00 6.059754736956383780e+00
1.100000000000000089e+00 4.762749337013555184e+00 4.769388972827790063e+00 6.054938847991715889e+00 6.061868871754600541e+00
1.199999999999999956e+00 4.759727126741501557e+00 4.761552416630431495e+00 6.052988868829292990e+00 6.053725747006288849e+00
1.300000000000000044e+00 4.765753529705796687e+00 4.764710037955200761e+00 6.060526367044572815e+00 6.057421104447857196e+00
1.399999999999999911e+00 4.765540443092698197e+00 4.758642157288106134e+00 6.057778732796633925e+00 6.047450202784259154e+00
1.500000000000000000e+00 4.766687235368497255e+00 4.759474163161558913e+00 6.057034089247482989e+00 6.045972523402272536e+00
1.600000000000000089e+00 4.762355036639015715e+00 4.766409766127791769e+00 6.052890377863206162e+00 6.056527835816250871e+00
1.699999999999999956e+00 4.753458089655596908e+00 4.757878936685090210e+00 6.044290082180299173e+00 6.047885024409660026e+00
1.800000000000000044e+00 4.757212209594480434e+00 4.764035543947817253e+00 6.046604576724132762e+00 6.052898622442997478e+00
1.899999999999999911e+00 4.763730048281547447e+00 4.769347814941711228e+00 6.053056777465645411e+00 6.058273856943532820e+00
2.000000000000000000e+00 4.769756450904981904e+00 4.771042897876748512e+00 6.061201506000743144e+00 6.060798473595015778e+00
3.000000000000000000e+00 4.764573665306224726e+00 4.760363744055176483e+00 6.054075046796646653e+00 6.047491038364280591e+00
4.000000000000000000e+00 4.757582889646917224e+00 4.757359232752300215e+00 6.045353760795479481e+00 6.044181739933461195e+00
5.000000000000000000e+00 4.764402779982924052e+00 4.763016155536354823e+00 6.053682505439462069e+00 6.051234442265080560e+00
6.000000000000000000e+00 4.759482570300946236e+00 4.764105131447398556e+00 6.047485593938568549e+00 6.053329281679954654e+00
7.000000000000000000e+00 4.754399644401905434e+00 4.752632892699382161e+00 6.042240811950168045e+00 6.040045397265299876e+00
8.000000000000000000e+00 4.757322796656573871e+00 4.753347745519581835e+00 6.045384428871145133e+00 6.041095859348726727e+00
9.000000000000000000e+00 4.762624176326053060e+00 4.764805651038943601e+00 6.051135307222231141e+00 6.055051278532855186e+00
1.000000000000000000e+01 4.757098741879580928e+00 4.755544193138946163e+00 6.041456450992998661e+00 6.041291246418063032e+00
1.100000000000000000e+01 4.754234122606329827e+00 4.757845782915452126e+00 6.038138657074078708e+00 6.044334845949508761e+00
1.200000000000000000e+01 4.764832076422949036e+00 4.762702733627492968e+00 6.050965061306011528e+00 6.050698484545591782e+00
1.300000000000000000e+01 4.758036208367497188e+00 4.760902267416661005e+00 6.042421065156822202e+00 6.048762438421601217e+00
1.400000000000000000e+01 4.766301743586314643e+00 4.767545347710523629e+00 6.052362826735945056e+00 6.056814036084700703e+00
1.500000000000000000e+01 4.762476433465359094e+00 4.764507522755017099e+00 6.046895421793493597e+00 6.052895421987596336e+00
1.600000000000000000e+01 4.767962391539256828e+00 4.765689547721955854e+00 6.054517640221472874e+00 6.055040307721673898e+00
1.700000000000000000e+01 4.760129918908384106e+00 4.762618571623096209e+00 6.042919312170277557e+00 6.049861509182152375e+00
1.800000000000000000e+01 4.765187380708458598e+00 4.759961914380142822e+00 6.049338117545271842e+00 6.047241194777035034e+00
1.900000000000000000e+01 4.765199472080928977e+00 4.761157873968997478e+00 6.050676459344416891e+00 6.050204879626466692e+00
2.000000000000000000e+01 4.771495574968903419e+00 4.761442390342605080e+00 6.057330454430673861e+00 6.049459035151429909e+00
2.100000000000000000e+01 4.770181021908034502e+00 4.766659046654143417e+00 6.055815702789176136e+00 6.056439347516559657e+00
2.200000000000000000e+01 4.771957142721213962e+00 4.767387434376392008e+00 6.058060365568602279e+00 6.057297626278222324e+00
2.300000000000000000e+01 4.771995260200673883e+00 4.762696085918693534e+00 6.055836602317840267e+00 6.049687818327075028e+00
2.400000000000000000e+01 4.766525557729352158e+00 4.765277468120004301e+00 6.050029990538186908e+00 6.054424908513841075e+00
2.500000000000000000e+01 4.772794274275627302e+00 4.774721103460622729e+00 6.058742629656269862e+00 6.066458221874024836e+00
2.600000000000000000e+01 4.770408361540588338e+00 4.760640253132289779e+00 6.056196552047016901e+00 6.049665717040059398e+00
2.700000000000000000e+01 4.769880971344362841e+00 4.771175424760331296e+00 6.053871571186615341e+00 6.060891040364209559e+00
2.800000000000000000e+01 4.765763860202374858e+00 4.761975708664563101e+00 6.047606433624196143e+00 6.048682121799697775e+00
2.900000000000000000e+01 4.760025819170128791e+00 4.760403704988434903e+00 6.039856493558849238e+00 6.045804441370489890e+00
3.000000000000000000e+01 4.768526938282834138e+00 4.766681549315149979e+00 6.049727697232563095e+00 6.053310063565291443e+00
3.100000000000000000e+01 4.767699254171053447e+00 4.761724023201574063e+00 6.047353863295831466e+00 6.045853205353303395e+00
3.200000000000000000e+01 4.780357445631947755e+00 4.774545492639780342e+00 6.063389071042655232e+00 6.061698307924028306e+00
3.300000000000000000e+01 4.776611414615531181e+00 4.774582729319258867e+00 6.060160649742715400e+00 6.063132665158845747e+00
3.400000000000000000e+01 4.785088433303373634e+00 4.778701602210157162e+00 6.070248229996268563e+00 6.067431729513637073e+00
3.500000000000000000e+01 4.778714014923560072e+00 4.776137435118514851e+00 6.062692157736368159e+00 6.064780906740657507e+00
3.600000000000000000e+01 4.779448565906692536e+00 4.775041254445023142e+00 6.064693223096608854e+00 6.064241665833833395e+00
3.700000000000000000e+01 4.776915309599647941e+00 4.774342416128700251e+00 6.062552658616143120e+00 6.063474197208456040e+00
3.800000000000000000e+01 4.770360715352589764e+00 4.766778603445634310e+00 6.053312144521757254e+00 6.053139978288974987e+00
3.900000000000000000e+01 4.774234870642219519e+00 4.766637346793900498e+00 6.057568686812858871e+00 6.051769925385368509e+00
4.000000000000000000e+01 4.771988933926009757e+00 4.770440073350212806e+00 6.055306486214171890e+00 6.057158770742045562e+00
4.100000000000000000e+01 4.768336514128859172e+00 4.772282019626125305e+00 6.051658537568453511e+00 6.060193245606814827e+00
4.200000000000000000e+01 4.776998031261400435e+00 4.770084127162319554e+00 6.063937930088688866e+00 6.058893576972639750e+00
4.300000000000000000e+01 4.767062720074121351e+00 4.765268901691346315e+00 6.051229000793382440e+00 6.052393575395419667e+00
4.400000000000000000e+01 4.764287868519941682e+00 4.763000062606662866e+00 6.049149773955925902e+00 6.050143065628891925e+00
4.500000000000000000e+01 4.767308556678401921e+00 4.765579922433605731e+00 6.051877788699044913e+00 6.052503440792186495e+00
4.600000000000000000e+01 4.771648443316689914e+00 4.768774617993196685e+00 6.057807478992458528e+00 6.057163413452452794e+00
4.700000000000000000e+01 4.776564811033455094e+00 4.769024621013974397e+00 6.063991181283609144e+00 6.057387072563208186e+00
4.800000000000000000e+01 4.780384832608058687e+00 4.772990866235947927e+00 6.068039998841606497e+00 6.061905150693932320e+00
4.900000000000000000e+01 4.770708493858979438e+00 4.768804487933280711e+00 6.057722680279148619e+00 6.058535951421177401e+00
5.000000000000000000e+01 4.776864781223306267e+00 4.773930736807411535e+00 6.064555889747787809e+00 6.063985654404521419e+00
5.100000000000000000e+01 4.776353406182337835e+00 4.779030239785155842e+00 6.062924142908795666e+00 6.069295541571392505e+00
5.200000000000000000e+01 4.788265353587900286e+00 4.782514019127736660e+00 6.077059820872166895e+00 6.072998990401185182e+00
5.300000000000000000e+01 4.781979099022390045e+00 4.781765211380916369e+00 6.069660297548828076e+00 6.072359964581700353e+00
5.400000000000000000e+01 4.779923666067919186e+00 4.774880298033608916e+00 6.066064557166843230e+00 6.063102315946273357e+00
5.500000000000000000e+01 4.787516786807404223e+00 4.785810332011649848e+00 6.077048607623228627e+00 6.077671132691190081e+00
5.600000000000000000e+01 4.775030922802431022e+00 4.769364229770418184e+00 6.059945240765979513e+00 6.056279913787087743e+00
5.700000000000000000e+01 4.773597132052441516e+00 4.775647600641667267e+00 6.059032911117571807e+00 6.064920403154594020e+00
5.800000000000000000e+01 4.775114924471192346e+00 4.771539698930748585e+00 6.061444700722119272e+00 6.059776437563761498e+00
5.900000000000000000e+01 4.777623677388657342e+00 4.774692754888550716e+00 6.065206443866947517e+00 6.064787793962326923e+00
6.000000000000000000e+01 4.767812486917098802e+00 4.774651836348295930e+00 6.052831840917582085e+00 6.064554769431619974e+00
6.100000000000000000e+01 4.777570344213809328e+00 4.779452730412977246e+00 6.064388124547873460e+00 6.069957468179390858e+00
6.200000000000000000e+01 4.766760827526455913e+00 4.761138495734710929e+00 6.051918872381655490e+00 6.048040534529354417e+00
6.300000000000000000e+01 4.777708799417322183e+00 4.777111981391124473e+00 6.063746782159718407e+00 6.065896155266377043e+00
6.400000000000000000e+01 4.780424150458934207e+00 4.776766365878581944e+00 6.067777582671008751e+00 6.065974230270830603e+00
6.500000000000000000e+01 4.769790482936870468e+00 4.774048451877248134e+00 6.053306860093048414e+00 6.061582437311797911e+00
6.600000000000000000e+01 4.779958180068420326e+00 4.771875785494854583e+00 6.064690340461732276e+00 6.057727725141370811e+00
6.700000000000000000e+01 4.780745264562238361e+00 4.778955688636389532e+00 6.067203589668272556e+00 6.067785113662932162e+00
6.800000000000000000e+01 4.778117516982553603e+00 4.779804431369439222e+00 6.064310613756510371e+00 6.069079813729548967e+00
6.900000000000000000e+01 4.771669425580931545e+00 4.770974751043251416e+00 6.056396109290388630e+00 6.058622353910005032e+00
7.000000000000000000e+01 4.776013074810820491e+00 4.780602403655581867e+00 6.062034954647162799e+00 6.070119463087863210e+00
7.100000000000000000e+01 4.771876585405943061e+00 4.774231748102147677e+00 6.056476746001350442e+00 6.062411080971733313e+00
7.200000000000000000e+01 4.783588899069601830e+00 4.780000700798412439e+00 6.073469283932787732e+00 6.071202598168125242e+00
7.300000000000000000e+01 4.778069388760000535e+00 4.777579314862597570e+00 6.066480562575459423e+00 6.068231469311247572e+00
7.400000000000000000e+01 4.780973324627454168e+00 4.774284518230841101e+00 6.067469206529175985e+00 6.061829152527560716e+00
7.500000000000000000e+01 4.786855025788009144e+00 4.780817332464201819e+00 6.075173663649444222e+00 6.069407090540031469e+00
7.600000000000000000e+01 4.780872827485298515e+00 4.784254344516281954e+00 6.068391544449987407e+00 6.074609354340305245e+00
7.700000000000000000e+01 4.787806989086083931e+00 4.789782584274834498e+00 6.077389661579141844e+00 6.080826767028810309e+00
7.800000000000000000e+01 4.779745093923729371e+00 4.778377849862148530e+00 6.066568168594036692e+00 6.066089705793759279e+00
7.900000000000000000e+01 4.782508010575129198e+00 4.782220772847255219e+00 6.068309540167952321e+00 6.069693528614934941e+00
8.000000000000000000e+01 4.789520489612494103e+00 4.787410924640880694e+00 6.077974869547990266e+00 6.076460916239815546e+00
8.100000000000000000e+01 4.793295589628979947e+00 4.788803874884247413e+00 6.083525793274879412e+00 6.079165228351206984e+00
8.200000000000000000e+01 4.779760227802536399e+00 4.777993156237634764e+00 6.067475770738996133e+00 6.066799595579897897e+00
8.300000000000000000e+01 4.788413337632515976e+00 4.786586846890224400e+00 6.077557666236163669e+00 6.076527383525275994e+00
8.400000000000000000e+01 4.787624651269571707e+00 4.780869142148209683e+00 6.077658881345536557e+00 6.071145100679972373e+00
8.500000000000000000e+01 4.779125612828394765e+00 4.776502190309394713e+00 6.066437961018226410e+00 6.064237020185389682e+00
8.600000000000000000e+01 4.784346192453151403e+00 4.779327007328662447e+00 6.070140362064961437e+00 6.065757777685123031e+00
8.700000000000000000e+01 4.788985089754156377e+00 4.796423662768274809e+00 6.076807892302031888e+00 6.087761757786181782e+00
8.800000000000000000e+01 4.789359053455767956e+00 4.788793223826664835e+00 6.078158649163483140e+00 6.079232812641146566e+00
8.900000000000000000e+01 4.781187691867065048e+00 4.774111951606824888e+00 6.068892189658448011e+00 6.061769495309469846e+00
9.000000000000000000e+01 4.783954697117713373e+00 4.784473356555581702e+00 6.071533486317934880e+00 6.073704472793253650e+00
9.100000000000000000e+01 4.779549303120266046e+00 4.780492217069322258e+00 6.065151428055579608e+00 6.067342440304546614e+00
9.200000000000000000e+01 4.787620408112798209e+00 4.793117737779244436e+00 6.075965154668836909e+00 6.083866766592053388e+00
9.300000000000000000e+01 4.780872265551326272e+00 4.784700055367515859e+00 6.069074606202944366e+00 6.074624005811315897e+00
9.400000000000000000e+01 4.789527055533086219e+00 4.788634272438405226e+00 6.079770696925537621e+00 6.078893447814306406e+00
9.500000000000000000e+01 4.781149973054340307e+00 4.791621406027074315e+00 6.069491648967147768e+00 6.082866991027646719e+00
9.600000000000000000e+01 4.791267623308798740e+00 4.784925636294246942e+00 6.081545785545671379e+00 6.073580915136560954e+00
9.700000000000000000e+01 4.780456822662382699e+00 4.785435570751501722e+00 6.067704472708519425e+00 6.072989219646683701e+00
9.800000000000000000e+01 4.781430087909260607e+00 4.785873674161728708e+00 6.069053308900199895e+00 6.074154431055383441e+00
9.900000000000000000e+01 4.783778603352490499e+00 4.782978387794729613e+00 6.073563136046648658e+00 6.071713415850204854e+00
1.000000000000000000e+02 4.787416930116296321e+00 4.781549802285906203e+00 6.076546118750838943e+00 6.067843808352483492e+00
1.010000000000000000e+02 4.785724651295033993e+00 4.789616422983108635e+00 6.075137070647538273e+00 6.078848520773906472e+00
1.020000000000000000e+02 4.777302246137949737e+00 4.778462009366079677e+00 6.065313268252491952e+00 6.065209725240100269e+00
1.030000000000000000e+02 4.784365732012052952e+00 4.785284624794851283e+00 6.074361191682220884e+00 6.073918845172490144e+00
1.040000000000000000e+02 4.780784340995251291e+00 4.780384834074096645e+00 6.068898196128668765e+00 6.066763639336502756e+00
1.050000000000000000e+02 4.784503145116301148e+00 4.783081048772254817e+00 6.072889438921579952e+00 6.069297066940931629e+00
1.060000000000000000e+02 4.770841022481967286e+00 4.778954566819747285e+00 6.055587001807712255e+00 6.063844316501675991e+00
1.070000000000000000e+02 4.780866259579385158e+00 4.785391285426325858e+00 6.067818903918581697e+00 6.071536120286721072e+00
1.080000000000000000e+02 4.780518563074596550e+00 4.782902473899042661e+00 6.068143861296690034e+00 6.069217786031482653e+00
1.090000000000000000e+02 4.785171312952579470e+00 4.782357868415406443e+00 6.074778317393647598e+00 6.069035853991953999e+00
1.100000000000000000e+02 4.781195541186574971e+00 4.780913346769410488e+00 6.070263607914205828e+00 6.067794322960085474e+00
1.110000000000000000e+02 4.782994804896075536e+00 4.782134128709975229e+00 6.073433572466172770e+00 6.070380997561062308e+00
1.120000000000000000e+02 4.780668390996087425e+00 4.783266266531552624e+00 6.069483330502182916e+00 6.070633083640315952e+00
1.130000000000000000e+02 4.779835901104161344e+00 4.777433734445642344e+00 6.067827633339840432e+00 6.062723709625707613e+00
1.140000000000000000e+02 4.785917236375793138e+00 4.791586973223805224e+00 6.074634418146966475e+00 6.078966715925289144e+00
1.150000000000000000e+02 4.785143926745469400e+00 4.783445722524450439e+00 6.073949992127729125e+00 6.069163417278593542e+00
1.160000000000000000e+02 4.775543739106521635e+00 4.783857319161765709e+00 6.063298822920229370e+00 6.070503997219706349e+00
1.170000000000000000e+02 4.775465423959655453e+00 4.777502197805601369e+00 6.063089660849059648e+00 6.062500926597284234e+00
1.180000000000000000e+02 4.779466424108937517e+00 4.789283139738492068e+00 6.069155568116076260e+00 6.078125496729449573e+00
1.190000000000000000e+02 4.784301990565983154e+00 4.783500414272523038e+00 6.076460836048932279e+00 6.072024039233142823e+00
1.200000000000000000e+02 4.781967086038604542e+00 4.783271552095287760e+00 6.072501620414026746e+00 6.069871543458792651e+00
1.210000000000000000e+02 4.784359325973178478e+00 4.784135428726988160e+00 6.077383093428596617e+00 6.072923392161796663e+00
1.220000000000000000e+02 4.783483757494081168e+00 4.778590373750741804e+00 6.077001282618840428e+00 6.066235604053598074e+00
1.230000000000000000e+02 4.779285607020117510e+00 4.785276295281318149e+00 6.071972706608880443e+00 6.074365757290911105e+00
1.240000000000000000e+02 4.784311999821420969e+00 4.785508440835370081e+00 6.077988001620844294e+00 6.074092932872487083e+00
1.250000000000000000e+02 4.782095049526099650e+00 4.785508761011518786e+00 6.076520891410561731e+00 6.074629614997618887e+00
1.260000000000000000e+02 4.776520847395713254e+00 4.786740354652492258e+00 6.068047687596145323e+00 6.074642266878536034e+00
1.270000000000000000e+02 4.774251207334208047e+00 4.777741869911509731e+00 6.065564871156577276e+00 6.063700493905289868e+00
1.280000000000000000e+02 4.767549831299382035e+00 4.771135628561046005e+00 6.057669827321625178e+00 6.055297120483059459e+00
1.290000000000000000e+02 4.774586811348936699e+00 4.779216580870662590e+00 6.066680273891803310e+00 6.065426576522480850e+00
1.300000000000000000e+02 4.783330571105201656e+00 4.791820239611319643e+00 6.077667455166029242e+00 6.082031138954817173e+00
1.310000000000000000e+02 4.784129743946557767e+00 4.789579826517091021e+00 6.078029884045052178e+00 6.078177465832613535e+00
1.320000000000000000e+02 4.779431990747718295e+00 4.785372948772325330e+00 6.070894220518233908e+00 6.072020193941964017e+00
1.330000000000000000e+02 4.787148590802371650e+00 4.788675351022222415e+00 6.078909460929791564e+00 6.075688886512380371e+00
1.340000000000000000e+02 4.775663297408997643e+00 4.781751038205408477e+00 6.065125165624746018e+00 6.067350529991869301e+00
1.350000000000000000e+02 4.780646766085098420e+00 4.786326032997353153e+00 6.069497736601052296e+00 6.071559746191900864e+00
1.360000000000000000e+02 4.780556278924126268e+00 4.781304123871902512e+00 6.071091849670090745e+00 6.067596927716732758e+00
1.370000000000000000e+02 4.778882015613378442e+00 4.784371897707720755e+00 6.070239659396666099e+00 6.072388070620862166e+00
1.380000000000000000e+02 4.777606300054276112e+00 4.787258617351223933e+00 6.067165870231425728e+00 6.074848147768885376e+00
1.390000000000000000e+02 4.779562837355230798e+00 4.777847093370360732e+00 6.069239809729544355e+00 6.063180230509240154e+00
1.400000000000000000e+02 4.771804675242333538e+00 4.777207592837105388e+00 6.061206628358598358e+00 6.063277603933351578e+00
1.410000000000000000e+02 4.768643211069314880e+00 4.775481519929676288e+00 6.056263818767403606e+00 6.060929879885601501e+00
1.420000000000000000e+02 4.785801926296089803e+00 4.798324784064688764e+00 6.078416503234346457e+00 6.089885421664003040e+00
1.430000000000000000e+02 4.785784789614197621e+00 4.786222573718452722e+00 6.077984642761581568e+00 6.074568036606142307e+00
1.440000000000000000e+02 4.789862420797471820e+00 4.795603506651420211e+00 6.081442724675513389e+00 6.084260908286512226e+00
1.450000000000000000e+02 4.784951502860757877e+00 4.789836474984539016e+00 6.075355125506872511e+00 6.076906067845379233e+00
1.460000000000000000e+02 4.787249567864542144e+00 4.789133556801253633e+00 6.078129499859923790e+00 6.076409751194026931e+00
1.470000000000000000e+02 4.779504298868570977e+00 4.784917789382720166e+00 6.070504156880963009e+00 6.072975046960842782e+00
1.480000000000000000e+02 4.781349207752673358e+00 4.777766854199401614e+00 6.069831583211777293e+00 6.061505477627270544e+00
1.490000000000000000e+02 4.781488703223247150e+00 4.788794664702471948e+00 6.070073739278372571e+00 6.074963376222733302e+00
1.500000000000000000e+02 4.783615885760936770e+00 4.790465164287148525e+00 6.072741056458393238e+00 6.076893415044849256e+00
1.510000000000000000e+02 4.780902617076728589e+00 4.788620817424595444e+00 6.069410858022806110e+00 6.073973134755184411e+00
1.520000000000000000e+02 4.776451020605366971e+00 4.786911961260590154e+00 6.063587908404355353e+00 6.072142233704158620e+00
1.530000000000000000e+02 4.787329805834751539e+00 4.791746005924027330e+00 6.078576735638080208e+00 6.079561211449539648e+00
1.540000000000000000e+02 4.782685062502452844e+00 4.786485466421733115e+00 6.073463998263227026e+00 6.072890879608864978e+00
1.550000000000000000e+02 4.784194205399277422e+00 4.783190992975093536e+00 6.075076767797394695e+00 6.068607191002874046e+00
1.560000000000000000e+02 4.785181963419676165e+00 4.784649127244763989e+00 6.076507921615200480e+00 6.070825911889834892e+00
1.570000000000000000e+02 4.790285231207718653e+00 4.793846923594123233e+00 6.083836015589625390e+00 6.082943625790043995e+00
1.580000000000000000e+02 4.782446190969692701e+00 4.782417763093480545e+00 6.074932467471160891e+00 6.069255020791896271e+00
1.590000000000000000e+02 4.774232391924915220e+00 4.775587702656796552e+00 6.063450498920524012e+00 6.059042041788423205e+00
1.600000000000000000e+02 4.771402364620893621e+00 4.783171293574983274e+00 6.060103233348980822e+00 6.068748447719897854e+00
1.610000000000000000e+02 4.770068912782623904e+00 4.777845411201623094e+00 6.058429125708849838e+00 6.062164921319774358e+00
1.620000000000000000e+02 4.778078597961248342e+00 4.781669197833001483e+00 6.069619137964002320e+00 6.068369119365377706e+00
1.630000000000000000e+02 4.787955612540208961e+00 4.791115876537334728e+00 6.080746687914952098e+00 6.078867499325035340e+00
1.640000000000000000e+02 4.787296733717612440e+00 4.790510970359941112e+00 6.080532399118383502e+00 6.078424748875151273e+00
1.650000000000000000e+02 4.772969004602283682e+00 4.779038728465140551e+00 6.063449853103613840e+00 6.065043483687473369e+00
1.660000000000000000e+02 4.771993418754216343e+00 4.778814752258283782e+00 6.060267715777956532e+00 6.063309958418519940e+00
1.670000000000000000e+02 4.780749987213077645e+00 4.787248286424302002e+00 6.069422465662174027e+00 6.071867885008420451e+00
1.680000000000000000e+02 4.786776229864305954e+00 4.791677701495735242e+00 6.077747209689231767e+00 6.078060314187874624e+00
1.690000000000000000e+02 4.774964380128032815e+00 4.781903264859686864e+00 6.062742927583594899e+00 6.065159355638055416e+00
1.700000000000000000e+02 4.790073104927024872e+00 4.785306004335173391e+00 6.080827645945851678e+00 6.069210179723365961e+00
1.710000000000000000e+02 4.787526476012337717e+00 4.791446197547658770e+00 6.077515541816121747e+00 6.076084392225450159e+00
1.720000000000000000e+02 4.782109545732600608e+00 4.791421853382218821e+00 6.070652303656752125e+00 6.076885650647092518e+00
1.730000000000000000e+02 4.785250110043826943e+00 4.790463724241218912e+00 6.073978740956641253e+00 6.075457219648600748e+00
1.740000000000000000e+02 4.785007877916232388e+00 4.792844192119868119e+00 6.074860084145877082e+00 6.078966235672653262e+00
1.750000000000000000e+02 4.787915573523712887e+00 4.787935515471958503e+00 6.079754842015403504e+00 6.074394109177580603e+00
1.760000000000000000e+02 4.786433016719564115e+00 4.789652298611554393e+00 6.077130929038444762e+00 6.075246857052555960e+00
1.770000000000000000e+02 4.791856993848400137e+00 4.789925762222116745e+00 6.083556540987082428e+00 6.075578937309427552e+00
1.780000000000000000e+02 4.786681817418748430e+00 4.794140648356335355e+00 6.077033072612152864e+00 6.080242196024507884e+00
1.790000000000000000e+02 4.780452820516869039e+00 4.787597904778705171e+00 6.068704009144406442e+00 6.072717270452722360e+00
1.800000000000000000e+02 4.778859194707962388e+00 4.789178797274747268e+00 6.068073873957876785e+00 6.075897005167083975e+00
1.810000000000000000e+02 4.789221878884839967e+00 4.798800366106488191e+00 6.081455695639082393e+00 6.087692568997767673e+00
1.820000000000000000e+02 4.791747770123685690e+00 4.796054504636166449e+00 6.084670910064985172e+00 6.084196286822121991e+00
1.830000000000000000e+02 4.782056852696432436e+00 4.785698385094423912e+00 6.068556579767346193e+00 6.066816090218217994e+00
1.840000000000000000e+02 4.782385492845154573e+00 4.790598094087272329e+00 6.070414311236516092e+00 6.074955930923699121e+00
1.850000000000000000e+02 4.788205053983378257e+00 4.793165302281222395e+00 6.078334899510825728e+00 6.078302387022685771e+00
1.860000000000000000e+02 4.786922290201320429e+00 4.799658718376996980e+00 6.077147743297518723e+00 6.086611516873986716e+00
1.870000000000000000e+02 4.781756964544461752e+00 4.782144539858201426e+00 6.072220150805046401e+00 6.065966062594532637e+00
1.880000000000000000e+02 4.781737905398175670e+00 4.789179439203649302e+00 6.071188825921391974e+00 6.073663073615938934e+00
1.890000000000000000e+02 4.786347733368991442e+00 4.793260275068633725e+00 6.079126069468783200e+00 6.080933269243772976e+00
1.900000000000000000e+02 4.787140340965953200e+00 4.789477807826097333e+00 6.080859595312509747e+00 6.076874117454579505e+00
1.910000000000000000e+02 4.779443681096803509e+00 4.781053883745093991e+00 6.071124122324443206e+00 6.066289580006065663e+00
1.920000000000000000e+02 4.776812011247105971e+00 4.783520512494356502e+00 6.067359420881341059e+00 6.068943918605666177e+00
1.930000000000000000e+02 4.772757518908490759e+00 4.778007008109616649e+00 6.061943745871714917e+00 6.061695745053568452e+00
1.940000000000000000e+02 4.774472701128704699e+00 4.785748831110199220e+00 6.062586770655889801e+00 6.069743493656545752e+00
1.950000000000000000e+02 4.782290519046324739e+00 4.786679254208634937e+00 6.072268272363345432e+00 6.071042680453441420e+00
1.960000000000000000e+02 4.781359858640307436e+00 4.787738202228452700e+00 6.071897435047768354e+00 6.073117983343812476e+00
1.970000000000000000e+02 4.780284175854085937e+00 4.783977036608998645e+00 6.071401752499446580e+00 6.069115688930580177e+00
1.980000000000000000e+02 4.775410890236344130e+00 4.777641213141889054e+00 6.062640422215319624e+00 6.058391568362867297e+00
1.990000000000000000e+02 4.792524682530373781e+00 4.790283229338982096e+00 6.084057191201844184e+00 6.075155566168515264e+00
2.000000000000000000e+02 4.776206061966687066e+00 4.786323629838742377e+00 6.063202330757229142e+00 6.068839737050227612e+00
2.010000000000000000e+02 4.775433552710403262e+00 4.776407298312584260e+00 6.064515127710358833e+00 6.058869956678526236e+00
2.020000000000000000e+02 4.789287864388101390e+00 4.795166045809930111e+00 6.079874960046304899e+00 6.080499573797405688e+00
2.030000000000000000e+02 4.782753689781731765e+00 4.789232691718880552e+00 6.070026734043937111e+00 6.071731995795473402e+00
2.040000000000000000e+02 4.781205709549343652e+00 4.788953861622516683e+00 6.069318045021982577e+00 6.072603003861640758e+00
2.050000000000000000e+02 4.790359942431195783e+00 4.796241885804863436e+00 6.081770402496318617e+00 6.082688898620577156e+00
2.060000000000000000e+02 4.788798748680577866e+00 4.792295659698915244e+00 6.079337954224222074e+00 6.077248802481308054e+00
2.070000000000000000e+02 4.782113069317686538e+00 4.791362756755281005e+00 6.071772033748668917e+00 6.076309971741222782e+00
2.080000000000000000e+02 4.792732242461719139e+00 4.796751339047482965e+00 6.084452052959543167e+00 6.082850734738954657e+00
2.090000000000000000e+02 4.784473437172808374e+00 4.789923519801726925e+00 6.073087873857967445e+00 6.073232652917356589e+00
2.100000000000000000e+02 4.789571259130805281e+00 4.791996409076083374e+00 6.080504212326657942e+00 6.076499672410039743e+00
2.110000000000000000e+02 4.790756567711871305e+00 4.796816602520906692e+00 6.082348006024701270e+00 6.082418314107703949e+00
2.120000000000000000e+02 4.789086628669190659e+00 4.797603685784103789e+00 6.079557209331189149e+00 6.083051410762005951e+00
2.130000000000000000e+02 4.800929871807997351e+00 4.800740165891766331e+00 6.094918485178572709e+00 6.087313718401311746e+00
2.140000000000000000e+02 4.792620054197974433e+00 4.794009161850943279e+00 6.084485926980172543e+00 6.079110456568873389e+00
2.150000000000000000e+02 4.784948616458126303e+00 4.791250725865151772e+00 6.077853469545701159e+00 6.077312142512140802e+00
2.160000000000000000e+02 4.787266624769132228e+00 4.791276111246953739e+00 6.078153043598570449e+00 6.075446247960858415e+00
2.170000000000000000e+02 4.782986955508642168e+00 4.788213943316412369e+00 6.073299919177883588e+00 6.071692275607809108e+00
2.180000000000000000e+02 4.791153353011759819e+00 4.795460489168486440e+00 6.082772420711911820e+00 6.080190708785749187e+00
2.190000000000000000e+02 4.792430751857301274e+00 4.795053774676683922e+00 6.084947258503193623e+00 6.080230747223869692e+00
2.200000000000000000e+02 4.790510648221999901e+00 4.795884819898097895e+00 6.084163210853417603e+00 6.082748156833577724e+00
2.210000000000000000e+02 4.796940001499986117e+00 4.802392247448231899e+00 6.090652087830643602e+00 6.089139175194056897e+00
2.220000000000000000e+02 4.791448199543595798e+00 4.801176672166623582e+00 6.082780029403054733e+00 6.086692319894448033e+00
2.230000000000000000e+02 4.792920426431891201e+00 4.803295204264506957e+00 6.084326333656089325e+00 6.089064945932901374e+00
2.240000000000000000e+02 4.787997013668015001e+00 4.801950379723987083e+00 6.079451669258662427e+00 6.088235096577053085e+00
2.250000000000000000e+02 4.782903835223722311e+00 4.787232112330179312e+00 6.073137041003434433e+00 6.069996466540466429e+00
2.260000000000000000e+02 4.790032265877405493e+00 4.802305043616444280e+00 6.080649073156808804e+00 6.087837829952016833e+00
2.270000000000000000e+02 4.801076893160463044e+00 4.815549564325950271e+00 6.093817811252717931e+00 6.103425083162190568e+00
2.280000000000000000e+02 4.794291995969539144e+00 4.802318017057123356e+00 6.086885544568935380e+00 6.088863950395015934e+00
2.290000000000000000e+02 4.797533937556922368e+00 4.806301800629891652e+00 6.090594672308466073e+00 6.092672780897721019e+00
2.300000000000000000e+02 4.793553039113355396e+00 4.799789244710710001e+00 6.085164268057643433e+00 6.084667464180456342e+00
2.310000000000000000e+02 4.800054782386114383e+00 4.806857697148699593e+00 6.093283611539473732e+00 6.093297463810849912e+00
2.320000000000000000e+02 4.796243086022678348e+00 4.798460276138118985e+00 6.088274893885128769e+00 6.082482056600834852e+00
2.330000000000000000e+02 4.798751199399499789e+00 4.801554636708913470e+00 6.091378078368983928e+00 6.086643708737842218e+00
2.340000000000000000e+02 4.797343834219731207e+00 4.806806448576268487e+00 6.089886625069834025e+00 6.093078853402656314e+00
2.350000000000000000e+02 4.796344706429286120e+00 4.807190501623124668e+00 6.088930736280021350e+00 6.093714193203431329e+00
2.360000000000000000e+02 4.789557486970421607e+00 4.795730910589504070e+00 6.080867608639955790e+00 6.080517665453045950e+00
2.370000000000000000e+02 4.796050020010902415e+00 4.803823317019567440e+00 6.088106011844496734e+00 6.089307983889674425e+00
2.380000000000000000e+02 4.789682245463316335e+00 4.799063019668668773e+00 6.080417245070816712e+00 6.083941235132197534e+00
2.390000000000000000e+02 4.797964676594616229e+00 4.806951468705888963e+00 6.089357550742086289e+00 6.092062423058528964e+00
2.400000000000000000e+02 4.798965566943540040e+00 4.804691276376193088e+00 6.092206964602802088e+00 6.090700935605380728e+00
2.410000000000000000e+02 4.797612014767479671e+00 4.803634973763712068e+00 6.089654159617809981e+00 6.088703794441067352e+00
2.420000000000000000e+02 4.799683061773589721e+00 4.803369915991090089e+00 6.091616788673015925e+00 6.087557557124980256e+00
2.430000000000000000e+02 4.792855644046451147e+00 4.802070656706441731e+00 6.082413432732556302e+00 6.085887772547384778e+00
2.440000000000000000e+02 4.809215984887564410e+00 4.813419820333094457e+00 6.103933900612457109e+00 6.101442995463210117e+00
2.450000000000000000e+02 4.808034517873085001e+00 4.814979331809267293e+00 6.102836669380026891e+00 6.103001471693255020e+00
2.460000000000000000e+02 4.794914840540175582e+00 4.803476500945649263e+00 6.087608249634599566e+00 6.089975033545816707e+00
2.470000000000000000e+02 4.798845769273340167e+00 4.805370817367471403e+00 6.092574599525463874e+00 6.092591500366692614e+00
2.480000000000000000e+02 4.795406515212787824e+00 4.801377264683089230e+00 6.085299598381165076e+00 6.084579219319471655e+00
2.490000000000000000e+02 4.798019369221973918e+00 4.809945010629193440e+00 6.088271052751573542e+00 6.095370602855592068e+00
2.500000000000000000e+02 4.797901975011439113e+00 4.808576324590503326e+00 6.087840953203222938e+00 6.093514557923248809e+00
2.510000000000000000e+02 4.797945217042113519e+00 4.797550995190107415e+00 6.087651488861323124e+00 6.079368627221149346e+00
2.520000000000000000e+02 4.800998896657583614e+00 4.805786339437498000e+00 6.091700868867025775e+00 6.089860359960552749e+00
2.530000000000000000e+02 4.801559600684217166e+00 4.806411344270916430e+00 6.092150427247982947e+00 6.090959027187387242e+00
2.540000000000000000e+02 4.805660216932936102e+00 4.811517895004461920e+00 6.096923875470982246e+00 6.096638555984428720e+00
2.550000000000000000e+02 4.795175731920791939e+00 4.804282161217189540e+00 6.084368132708476651e+00 6.088500236449679193e+00
2.560000000000000000e+02 4.796461299278100832e+00 4.802689898539703961e+00 6.084593234018793595e+00 6.085623758545158246e+00
2.570000000000000000e+02 4.793661383931972608e+00 4.799902554052732029e+00 6.080210245657508672e+00 6.080833251097607750e+00
2.580000000000000000e+02 4.793616059627224146e+00 4.806413427067127486e+00 6.080294086539042020e+00 6.088918883059199594e+00
2.590000000000000000e+02 4.796721549870222034e+00 4.803227379054992419e+00 6.085613022911936731e+00 6.086394908022150219e+00
2.600000000000000000e+02 4.798899101821796798e+00 4.809407928754824368e+00 6.087959949327247600e+00 6.093901810743117764e+00
2.610000000000000000e+02 4.792257302568596167e+00 4.802843565580873886e+00 6.079386323100901990e+00 6.085029015680940567e+00
2.620000000000000000e+02 4.797905339351700604e+00 4.807229818015084533e+00 6.086569878037126458e+00 6.090515556301390632e+00
2.630000000000000000e+02 4.800614365815961015e+00 4.809194522439272923e+00 6.089385899371056787e+00 6.093006059772648086e+00
2.640000000000000000e+02 4.795542247788416645e+00 4.807094486577756065e+00 6.082575188520769949e+00 6.089429698838599414e+00
2.650000000000000000e+02 4.795330843233963414e+00 4.801631589817761281e+00 6.082750559994210882e+00 6.083422650513581331e+00
2.660000000000000000e+02 4.803554255781688376e+00 4.811623117748596634e+00 6.093669748902511785e+00 6.096220229973939198e+00
2.670000000000000000e+02 4.799562784821103101e+00 4.805073647420297078e+00 6.089724706099310048e+00 6.089053172381138523e+00
2.680000000000000000e+02 4.797400207391840254e+00 4.801822416933164028e+00 6.087927034753467304e+00 6.086321636582819217e+00
2.690000000000000000e+02 4.802106371083404213e+00 4.806671595754339776e+00 6.093646844843115140e+00 6.092214087560154034e+00
2.700000000000000000e+02 4.815364824224554141e+00 4.815879326923402814e+00 6.109396414206574200e+00 6.103092205159425632e+00
2.710000000000000000e+02 4.805839510189906960e+00 4.809833461746658934e+00 6.098098938400528191e+00 6.096282929432621955e+00
2.720000000000000000e+02 4.796551545951337481e+00 4.807924170473273584e+00 6.084673950955774124e+00 6.092315307019397608e+00
2.730000000000000000e+02 4.796774242561539836e+00 4.805468590900858317e+00 6.085106453349123257e+00 6.089233188990719192e+00
2.740000000000000000e+02 4.797711149617413184e+00 4.798242384175869901e+00 6.085209350924582594e+00 6.079316173624805586e+00
2.750000000000000000e+02 4.801310720813722455e+00 4.801615655093653068e+00 6.089733117274288787e+00 6.083672014621046564e+00
2.760000000000000000e+02 4.797823579199841149e+00 4.804767914588603084e+00 6.085082989042315482e+00 6.087641565381288977e+00
2.770000000000000000e+02 4.794308490787084764e+00 4.800967748457849460e+00 6.083293405790064057e+00 6.085705356939162591e+00
2.780000000000000000e+02 4.803808901856991831e+00 4.810847164805652554e+00 6.092811712083245013e+00 6.095447956973692349e+00
2.790000000000000000e+02 4.804179341526434222e+00 4.809085138061515607e+00 6.092440471922101253e+00 6.092373607552719506e+00
2.800000000000000000e+02 4.794892497218119054e+00 4.795670613015729167e+00 6.080561627260705038e+00 6.076174159422520482e+00
2.810000000000000000e+02 4.806355290018273330e+00 4.815499435605873124e+00 6.093158768945271753e+00 6.099020955933037946e+00
2.820000000000000000e+02 4.801308960051321684e+00 4.801973203326809880e+00 6.088554852298970310e+00 6.083779482549337203e+00
2.830000000000000000e+02 4.807511772091033642e+00 4.811228014712276568e+00 6.095876936794431877e+00 6.095269064470829612e+00
2.840000000000000000e+02 4.806220760823079807e+00 4.812339573497902201e+00 6.092945363604304276e+00 6.095421855352111784e+00
2.850000000000000000e+02 4.807837846038185425e+00 4.805790264880573481e+00 6.095003762035783090e+00 6.087567971840908143e+00
2.860000000000000000e+02 4.800945486503803039e+00 4.810550877722636898e+00 6.085986910407515715e+00 6.093349835181254726e+00
2.870000000000000000e+02 4.805133705696485791e+00 4.806516967859746359e+00 6.091469524696507598e+00 6.088605138537382722e+00
2.880000000000000000e+02 4.802419154245774813e+00 4.806771853741371281e+00 6.088870274995369591e+00 6.090333698788423789e+00
2.890000000000000000e+02 4.810447977884124704e+00 4.812609593536308239e+00 6.098610155594919924e+00 6.096963992900255036e+00
2.900000000000000000e+02 4.807911038301427631e+00 4.807847776391352745e+00 6.094820466360729938e+00 6.090883993451304157e+00
2.910000000000000000e+02 4.814297710394808583e+00 4.817695563488927135e+00 6.103317057730688333e+00 6.103604695306369621e+00
2.920000000000000000e+02 4.801977447183455538e+00 4.809589706221438554e+00 6.086720344797873494e+00 6.092618163873784631e+00
2.930000000000000000e+02 4.815032662195028124e+00 4.817587700043237220e+00 6.100684733722826714e+00 6.100397015042442916e+00
2.940000000000000000e+02 4.805824696372172689e+00 4.809107799727515342e+00 6.089969505795099103e+00 6.090251381179760060e+00
2.950000000000000000e+02 4.808643508626058605e+00 4.813469788475045696e+00 6.093930880599118360e+00 6.096627747394639307e+00
2.960000000000000000e+02 4.803128963857969502e+00 4.811436457539041811e+00 6.085699111116556814e+00 6.092811072905918834e+00
2.970000000000000000e+02 4.808458930415472565e+00 4.808646391242412221e+00 6.092130409840868843e+00 6.089785405367520887e+00
2.980000000000000000e+02 4.800822005389579594e+00 4.804027513728413190e+00 6.084254581097335191e+00 6.084918348580762526e+00
2.990000000000000000e+02 4.803873524889384683e+00 4.806315090475606233e+00 6.087913745222500062e+00 6.087889718905469039e+00
3.000000000000000000e+02 4.805661256951860416e+00 4.811017170032590329e+00 6.090101392739481589e+00 6.093805239063963874e+00
3.010000000000000000e+02 4.794854941964175943e+00 4.801125020978433966e+00 6.075199530500793088e+00 6.079983307563169070e+00
3.020000000000000000e+02 4.789904062563421050e+00 4.798106253184189818e+00 6.068777119882155624e+00 6.076080066018779036e+00
3.030000000000000000e+02 4.797225238820497673e+00 4.800362601020919939e+00 6.079321300238734516e+00 6.079804491668286737e+00
3.040000000000000000e+02 4.794340522339219923e+00 4.798778184128959623e+00 6.075890280969590052e+00 6.078479120256396584e+00
3.050000000000000000e+02 4.804072037620357172e+00 4.805237247722065064e+00 6.086270466390835132e+00 6.084675554797753350e+00
3.060000000000000000e+02 4.813646678620544073e+00 4.816384052449620867e+00 6.098490998665312190e+00 6.098625529573441284e+00
3.070000000000000000e+02 4.806671677015303068e+00 4.812203439631171697e+00 6.089940116475279552e+00 6.093694490082654625e+00
3.080000000000000000e+02 4.815868512646452437e+00 4.817363803601772965e+00 6.100842006896460390e+00 6.099358725637147316e+00
3.090000000000000000e+02 4.813883068331072046e+00 4.814073651825824918e+00 6.098141779749349567e+00 6.095587450805691532e+00
3.100000000000000000e+02 4.817852756451856955e+00 4.823134999237640663e+00 6.104227782991381801e+00 6.107366121105466839e+00
3.110000000000000000e+02 4.806568137243553807e+00 4.803495558093218598e+00 6.088907112171581204e+00 6.082003191222557170e+00
3.120000000000000000e+02 4.806739823051622729e+00 4.811660034235924144e+00 6.088656146721090678e+00 6.091502199072223789e+00
3.130000000000000000e+02 4.804736520656657461e+00 4.813004857486321342e+00 6.086658361385762106e+00 6.094024413058721557e+00
3.140000000000000000e+02 4.803794007217186746e+00 4.805716350187463348e+00 6.086564590890963800e+00 6.086296968970149379e+00
3.150000000000000000e+02 4.802266047057901943e+00 4.803522945066750260e+00 6.085671884522238173e+00 6.084362849086169867e+00
3.160000000000000000e+02 4.807184894169757250e+00 4.812207203657433929e+00 6.090720395271346455e+00 6.094168952649487991e+00
3.170000000000000000e+02 4.814643086129708927e+00 4.805772564777899269e+00 6.100395975871935050e+00 6.086859596572788966e+00
3.180000000000000000e+02 4.801637595584486107e+00 4.803032949093350545e+00 6.084549267119778726e+00 6.083546372528251922e+00
3.190000000000000000e+02 4.816861395673145196e+00 4.814421992801758421e+00 6.101646550965933891e+00 6.096095792042615535e+00
3.200000000000000000e+02 4.813826853979360720e+00 4.820945756175464503e+00 6.098673898144918226e+00 6.104880740635461045e+00
3.210000000000000000e+02 4.810013316238471504e+00 4.814029930426811710e+00 6.095508816129634688e+00 6.097725373918085445e+00
3.220000000000000000e+02 4.807665120412813131e+00 4.812610153563047888e+00 6.089740242467825304e+00 6.093097348168063476e+00
3.230000000000000000e+02 4.798936337889922576e+00 4.803442866717619886e+00 6.078404328140197599e+00 6.081442805333721502e+00
3.240000000000000000e+02 4.806342317568617517e+00 4.809812321356082165e+00 6.085981462959266786e+00 6.088250230545685149e+00
3.250000000000000000e+02 4.810749150900640814e+00 4.819218641271134196e+00 6.091550325258735299e+00 6.099787141354730657e+00
3.260000000000000000e+02 4.810298232638082538e+00 4.808722306535805124e+00 6.090507468015759152e+00 6.086629777147336107e+00
3.270000000000000000e+02 4.816468455723051711e+00 4.819756122979992341e+00 6.099285774920688574e+00 6.101002645679600711e+00
3.280000000000000000e+02 4.821403320384790803e+00 4.817855960798864245e+00 6.104471463322481029e+00 6.098531360180179384e+00
3.290000000000000000e+02 4.810443334810215354e+00 4.814893168285902192e+00 6.089930509582897500e+00 6.094020809655408932e+00
3.300000000000000000e+02 4.816375966013954901e+00 4.818580182748738672e+00 6.097737147504462385e+00 6.098853673665270314e+00
3.310000000000000000e+02 4.804945924770043675e+00 4.806370185201322087e+00 6.085349009111816976e+00 6.085455672192193077e+00
3.320000000000000000e+02 4.806843923871961799e+00 4.811913400486647063e+00 6.087805878893903788e+00 6.092665412624374000e+00
3.330000000000000000e+02 4.811904429806027395e+00 4.814769048071080526e+00 6.091998999769034917e+00 6.093983493638178039e+00
3.340000000000000000e+02 4.811785836082179024e+00 4.817330810400743069e+00 6.090500823995886215e+00 6.095893590132352990e+00
3.350000000000000000e+02 4.819179802811139446e+00 4.822759435565231456e+00 6.100146129229844227e+00 6.103154181799215650e+00
3.360000000000000000e+02 4.819949669592459962e+00 4.821721947604781455e+00 6.102001456105578647e+00 6.102849160790760230e+00
3.370000000000000000e+02 4.811388330148174575e+00 4.813022713301585043e+00 6.091097803984548698e+00 6.092187742103573278e+00
3.380000000000000000e+02 4.818115333482398732e+00 4.824135168231374671e+00 6.099559003197913221e+00 6.106059407556615248e+00
3.390000000000000000e+02 4.817065114159892580e+00 4.814495822658487967e+00 6.099556998944390074e+00 6.095368280495309321e+00
3.400000000000000000e+02 4.815559653593358469e+00 4.814259353192531954e+00 6.097799846430143944e+00 6.094952355074175543e+00
3.410000000000000000e+02 4.806193213741240200e+00 4.802159302826407128e+00 6.081403328190929436e+00 6.075503505398849313e+00
3.420000000000000000e+02 4.805121696723446689e+00 4.807401104198274489e+00 6.081310361278416288e+00 6.083189545570261814e+00
3.430000000000000000e+02 4.814109686978100378e+00 4.813357278817892215e+00 6.092200714557815644e+00 6.090303670624913401e+00
3.440000000000000000e+02 4.816276348818951725e+00 4.816398787916297941e+00 6.095965261443341277e+00 6.095007609980790164e+00
3.450000000000000000e+02 4.810064807179136537e+00 4.810491300060001585e+00 6.087398283326238335e+00 6.087265112541781598e+00
3.460000000000000000e+02 4.817682192476974379e+00 4.816841697979595160e+00 6.097318900242548523e+00 6.095296292221861201e+00
3.470000000000000000e+02 4.808183783476915885e+00 4.807066941200557331e+00 6.084320086978824094e+00 6.082004874359594027e+00
3.480000000000000000e+02 4.804715622850409318e+00 4.804947127124863826e+00 6.080459612617075571e+00 6.080041605615904565e+00
3.490000000000000000e+02 4.810304238127903531e+00 4.809918824064203235e+00 6.086895071181440464e+00 6.086045523397229928e+00
3.500000000000000000e+02 4.812960974015391358e+00 4.815562697371868595e+00 6.091510524086860556e+00 6.093841755410665861e+00
3.510000000000000000e+02 4.814653256031486528e+00 4.817710219644805392e+00 6.094061890336277543e+00 6.097721692452490849e+00
3.520000000000000000e+02 4.821974031998806254e+00 4.823673280765988558e+00 6.102618216005839535e+00 6.104439751877309028e+00
3.530000000000000000e+02 4.812405876522050541e+00 4.812697600857164026e+00 6.091272854323920072e+00 6.091227373077756191e+00
3.540000000000000000e+02 4.807726940094318557e+00 4.801371979664707190e+00 6.085200863447289166e+00 6.076774102484455931e+00
3.550000000000000000e+02 4.806333990485597063e+00 4.806636844162031963e+00 6.081765601365790808e+00 6.082081428949874358e+00
3.560000000000000000e+02 4.810184362852903739e+00 4.810657461422906067e+00 6.085969372102376873e+00 6.086345898400369769e+00
3.570000000000000000e+02 4.815988790984562229e+00 4.817755943159943932e+00 6.093926638998793166e+00 6.095734556465735032e+00
3.580000000000000000e+02 4.810441411280775625e+00 4.810286220789862455e+00 6.087132662902988933e+00 6.086873210301969372e+00
3.590000000000000000e+02 4.807059573717008760e+00 4.806417351437892727e+00 6.083781242674780820e+00 6.082685937237879870e+00
3.600000000000000000e+02 4.819368626943755451e+00 4.816742880978875263e+00 6.097757886362278335e+00 6.094685135017348543e+00
3.610000000000000000e+02 4.811844613595649633e+00 4.811520538824765048e+00 6.089197796693964548e+00 6.088785554295474967e+00
3.620000000000000000e+02 4.819254919297493167e+00 4.823267845876523019e+00 6.097035268421889143e+00 6.102311116011895464e+00
3.630000000000000000e+02 4.811694708393815745e+00 4.812315550044999668e+00 6.088120908798871689e+00 6.089179458675782364e+00
3.640000000000000000e+02 4.809919146996201711e+00 4.806719886010025533e+00 6.086135296063314826e+00 6.082450991449292133e+00
3.650000000000000000e+02 4.810167465944980236e+00 4.807307094277603277e+00 6.086362954151916860e+00 6.083171610754130043e+00
3.660000000000000000e+02 4.802683973535796902e+00 4.801499464499969783e+00 6.076359062377767017e+00 6.075676797036186016e+00
3.670000000000000000e+02 4.809893682239879453e+00 4.814953786890380449e+00 6.084993304243451639e+00 6.091605498443086297e+00
3.680000000000000000e+02 4.802301600994150377e+00 4.803295843466964143e+00 6.074465936158310875e+00 6.076637486775878116e+00
3.690000000000000000e+02 4.812390661454717389e+00 4.808426819090628968e+00 6.088378275926790373e+00 6.084377102432108941e+00
3.700000000000000000e+02 4.800422499299357604e+00 4.801598599127297362e+00 6.072442846636276315e+00 6.075071644779625579e+00
3.710000000000000000e+02 4.809342907529890354e+00 4.812349661397962386e+00 6.082943387447154571e+00 6.087660616639712252e+00
3.720000000000000000e+02 4.817453650463885850e+00 4.819774781084326776e+00 6.091374152791038554e+00 6.095114514610206591e+00
3.730000000000000000e+02 4.819501237459466125e+00 4.821564997779896444e+00 6.094126115296664814e+00 6.097932939672324082e+00
3.740000000000000000e+02 4.805732125513325848e+00 4.806892451824531065e+00 6.077199634049085475e+00 6.079769578277502973e+00
3.750000000000000000e+02 4.811855663008317130e+00 4.814918872690190810e+00 6.086254769509351625e+00 6.091658669441041951e+00
3.760000000000000000e+02 4.812291286657455203e+00 4.814581827371603673e+00 6.085453352149634121e+00 6.089549739487901903e+00
3.770000000000000000e+02 4.825130696010921483e+00 4.822592551189918808e+00 6.100472854635678566e+00 6.098909404815231028e+00
3.780000000000000000e+02 4.818151527216265606e+00 4.815967649678730922e+00 6.091213917229810093e+00 6.089913691199257961e+00
3.790000000000000000e+02 4.814967640956280270e+00 4.812136014916451821e+00 6.087200732037750583e+00 6.084990899426677480e+00
3.800000000000000000e+02 4.819125269494603181e+00 4.811623198256422818e+00 6.092452719595214283e+00 6.084701979274709238e+00
3.810000000000000000e+02 4.805260148799563424e+00 4.804175737816872349e+00 6.077523871403525568e+00 6.077717180328288116e+00
3.820000000000000000e+02 4.825158240526004505e+00 4.817971432793783926e+00 6.102091626013766756e+00 6.094622915982497169e+00
3.830000000000000000e+02 4.823070136842285471e+00 4.819077866146174394e+00 6.098803867290707892e+00 6.095725510681616832e+00
3.840000000000000000e+02 4.810697820622901411e+00 4.814875391595334619e+00 6.083174811853904629e+00 6.090299508492092784e+00
3.850000000000000000e+02 4.816622766279629708e+00 4.817682112700999220e+00 6.089166647023899870e+00 6.091665878468804252e+00
3.860000000000000000e+02 4.816084803981283358e+00 4.820661160758982433e+00 6.088326147288070977e+00 6.095490080476217543e+00
3.870000000000000000e+02 4.807958445216621080e+00 4.806946184061569483e+00 6.078625824905590669e+00 6.079102689472397181e+00
3.880000000000000000e+02 4.806382358195316229e+00 4.809566644092015508e+00 6.076850739017574554e+00 6.082716125622190440e+00
3.890000000000000000e+02 4.819650421440435650e+00 4.810806646501425199e+00 6.093356724898287169e+00 6.084759234580163323e+00
3.900000000000000000e+02 4.814764963702982570e+00 4.813491170173494815e+00 6.087932322642036098e+00 6.087901015085544820e+00
3.910000000000000000e+02 4.813466585801296382e+00 4.813483963119544740e+00 6.086287123077759986e+00 6.088279143131323679e+00
3.920000000000000000e+02 4.809461741500863141e+00 4.808699482907710099e+00 6.081517116808431211e+00 6.082800847269258959e+00
3.930000000000000000e+02 4.810405858291902703e+00 4.806677202439802343e+00 6.081021517446251856e+00 6.079205107545049280e+00
3.940000000000000000e+02 4.817768915990614964e+00 4.814749108789414755e+00 6.090805439286273604e+00 6.089514343757894466e+00
3.950000000000000000e+02 4.815444662508211238e+00 4.814259193291356986e+00 6.086666209919841641e+00 6.087511833217371660e+00
3.960000000000000000e+02 4.806768330407477308e+00 4.806785707868990620e+00 6.076578149881457946e+00 6.079043751050210886e+00
3.970000000000000000e+02 4.815372913490117313e+00 4.808305983039266707e+00 6.086851431303313298e+00 6.080716581799718412e+00
3.980000000000000000e+02 4.815878765422988650e+00 4.813241327278754866e+00 6.086753418784024205e+00 6.086192630769398981e+00
3.990000000000000000e+02 4.818995949217736552e+00 4.819836680119488292e+00 6.089425943286436826e+00 6.093542422061589470e+00
4.000000000000000000e+02 4.814245740580508581e+00 4.811180529199003963e+00 6.084759074330937878e+00 6.083385097708814193e+00
4.010000000000000000e+02 4.823908709928269367e+00 4.819319059520640103e+00 6.095513704628872986e+00 6.092636903194943443e+00
4.020000000000000000e+02 4.823785869308883534e+00 4.822110564689555900e+00 6.094826392444179675e+00 6.095234549185398087e+00
4.030000000000000000e+02 4.810418910353154054e+00 4.806724289870321520e+00 6.079434691394173917e+00 6.077513944925675204e+00
4.040000000000000000e+02 4.804778961230531387e+00 4.810343157709765727e+00 6.073237777318691855e+00 6.082862990170410100e+00
4.050000000000000000e+02 4.821031519639538132e+00 4.817367647344952708e+00 6.093613373290255986e+00 6.091942867114392257e+00
4.060000000000000000e+02 4.818211985295689281e+00 4.810572338998765574e+00 6.088446422503901445e+00 6.081349194961108928e+00
4.070000000000000000e+02 4.819532067567660505e+00 4.816123401738648724e+00 6.090053591719461146e+00 6.088274337868513797e+00
4.080000000000000000e+02 4.824238629137847845e+00 4.816753451310486156e+00 6.094820388500298947e+00 6.088230372199642915e+00
4.090000000000000000e+02 4.814919673577607639e+00 4.809978883195794808e+00 6.083680263634748897e+00 6.080266219903165847e+00
4.100000000000000000e+02 4.820253324888954083e+00 4.819007796820423906e+00 6.090649608016694749e+00 6.091697667118387116e+00
4.110000000000000000e+02 4.814147405270380986e+00 4.812662845622404539e+00 6.082470206553696634e+00 6.083372123875882664e+00
4.120000000000000000e+02 4.812978513590059571e+00 4.816711891089329178e+00 6.080726112055361732e+00 6.088115941074470960e+00
4.130000000000000000e+02 4.812779197776476003e+00 4.811145053085758683e+00 6.081062594406445143e+00 6.081841751875544766e+00
4.140000000000000000e+02 4.812752932740793632e+00 4.816270983573572195e+00 6.083403994335857767e+00 6.090510752061755184e+00
4.150000000000000000e+02 4.820406192328955619e+00 4.812921255218250316e+00 6.093312358171563581e+00 6.086478986054967955e+00
4.160000000000000000e+02 4.824183294997379079e+00 4.816794131115984534e+00 6.097658350010103590e+00 6.091108374485863841e+00
4.170000000000000000e+02 4.819902744840280917e+00 4.824999045340071291e+00 6.090222231498106709e+00 6.098636581276332791e+00
4.180000000000000000e+02 4.822560280944854227e+00 4.822179992833278028e+00 6.093693369665485804e+00 6.095753295928966864e+00
4.190000000000000000e+02 4.822914064776699483e+00 4.819289669829295519e+00 6.092585573030479651e+00 6.090446929259866415e+00
4.200000000000000000e+02 4.823870111484661827e+00 4.827262841437222285e+00 6.095164242476283079e+00 6.101222460781044354e+00
4.210000000000000000e+02 4.815502078886109594e+00 4.819226410001251182e+00 6.084020195778366613e+00 6.090512996407094093e+00
4.220000000000000000e+02 4.820359506835222518e+00 4.811664358516736684e+00 6.092282154895190871e+00 6.083653119049838409e+00
4.230000000000000000e+02 4.828494514729180231e+00 4.820069625934533697e+00 6.100961565099159323e+00 6.092367678757222293e+00
4.240000000000000000e+02 4.818532536203184335e+00 4.813693287885516980e+00 6.087969318217994363e+00 6.084028609206688643e+00
4.250000000000000000e+02 4.824808462212955007e+00 4.825102586691379258e+00 6.096055672093619648e+00 6.098498208295891843e+00
4.260000000000000000e+02 4.808933711584122861e+00 4.811846534895279248e+00 6.076758809169425568e+00 6.082090477663132155e+00
4.270000000000000000e+02 4.822878990056343795e+00 4.820536960921584679e+00 6.092462171317803765e+00 6.091077866953661157e+00
4.280000000000000000e+02 4.822284094369145180e+00 4.827461833851974582e+00 6.091799928663943042e+00 6.099620020019881572e+00
4.290000000000000000e+02 4.816608910474942995e+00 4.810404094760065696e+00 6.086000520214932763e+00 6.080053211334933039e+00
4.300000000000000000e+02 4.818575539393969542e+00 4.815464521664133635e+00 6.089215734447184225e+00 6.086658682317867886e+00
4.310000000000000000e+02 4.815677448462341914e+00 4.819570823675743299e+00 6.084463426186217383e+00 6.090688286463173284e+00
4.320000000000000000e+02 4.818697495871513858e+00 4.815579833405418064e+00 6.089336568627306434e+00 6.086566912954714859e+00
4.330000000000000000e+02 4.827956873041952868e+00 4.824614993448862243e+00 6.101246721835867248e+00 6.097950073782377522e+00
4.340000000000000000e+02 4.822484207662765421e+00 4.824415520739284702e+00 6.092767028796452600e+00 6.096448613739534395e+00
4.350000000000000000e+02 4.821568921743808467e+00 4.823057725768230775e+00 6.090731530204357647e+00 6.093871147525399934e+00
4.360000000000000000e+02 4.829549699391040285e+00 4.827428121139227812e+00 6.102213506978968915e+00 6.100590164039518370e+00
4.370000000000000000e+02 4.826679395362457825e+00 4.826650888240853199e+00 6.098917496295622520e+00 6.099366974864334878e+00
4.380000000000000000e+02 4.822259749932236161e+00 4.817655525299036512e+00 6.092907245061721433e+00 6.088281300630201009e+00
4.390000000000000000e+02 4.824267697451723791e+00 4.824309899866634943e+00 6.094341602785842582e+00 6.094862833314558692e+00
4.400000000000000000e+02 4.820991800691531992e+00 4.822386432262899980e+00 6.089868046935149160e+00 6.092234589277634171e+00
4.410000000000000000e+02 4.820954403858000781e+00 4.818831465725967433e+00 6.091524778373186066e+00 6.089409519677337457e+00
4.420000000000000000e+02 4.822254626206251338e+00 4.818659861682201395e+00 6.092381936142068355e+00 6.088268573699282982e+00
4.430000000000000000e+02 4.817983284962596535e+00 4.819138084866077421e+00 6.085141207976821676e+00 6.087024321589830755e+00
4.440000000000000000e+02 4.814341353554770997e+00 4.817080968733555402e+00 6.082033381837691266e+00 6.085816982937751085e+00
4.450000000000000000e+02 4.824100014525030566e+00 4.827237456255758730e+00 6.094565259690926773e+00 6.098939997828766835e+00
4.460000000000000000e+02 4.827319855450213915e+00 4.821167332683070406e+00 6.098884742673140735e+00 6.091397378937739582e+00
4.470000000000000000e+02 4.823897577843206719e+00 4.828492673489117593e+00 6.093921912634889360e+00 6.099484448351486066e+00
4.480000000000000000e+02 4.821230992684317762e+00 4.821410526487045267e+00 6.090410414935387706e+00 6.090753788608013863e+00
4.490000000000000000e+02 4.821070357254513716e+00 4.813928151420724610e+00 6.092253569620488918e+00 6.083602265913974350e+00
4.500000000000000000e+02 4.826145757877106313e+00 4.825400795695384382e+00 6.098288643926585095e+00 6.097246589748732681e+00
4.510000000000000000e+02 4.823287146844884354e+00 4.825225746010556982e+00 6.096569691970678662e+00 6.098264060237815976e+00
4.520000000000000000e+02 4.814753192047819930e+00 4.817296217527266222e+00 6.085955117635923450e+00 6.088646377450488423e+00
4.530000000000000000e+02 4.817876781368772399e+00 4.823420956029169204e+00 6.090459984630859580e+00 6.096684282311472636e+00
4.540000000000000000e+02 4.811980344171135293e+00 4.817078166199742384e+00 6.081149000522813708e+00 6.087065398653474624e+00
4.550000000000000000e+02 4.822233886338509912e+00 4.822454177877377290e+00 6.094885814190140749e+00 6.094190413218845137e+00
4.560000000000000000e+02 4.819041270669427668e+00 4.821295135054684877e+00 6.090549192009631518e+00 6.092248444471595192e+00
4.570000000000000000e+02 4.820494598752573800e+00 4.820647706646715491e+00 6.091341881580452977e+00 6.090676833184311967e+00
4.580000000000000000e+02 4.822002380821368561e+00 4.819919639990151161e+00 6.094065012974733797e+00 6.090276922515542424e+00
4.590000000000000000e+02 4.816193147543204489e+00 4.817212455707990060e+00 6.086367918482170403e+00 6.086486513686606870e+00
4.600000000000000000e+02 4.828042156781019223e+00 4.833479429221976709e+00 6.101989286846206006e+00 6.106683858399455822e+00
4.610000000000000000e+02 4.821791856496101758e+00 4.825717982940228801e+00 6.093169500707202424e+00 6.096210780950626074e+00
4.620000000000000000e+02 4.830568364913471413e+00 4.831397249109818937e+00 6.104378890643292976e+00 6.103470807933923936e+00
4.630000000000000000e+02 4.830259986762472479e+00 4.831974447842547704e+00 6.104085887249351750e+00 6.104595260762487818e+00
4.640000000000000000e+02 4.833052694409660788e+00 4.835590834802188098e+00 6.107727271881323361e+00 6.109237220777963273e+00
4.650000000000000000e+02 4.820369357602951155e+00 4.830790500889347250e+00 6.091806254266999510e+00 6.102632552114145348e+00
4.660000000000000000e+02 4.831886602684861920e+00 4.835079298848963703e+00 6.107062622582798639e+00 6.109324425618700261e+00
4.670000000000000000e+02 4.817472870332367485e+00 4.821301060242523917e+00 6.089090973238103999e+00 6.091292472861738361e+00
4.680000000000000000e+02 4.827094116521660538e+00 4.831413263870684816e+00 6.100252073657657093e+00 6.103185728606795202e+00
4.690000000000000000e+02 4.814046747571376628e+00 4.817292213059801931e+00 6.083647752573538625e+00 6.085271731278320217e+00
4.700000000000000000e+02 4.819230013301218030e+00 4.816465172931933658e+00 6.090391677923575386e+00 6.083912571848334672e+00
4.710000000000000000e+02 4.822939208382890364e+00 4.825607314119007896e+00 6.094606018140202863e+00 6.094657986424211416e+00
4.720000000000000000e+02 4.833720621775755788e+00 4.834376220087301057e+00 6.107795337748164854e+00 6.105714757674490123e+00
4.730000000000000000e+02 4.826885434746957415e+00 4.829751333535627467e+00 6.099896528617446911e+00 6.100386525741393839e+00
4.740000000000000000e+02 4.822858970335159867e+00 4.821089415898263120e+00 6.096503945171219740e+00 6.090654973969892971e+00
4.750000000000000000e+02 4.825826568807104699e+00 4.827259636620097716e+00 6.100354495985757630e+00 6.098514861871179527e+00
4.760000000000000000e+02 4.818579220661987961e+00 4.822187920535529138e+00 6.091047593340393362e+00 6.091294876314301554e+00
4.770000000000000000e+02 4.826786459537493634e+00 4.829410203351617525e+00 6.101285402337076391e+00 6.100875563261812573e+00
4.780000000000000000e+02 4.813291535084199602e+00 4.826405448682771215e+00 6.084104276573648384e+00 6.096654731682715322e+00
4.790000000000000000e+02 4.814341593731862545e+00 4.823299478360404180e+00 6.085356216166124987e+00 6.092264300109758501e+00
4.800000000000000000e+02 4.823448181978760907e+00 4.823377474592034808e+00 6.096181151799245690e+00 6.091653546781179429e+00
4.810000000000000000e+02 4.821939680081677615e+00 4.825460293247174626e+00 6.093128501524287977e+00 6.092711775438139021e+00
4.820000000000000000e+02 4.826533573865288140e+00 4.834531808817115639e+00 6.099548110148141689e+00 6.104975233581411587e+00
4.830000000000000000e+02 4.826613891359633257e+00 4.825586815343964275e+00 6.100140926427753740e+00 6.094314214249787476e+00
4.840000000000000000e+02 4.830611687377674990e+00 4.835129426829225530e+00 6.105913345512440138e+00 6.106670240661209448e+00
4.850000000000000000e+02 4.834886952235446955e+00 4.836389850580569139e+00 6.109711282161877755e+00 6.106452111811061734e+00
4.860000000000000000e+02 4.828762293396652083e+00 4.839529052144770915e+00 6.103689178700757445e+00 6.112091917604319136e+00
4.870000000000000000e+02 4.828424926760030544e+00 4.828995800471844291e+00 6.102685802744358234e+00 6.098197193910062985e+00
4.880000000000000000e+02 4.820318347957728733e+00 4.830357200669220141e+00 6.090662981181448998e+00 6.097869195029190337e+00
4.890000000000000000e+02 4.823363461365640426e+00 4.826285412943774666e+00 6.096873428369100623e+00 6.095038119287704781e+00
4.900000000000000000e+02 4.826027643248782084e+00 4.828972818593903149e+00 6.099133065961005684e+00 6.097362141790015677e+00
4.910000000000000000e+02 4.829184542796858715e+00 4.833162561159690007e+00 6.101625889995525576e+00 6.101154554070447489e+00
4.920000000000000000e+02 4.836916600100892971e+00 4.836635367029258781e+00 6.111111845287978461e+00 6.105890361423115031e+00
4.930000000000000000e+02 4.823732137650922347e+00 4.833115395226914579e+00 6.095973830601362664e+00 6.102300949633777449e+00
4.940000000000000000e+02 4.831180881149348849e+00 4.836461839183252565e+00 6.104963704875309816e+00 6.105797872526173009e+00
4.950000000000000000e+02 4.828761573432233334e+00 4.828463605849704798e+00 6.102313921207026759e+00 6.096223114798911880e+00
4.960000000000000000e+02 4.829315390217146842e+00 4.838791458853065386e+00 6.103627839877903583e+00 6.109800971029584638e+00
4.970000000000000000e+02 4.824720375300371344e+00 4.830649244779065654e+00 6.098889948187830257e+00 6.100607142089831569e+00
4.980000000000000000e+02 4.834970312329898157e+00 4.840340640507394987e+00 6.111794027994957190e+00 6.112359701240771770e+00
4.990000000000000000e+02 4.829114957013517007e+00 4.834196524440672604e+00 6.104397871691610078e+00 6.104938639411724211e+00
5.000000000000000000e+02 4.826339466603635664e+00 4.836468485795799133e+00 6.102339148690820281e+00 6.109546722046940381e+00
