# delays[ps] delta_averaged scan 0
-2.000000000000000000e+01 2.487263311557863494e-05 2.487263311557863494e-05
-1.800000000000000000e+01 -4.687924845657875944e-05 -4.687924845657875944e-05
-1.600000000000000000e+01 9.878780043646895217e-05 9.878780043646895217e-05
-1.400000000000000000e+01 3.228238980019925997e-05 3.228238980019925997e-05
-1.200000000000000000e+01 3.916673708975082348e-06 3.916673708975082348e-06
-1.000000000000000000e+01 8.350135563506710273e-05 8.350135563506710273e-05
-8.000000000000000000e+00 5.790229781454148307e-05 5.790229781454148307e-05
-6.000000000000000000e+00 5.874498277171047287e-05 5.874498277171047287e-05
-4.000000000000000000e+00 9.028982496818338164e-05 9.028982496818338164e-05
-2.000000000000000000e+00 8.289395975724422666e-05 8.289395975724422666e-05
-1.000000000000000000e+00 4.670575950869371086e-05 4.670575950869371086e-05
-9.000000000000000222e-01 1.271098746415501096e-04 1.271098746415501096e-04
-8.000000000000000444e-01 5.327947316512282860e-05 5.327947316512282860e-05
-6.999999999999999556e-01 5.205052530862175423e-05 5.205052530862175423e-05
-5.999999999999999778e-01 5.343515478099103563e-05 5.343515478099103563e-05
-5.000000000000000000e-01 7.372101159581035225e-05 7.372101159581035225e-05
-4.000000000000000222e-01 1.433814517861936491e-04 1.433814517861936491e-04
-2.999999999999999889e-01 3.505326409405529350e-04 3.505326409405529350e-04
-2.000000000000000111e-01 5.753884936684419823e-04 5.753884936684419823e-04
-1.000000000000000056e-01 6.072073307930723118e-04 6.072073307930723118e-04
0.000000000000000000e+00 4.801820574702680782e-04 4.801820574702680782e-04
1.000000000000000056e-01 3.450500188297156304e-04 3.450500188297156304e-04
2.000000000000000111e-01 1.468293986761262237e-04 1.468293986761262237e-04
2.999999999999999889e-01 2.720097541472432675e-05 2.720097541472432675e-05
4.000000000000000222e-01 5.603509021855024084e-06 5.603509021855024084e-06
5.000000000000000000e-01 -8.875990123393407414e-05 -8.875990123393407414e-05
5.999999999999999778e-01 -4.966487378786499108e-05 -4.966487378786499108e-05
6.999999999999999556e-01 -1.398016196062257276e-04 -1.398016196062257276e-04
8.000000000000000444e-01 -1.067364131678439889e-04 -1.067364131678439889e-04
9.000000000000000222e-01 -1.467817302337831532e-04 -1.467817302337831532e-04
1.000000000000000000e+00 -1.595258757461783894e-04 -1.595258757461783894e-04
1.100000000000000089e+00 -2.476248574324915437e-04 -2.476248574324915437e-04
1.199999999999999956e+00 -2.600923868137122621e-04 -2.600923868137122621e-04
1.300000000000000044e+00 -2.940401597578534546e-04 -2.940401597578534546e-04
1.399999999999999911e+00 -2.568635729901190805e-04 -2.568635729901190805e-04
1.500000000000000000e+00 -3.137472243023210370e-04 -3.137472243023210370e-04
1.600000000000000089e+00 -2.486077405373983027e-04 -2.486077405373983027e-04
1.699999999999999956e+00 -3.335857202550660504e-04 -3.335857202550660504e-04
1.800000000000000044e+00 -3.908641174110465328e-04 -3.908641174110465328e-04
1.899999999999999911e+00 -3.154500816934079489e-04 -3.154500816934079489e-04
2.000000000000000000e+00 -3.359392993620371635e-04 -3.359392993620371635e-04
3.000000000000000000e+00 -2.042676958296496515e-04 -2.042676958296496515e-04
4.000000000000000000e+00 -1.458729600848190889e-04 -1.458729600848190889e-04
5.000000000000000000e+00 -1.129324439610495051e-04 -1.129324439610495051e-04
6.000000000000000000e+00 -3.343356465618452196e-06 -3.343356465618452196e-06
7.000000000000000000e+00 8.414670627303832783e-06 8.414670627303832783e-06
8.000000000000000000e+00 1.276530523093862934e-04 1.276530523093862934e-04
9.000000000000000000e+00 1.909749345130853286e-04 1.909749345130853286e-04
1.000000000000000000e+01 3.001199029595104980e-04 3.001199029595104980e-04
1.100000000000000000e+01 2.677536497876758918e-04 2.677536497876758918e-04
1.200000000000000000e+01 4.052114113998080938e-04 4.052114113998080938e-04
1.300000000000000000e+01 4.487568232547452154e-04 4.487568232547452154e-04
1.400000000000000000e+01 4.749661410583039321e-04 4.749661410583039321e-04
1.500000000000000000e+01 5.683824093280252310e-04 5.683824093280252310e-04
1.600000000000000000e+01 5.643662827322334149e-04 5.643662827322334149e-04
1.700000000000000000e+01 6.274723666243094827e-04 6.274723666243094827e-04
1.800000000000000000e+01 7.518397877978568117e-04 7.518397877978568117e-04
1.900000000000000000e+01 7.729498823931566865e-04 7.729498823931566865e-04
2.000000000000000000e+01 8.082868419944381133e-04 8.082868419944381133e-04
2.100000000000000000e+01 8.427287057033486760e-04 8.427287057033486760e-04
2.200000000000000000e+01 8.336049253580156328e-04 8.336049253580156328e-04
2.300000000000000000e+01 9.357774535445408408e-04 9.357774535445408408e-04
2.400000000000000000e+01 9.896590082985210965e-04 9.896590082985210965e-04
2.500000000000000000e+01 8.717820377664009914e-04 8.717820377664009914e-04
2.600000000000000000e+01 9.717862089153089713e-04 9.717862089153089713e-04
2.700000000000000000e+01 8.873460028868150390e-04 8.873460028868150390e-04
2.800000000000000000e+01 9.745094800399178945e-04 9.745094800399178945e-04
2.900000000000000000e+01 9.058647470322109783e-04 9.058647470322109783e-04
3.000000000000000000e+01 9.813630667065108282e-04 9.813630667065108282e-04
3.100000000000000000e+01 1.007982270424806395e-03 1.007982270424806395e-03
3.200000000000000000e+01 9.385515045324088323e-04 9.385515045324088323e-04
3.300000000000000000e+01 9.167556897679519576e-04 9.167556897679519576e-04
3.400000000000000000e+01 8.731023340929572416e-04 8.731023340929572416e-04
3.500000000000000000e+01 8.830457936850905770e-04 8.830457936850905770e-04
3.600000000000000000e+01 8.487888548369800163e-04 8.487888548369800163e-04
3.700000000000000000e+01 6.903619789515272765e-04 6.903619789515272765e-04
3.800000000000000000e+01 7.222898550421642241e-04 7.222898550421642241e-04
3.900000000000000000e+01 6.358449810674268341e-04 6.358449810674268341e-04
4.000000000000000000e+01 6.323399622838744285e-04 6.323399622838744285e-04
4.100000000000000000e+01 5.852834082058523939e-04 5.852834082058523939e-04
4.200000000000000000e+01 6.155691139054195486e-04 6.155691139054195486e-04
4.300000000000000000e+01 5.692277332599952064e-04 5.692277332599952064e-04
4.400000000000000000e+01 4.369805567475132249e-04 4.369805567475132249e-04
4.500000000000000000e+01 4.663031565057455894e-04 4.663031565057455894e-04
4.600000000000000000e+01 4.957520430283325445e-04 4.957520430283325445e-04
4.700000000000000000e+01 4.893829021905632621e-04 4.893829021905632621e-04
4.800000000000000000e+01 5.368344794954211553e-04 5.368344794954211553e-04
4.900000000000000000e+01 5.345771556178812670e-04 5.345771556178812670e-04
5.000000000000000000e+01 5.218087828867210703e-04 5.218087828867210703e-04
5.100000000000000000e+01 4.906083217347251410e-04 4.906083217347251410e-04
5.200000000000000000e+01 5.356038577903144207e-04 5.356038577903144207e-04
5.300000000000000000e+01 4.907887873957841309e-04 4.907887873957841309e-04
5.400000000000000000e+01 5.701520571255779078e-04 5.701520571255779078e-04
5.500000000000000000e+01 4.587612196495796332e-04 4.587612196495796332e-04
5.600000000000000000e+01 5.839484303341619005e-04 5.839484303341619005e-04
5.700000000000000000e+01 5.435291466711429566e-04 5.435291466711429566e-04
5.800000000000000000e+01 4.750190118261348252e-04 4.750190118261348252e-04
5.900000000000000000e+01 5.438782049604424162e-04 5.438782049604424162e-04
6.000000000000000000e+01 5.032615133038318041e-04 5.032615133038318041e-04
6.100000000000000000e+01 5.253712150628459584e-04 5.253712150628459584e-04
6.200000000000000000e+01 5.382894998130153662e-04 5.382894998130153662e-04
6.300000000000000000e+01 4.807560358967095850e-04 4.807560358967095850e-04
6.400000000000000000e+01 4.685482606194872005e-04 4.685482606194872005e-04
6.500000000000000000e+01 4.749809841480168333e-04 4.749809841480168333e-04
6.600000000000000000e+01 5.429519744530851306e-04 5.429519744530851306e-04
6.700000000000000000e+01 4.691259995979358698e-04 4.691259995979358698e-04
6.800000000000000000e+01 4.344760841453445470e-04 4.344760841453445470e-04
6.900000000000000000e+01 5.130776308738397348e-04 5.130776308738397348e-04
7.000000000000000000e+01 3.744713643304549379e-04 3.744713643304549379e-04
7.100000000000000000e+01 4.876356252303976090e-04 4.876356252303976090e-04
7.200000000000000000e+01 3.776722250815299779e-04 3.776722250815299779e-04
7.300000000000000000e+01 3.916382465150215373e-04 3.916382465150215373e-04
7.400000000000000000e+01 4.703216003895015684e-04 4.703216003895015684e-04
7.500000000000000000e+01 3.119917933896199135e-04 3.119917933896199135e-04
7.600000000000000000e+01 3.169785623146198755e-04 3.169785623146198755e-04
7.700000000000000000e+01 1.542840584607513244e-04 1.542840584607513244e-04
7.800000000000000000e+01 2.083019263053698209e-04 2.083019263053698209e-04
7.900000000000000000e+01 2.904943811758678072e-04 2.904943811758678072e-04
8.000000000000000000e+01 1.923159196329120627e-04 1.923159196329120627e-04
8.100000000000000000e+01 2.210305037790861722e-04 2.210305037790861722e-04
8.200000000000000000e+01 2.602449084675893202e-04 2.602449084675893202e-04
8.300000000000000000e+01 2.111223107389266170e-04 2.111223107389266170e-04
8.400000000000000000e+01 3.426867343719396477e-04 3.426867343719396477e-04
8.500000000000000000e+01 1.874247674077439321e-04 1.874247674077439321e-04
8.600000000000000000e+01 3.278659606931156006e-04 3.278659606931156006e-04
8.700000000000000000e+01 2.518808957254554579e-04 2.518808957254554579e-04
8.800000000000000000e+01 2.944380605218999396e-04 2.944380605218999396e-04
8.900000000000000000e+01 3.058162966184438782e-04 3.058162966184438782e-04
9.000000000000000000e+01 2.468603497593161323e-04 2.468603497593161323e-04
9.100000000000000000e+01 1.654900249558309837e-04 1.654900249558309837e-04
9.200000000000000000e+01 1.522694352506653859e-04 1.522694352506653859e-04
9.300000000000000000e+01 1.139240034938923115e-04 1.139240034938923115e-04
9.400000000000000000e+01 4.510919794445355754e-05 4.510919794445355754e-05
9.500000000000000000e+01 1.641965845411086302e-05 1.641965845411086302e-05
9.600000000000000000e+01 1.612988519446034865e-05 1.612988519446034865e-05
9.700000000000000000e+01 -1.681816192275141758e-04 -1.681816192275141758e-04
9.800000000000000000e+01 -8.848481637144878307e-05 -8.848481637144878307e-05
9.900000000000000000e+01 -1.347945670937323898e-04 -1.347945670937323898e-04
1.000000000000000000e+02 -2.061626710704226424e-04 -2.061626710704226424e-04
1.010000000000000000e+02 -2.005804048397944535e-04 -2.005804048397944535e-04
1.020000000000000000e+02 -2.591387289193943649e-04 -2.591387289193943649e-04
1.030000000000000000e+02 -2.631570400044768105e-04 -2.631570400044768105e-04
1.040000000000000000e+02 -2.675300901297316216e-04 -2.675300901297316216e-04
1.050000000000000000e+02 -2.921239141821751996e-04 -2.921239141821751996e-04
1.060000000000000000e+02 -3.344786982396319441e-04 -3.344786982396319441e-04
1.070000000000000000e+02 -3.325050235045153664e-04 -3.325050235045153664e-04
1.080000000000000000e+02 -3.190847325144024029e-04 -3.190847325144024029e-04
1.090000000000000000e+02 -3.556313136099368177e-04 -3.556313136099368177e-04
1.100000000000000000e+02 -3.485740863202918299e-04 -3.485740863202918299e-04
1.110000000000000000e+02 -3.224924003088111253e-04 -3.224924003088111253e-04
1.120000000000000000e+02 -3.537024018766373921e-04 -3.537024018766373921e-04
1.130000000000000000e+02 -3.357263592929367151e-04 -3.357263592929367151e-04
1.140000000000000000e+02 -4.708598799593492149e-04 -4.708598799593492149e-04
1.150000000000000000e+02 -4.304136062744916432e-04 -4.304136062744916432e-04
1.160000000000000000e+02 -5.488252088775386018e-04 -5.488252088775386018e-04
1.170000000000000000e+02 -5.228517450652836246e-04 -5.228517450652836246e-04
1.180000000000000000e+02 -5.722596542041544828e-04 -5.722596542041544828e-04
1.190000000000000000e+02 -5.623173220816173479e-04 -5.623173220816173479e-04
1.200000000000000000e+02 -7.040426433425573879e-04 -7.040426433425573879e-04
1.210000000000000000e+02 -6.859057372146964071e-04 -6.859057372146964071e-04
1.220000000000000000e+02 -7.490646508546420146e-04 -7.490646508546420146e-04
1.230000000000000000e+02 -8.562342012100698611e-04 -8.562342012100698611e-04
1.240000000000000000e+02 -8.905683473231870316e-04 -8.905683473231870316e-04
1.250000000000000000e+02 -1.023287889848103083e-03 -1.023287889848103083e-03
1.260000000000000000e+02 -1.049833938802524451e-03 -1.049833938802524451e-03
1.270000000000000000e+02 -1.037397386762092420e-03 -1.037397386762092420e-03
1.280000000000000000e+02 -1.140842881641395508e-03 -1.140842881641395508e-03
1.290000000000000000e+02 -1.174172181569142770e-03 -1.174172181569142770e-03
1.300000000000000000e+02 -1.053331218565179209e-03 -1.053331218565179209e-03
1.310000000000000000e+02 -1.113294396025957603e-03 -1.113294396025957603e-03
1.320000000000000000e+02 -1.056828902034373302e-03 -1.056828902034373302e-03
1.330000000000000000e+02 -8.483195397786968310e-04 -8.483195397786968310e-04
1.340000000000000000e+02 -9.052417236087181808e-04 -9.052417236087181808e-04
1.350000000000000000e+02 -8.453398623402138493e-04 -8.453398623402138493e-04
1.360000000000000000e+02 -7.295564374265936644e-04 -7.295564374265936644e-04
1.370000000000000000e+02 -7.923779622479764284e-04 -7.923779622479764284e-04
1.380000000000000000e+02 -7.507085354516661833e-04 -7.507085354516661833e-04
1.390000000000000000e+02 -6.401851668005156034e-04 -6.401851668005156034e-04
1.400000000000000000e+02 -7.879134598626743105e-04 -7.879134598626743105e-04
1.410000000000000000e+02 -6.616909989934256775e-04 -6.616909989934256775e-04
1.420000000000000000e+02 -7.276572733596945158e-04 -7.276572733596945158e-04
1.430000000000000000e+02 -6.529253504110494070e-04 -6.529253504110494070e-04
1.440000000000000000e+02 -7.342987702453928397e-04 -7.342987702453928397e-04
1.450000000000000000e+02 -7.655173180816314104e-04 -7.655173180816314104e-04
1.460000000000000000e+02 -6.749219918945792603e-04 -6.749219918945792603e-04
1.470000000000000000e+02 -7.218756803952017373e-04 -7.218756803952017373e-04
1.480000000000000000e+02 -6.216200788676357579e-04 -6.216200788676357579e-04
1.490000000000000000e+02 -7.205870194876501725e-04 -7.205870194876501725e-04
1.500000000000000000e+02 -7.446061652544213455e-04 -7.446061652544213455e-04
1.510000000000000000e+02 -8.609920779252315743e-04 -8.609920779252315743e-04
1.520000000000000000e+02 -7.767804869375804534e-04 -7.767804869375804534e-04
1.530000000000000000e+02 -7.584807325089758549e-04 -7.584807325089758549e-04
1.540000000000000000e+02 -8.857718909740930477e-04 -8.857718909740930477e-04
1.550000000000000000e+02 -8.547990143410517288e-04 -8.547990143410517288e-04
1.560000000000000000e+02 -8.234577671753653223e-04 -8.234577671753653223e-04
1.570000000000000000e+02 -8.873625657248756290e-04 -8.873625657248756290e-04
1.580000000000000000e+02 -9.281648917606712601e-04 -9.281648917606712601e-04
1.590000000000000000e+02 -1.010869692361975221e-03 -1.010869692361975221e-03
1.600000000000000000e+02 -1.034763615005951940e-03 -1.034763615005951940e-03
1.610000000000000000e+02 -1.009557897578468267e-03 -1.009557897578468267e-03
1.620000000000000000e+02 -9.557892905139071674e-04 -9.557892905139071674e-04
1.630000000000000000e+02 -9.667944093929737182e-04 -9.667944093929737182e-04
1.640000000000000000e+02 -1.016117252275470237e-03 -1.016117252275470237e-03
1.650000000000000000e+02 -1.005248572345420876e-03 -1.005248572345420876e-03
1.660000000000000000e+02 -9.228177205970302180e-04 -9.228177205970302180e-04
1.670000000000000000e+02 -9.542624736182368523e-04 -9.542624736182368523e-04
1.680000000000000000e+02 -9.693256748264663476e-04 -9.693256748264663476e-04
1.690000000000000000e+02 -1.053502669580790984e-03 -1.053502669580790984e-03
1.700000000000000000e+02 -9.146995886610516987e-04 -9.146995886610516987e-04
1.710000000000000000e+02 -1.053502978495770084e-03 -1.053502978495770084e-03
1.720000000000000000e+02 -9.164903031489919681e-04 -9.164903031489919681e-04
1.730000000000000000e+02 -8.423580483167438090e-04 -8.423580483167438090e-04
1.740000000000000000e+02 -9.623315753514619748e-04 -9.623315753514619748e-04
1.750000000000000000e+02 -8.816336818200516375e-04 -8.816336818200516375e-04
1.760000000000000000e+02 -9.796114906194125244e-04 -9.796114906194125244e-04
1.770000000000000000e+02 -9.092071487975248497e-04 -9.092071487975248497e-04
1.780000000000000000e+02 -1.025424345659937128e-03 -1.025424345659937128e-03
1.790000000000000000e+02 -8.312979938019480087e-04 -8.312979938019480087e-04
1.800000000000000000e+02 -8.662313378991947027e-04 -8.662313378991947027e-04
1.810000000000000000e+02 -9.696678735428809455e-04 -9.696678735428809455e-04
1.820000000000000000e+02 -9.759518304802176566e-04 -9.759518304802176566e-04
1.830000000000000000e+02 -1.046169890590509114e-03 -1.046169890590509114e-03
1.840000000000000000e+02 -9.652527829721006683e-04 -9.652527829721006683e-04
1.850000000000000000e+02 -1.039053696973595226e-03 -1.039053696973595226e-03
1.860000000000000000e+02 -1.100132182893950395e-03 -1.100132182893950395e-03
1.870000000000000000e+02 -1.109211303395320723e-03 -1.109211303395320723e-03
1.880000000000000000e+02 -1.145543961727016769e-03 -1.145543961727016769e-03
1.890000000000000000e+02 -1.143564132593171811e-03 -1.143564132593171811e-03
1.900000000000000000e+02 -1.140114064149379183e-03 -1.140114064149379183e-03
1.910000000000000000e+02 -1.129798378522681732e-03 -1.129798378522681732e-03
1.920000000000000000e+02 -1.140132435824255238e-03 -1.140132435824255238e-03
1.930000000000000000e+02 -1.137829098222907596e-03 -1.137829098222907596e-03
1.940000000000000000e+02 -1.176845104301691564e-03 -1.176845104301691564e-03
1.950000000000000000e+02 -1.115655599662889776e-03 -1.115655599662889776e-03
1.960000000000000000e+02 -1.128827882795764657e-03 -1.128827882795764657e-03
1.970000000000000000e+02 -1.145984206681179614e-03 -1.145984206681179614e-03
1.980000000000000000e+02 -1.165237912247778793e-03 -1.165237912247778793e-03
1.990000000000000000e+02 -9.944476400389412000e-04 -9.944476400389412000e-04
2.000000000000000000e+02 -1.184496843710249828e-03 -1.184496843710249828e-03
2.010000000000000000e+02 -1.133571439542251872e-03 -1.133571439542251872e-03
2.020000000000000000e+02 -1.121520400968721749e-03 -1.121520400968721749e-03
2.030000000000000000e+02 -1.070845945736940974e-03 -1.070845945736940974e-03
2.040000000000000000e+02 -1.075524655166215779e-03 -1.075524655166215779e-03
2.050000000000000000e+02 -1.072912184995389751e-03 -1.072912184995389751e-03
2.060000000000000000e+02 -1.070331901660093264e-03 -1.070331901660093264e-03
2.070000000000000000e+02 -1.184009354335332099e-03 -1.184009354335332099e-03
2.080000000000000000e+02 -1.099397871211895816e-03 -1.099397871211895816e-03
2.090000000000000000e+02 -1.112793346185942051e-03 -1.112793346185942051e-03
2.100000000000000000e+02 -1.165490274938001765e-03 -1.165490274938001765e-03
2.110000000000000000e+02 -1.250018912249109462e-03 -1.250018912249109462e-03
2.120000000000000000e+02 -1.198714943724841142e-03 -1.198714943724841142e-03
2.130000000000000000e+02 -1.206497819101640416e-03 -1.206497819101640416e-03
2.140000000000000000e+02 -1.171192916880079609e-03 -1.171192916880079609e-03
2.150000000000000000e+02 -1.403861006326996824e-03 -1.403861006326996824e-03
2.160000000000000000e+02 -1.281110098312042119e-03 -1.281110098312042119e-03
2.170000000000000000e+02 -1.354677273941039218e-03 -1.354677273941039218e-03
2.180000000000000000e+02 -1.319657983397635147e-03 -1.319657983397635147e-03
2.190000000000000000e+02 -1.319339878396318675e-03 -1.319339878396318675e-03
2.200000000000000000e+02 -1.351099273711803793e-03 -1.351099273711803793e-03
2.210000000000000000e+02 -1.379986666750596721e-03 -1.379986666750596721e-03
2.220000000000000000e+02 -1.381295621421359514e-03 -1.381295621421359514e-03
2.230000000000000000e+02 -1.382519797376805882e-03 -1.382519797376805882e-03
2.240000000000000000e+02 -1.464754066675257082e-03 -1.464754066675257082e-03
2.250000000000000000e+02 -1.419749012302404852e-03 -1.419749012302404852e-03
2.260000000000000000e+02 -1.374518621907067648e-03 -1.374518621907067648e-03
2.270000000000000000e+02 -1.431426174199526081e-03 -1.431426174199526081e-03
2.280000000000000000e+02 -1.344139145485620567e-03 -1.344139145485620567e-03
2.290000000000000000e+02 -1.481545242477752631e-03 -1.481545242477752631e-03
2.300000000000000000e+02 -1.380125755358232618e-03 -1.380125755358232618e-03
2.310000000000000000e+02 -1.411021366092042248e-03 -1.411021366092042248e-03
2.320000000000000000e+02 -1.412711426981566728e-03 -1.412711426981566728e-03
2.330000000000000000e+02 -1.359004068747688993e-03 -1.359004068747688993e-03
2.340000000000000000e+02 -1.442682326482765771e-03 -1.442682326482765771e-03
2.350000000000000000e+02 -1.469271048308843112e-03 -1.469271048308843112e-03
2.360000000000000000e+02 -1.343736671385711238e-03 -1.343736671385711238e-03
2.370000000000000000e+02 -1.419287852065800057e-03 -1.419287852065800057e-03
2.380000000000000000e+02 -1.375021192445404156e-03 -1.375021192445404156e-03
2.390000000000000000e+02 -1.426745169325724328e-03 -1.426745169325724328e-03
2.400000000000000000e+02 -1.438431980455860161e-03 -1.438431980455860161e-03
2.410000000000000000e+02 -1.409559988204371313e-03 -1.409559988204371313e-03
2.420000000000000000e+02 -1.431709562276030833e-03 -1.431709562276030833e-03
2.430000000000000000e+02 -1.347669070777377139e-03 -1.347669070777377139e-03
2.440000000000000000e+02 -1.279922689086168946e-03 -1.279922689086168946e-03
2.450000000000000000e+02 -1.414131814046048347e-03 -1.414131814046048347e-03
2.460000000000000000e+02 -1.391694095588194005e-03 -1.391694095588194005e-03
2.470000000000000000e+02 -1.352378496681383956e-03 -1.352378496681383956e-03
2.480000000000000000e+02 -1.361126400367100413e-03 -1.361126400367100413e-03
2.490000000000000000e+02 -1.314749418958060341e-03 -1.314749418958060341e-03
2.500000000000000000e+02 -1.288251620070631149e-03 -1.288251620070631149e-03
2.510000000000000000e+02 -1.277863743809394895e-03 -1.277863743809394895e-03
2.520000000000000000e+02 -1.293921498888353332e-03 -1.293921498888353332e-03
2.530000000000000000e+02 -1.202554160538085639e-03 -1.202554160538085639e-03
2.540000000000000000e+02 -1.264286915662197206e-03 -1.264286915662197206e-03
2.550000000000000000e+02 -1.214816009686446163e-03 -1.214816009686446163e-03
2.560000000000000000e+02 -1.124503941700886545e-03 -1.124503941700886545e-03
2.570000000000000000e+02 -1.196551508847939604e-03 -1.196551508847939604e-03
2.580000000000000000e+02 -1.244602319361045022e-03 -1.244602319361045022e-03
2.590000000000000000e+02 -1.224647059479427175e-03 -1.224647059479427175e-03
2.600000000000000000e+02 -1.210380635431352551e-03 -1.210380635431352551e-03
2.610000000000000000e+02 -1.277897610942794462e-03 -1.277897610942794462e-03
2.620000000000000000e+02 -1.292144248883398327e-03 -1.292144248883398327e-03
2.630000000000000000e+02 -1.189825822330953155e-03 -1.189825822330953155e-03
2.640000000000000000e+02 -1.276944452031923520e-03 -1.276944452031923520e-03
2.650000000000000000e+02 -1.200842476094201965e-03 -1.200842476094201965e-03
2.660000000000000000e+02 -1.257088973853196824e-03 -1.257088973853196824e-03
2.670000000000000000e+02 -1.256476995899190882e-03 -1.256476995899190882e-03
2.680000000000000000e+02 -1.180711784208963912e-03 -1.180711784208963912e-03
2.690000000000000000e+02 -1.183314782543070254e-03 -1.183314782543070254e-03
2.700000000000000000e+02 -1.135447368583795144e-03 -1.135447368583795144e-03
2.710000000000000000e+02 -1.126458643193520032e-03 -1.126458643193520032e-03
2.720000000000000000e+02 -1.111792566422639380e-03 -1.111792566422639380e-03
2.730000000000000000e+02 -1.131248431870846222e-03 -1.131248431870846222e-03
2.740000000000000000e+02 -1.077382147832532883e-03 -1.077382147832532883e-03
2.750000000000000000e+02 -1.057254749202713633e-03 -1.057254749202713633e-03
2.760000000000000000e+02 -1.020186118283982835e-03 -1.020186118283982835e-03
2.770000000000000000e+02 -9.876936720041283330e-04 -9.876936720041283330e-04
2.780000000000000000e+02 -1.029318911720082013e-03 -1.029318911720082013e-03
2.790000000000000000e+02 -1.029022220158774771e-03 -1.029022220158774771e-03
2.800000000000000000e+02 -8.806755900143376599e-04 -8.806755900143376599e-04
2.810000000000000000e+02 -9.367702316065247212e-04 -9.367702316065247212e-04
2.820000000000000000e+02 -9.217081256152328747e-04 -9.217081256152328747e-04
2.830000000000000000e+02 -8.705670155601983543e-04 -8.705670155601983543e-04
2.840000000000000000e+02 -8.647143213852462578e-04 -8.647143213852462578e-04
2.850000000000000000e+02 -7.903925910405895216e-04 -7.903925910405895216e-04
2.860000000000000000e+02 -7.878978882779982167e-04 -7.878978882779982167e-04
2.870000000000000000e+02 -7.548233167009576203e-04 -7.548233167009576203e-04
2.880000000000000000e+02 -6.650372942842708301e-04 -6.650372942842708301e-04
2.890000000000000000e+02 -7.165293781061367155e-04 -7.165293781061367155e-04
2.900000000000000000e+02 -6.323208793987001447e-04 -6.323208793987001447e-04
2.910000000000000000e+02 -6.572592456367314312e-04 -6.572592456367314312e-04
2.920000000000000000e+02 -6.151021417616477430e-04 -6.151021417616477430e-04
2.930000000000000000e+02 -5.759200835131871987e-04 -5.759200835131871987e-04
2.940000000000000000e+02 -6.363463731262077559e-04 -6.363463731262077559e-04
2.950000000000000000e+02 -5.595146981489301568e-04 -5.595146981489301568e-04
2.960000000000000000e+02 -5.566268313155958497e-04 -5.566268313155958497e-04
2.970000000000000000e+02 -4.232623511452399340e-04 -4.232623511452399340e-04
2.980000000000000000e+02 -5.571175339326620663e-04 -5.571175339326620663e-04
2.990000000000000000e+02 -5.118224537118300351e-04 -5.118224537118300351e-04
3.000000000000000000e+02 -5.033828541665336456e-04 -5.033828541665336456e-04
3.010000000000000000e+02 -5.180584278493947535e-04 -5.180584278493947535e-04
3.020000000000000000e+02 -5.073086480860614219e-04 -5.073086480860614219e-04
3.030000000000000000e+02 -5.716646937508805754e-04 -5.716646937508805754e-04
3.040000000000000000e+02 -4.993126114316928394e-04 -4.993126114316928394e-04
3.050000000000000000e+02 -5.031422057784235317e-04 -5.031422057784235317e-04
3.060000000000000000e+02 -5.462594512726325459e-04 -5.462594512726325459e-04
3.070000000000000000e+02 -5.320030279369232507e-04 -5.320030279369232507e-04
3.080000000000000000e+02 -5.527694543963930637e-04 -5.527694543963930637e-04
3.090000000000000000e+02 -4.584440524816692014e-04 -4.584440524816692014e-04
3.100000000000000000e+02 -5.804107190859566405e-04 -5.804107190859566405e-04
3.110000000000000000e+02 -4.932219162748197570e-04 -4.932219162748197570e-04
3.120000000000000000e+02 -5.530885594292899755e-04 -5.530885594292899755e-04
3.130000000000000000e+02 -5.090954212166800153e-04 -5.090954212166800153e-04
3.140000000000000000e+02 -4.433185131409614712e-04 -4.433185131409614712e-04
3.150000000000000000e+02 -4.746254824882899389e-04 -4.746254824882899389e-04
3.160000000000000000e+02 -4.748161946687957610e-04 -4.748161946687957610e-04
3.170000000000000000e+02 -3.768905053958641069e-04 -3.768905053958641069e-04
3.180000000000000000e+02 -4.548462069016999442e-04 -4.548462069016999442e-04
3.190000000000000000e+02 -4.015107552192748088e-04 -4.015107552192748088e-04
3.200000000000000000e+02 -4.583751316230193565e-04 -4.583751316230193565e-04
3.210000000000000000e+02 -4.699524691316223730e-04 -4.699524691316223730e-04
3.220000000000000000e+02 -4.761402605629612406e-04 -4.761402605629612406e-04
3.230000000000000000e+02 -4.371818300850385483e-04 -4.371818300850385483e-04
3.240000000000000000e+02 -3.473332617694107976e-04 -3.473332617694107976e-04
3.250000000000000000e+02 -4.069324725703718179e-04 -4.069324725703718179e-04
3.260000000000000000e+02 -3.084719082163755815e-04 -3.084719082163755815e-04
3.270000000000000000e+02 -3.987810773440068120e-04 -3.987810773440068120e-04
3.280000000000000000e+02 -2.356468965179282543e-04 -2.356468965179282543e-04
3.290000000000000000e+02 -2.513835391071844467e-04 -2.513835391071844467e-04
3.300000000000000000e+02 -2.727604635694997736e-04 -2.727604635694997736e-04
3.310000000000000000e+02 -2.780509173296572315e-04 -2.780509173296572315e-04
3.320000000000000000e+02 -2.531350902828748530e-04 -2.531350902828748530e-04
3.330000000000000000e+02 -2.688921362717835301e-04 -2.688921362717835301e-04
3.340000000000000000e+02 -2.658198957564404685e-04 -2.658198957564404685e-04
3.350000000000000000e+02 -2.473183857584719926e-04 -2.473183857584719926e-04
3.360000000000000000e+02 -2.277190884959216972e-04 -2.277190884959216972e-04
3.370000000000000000e+02 -1.596660466944173069e-04 -1.596660466944173069e-04
3.380000000000000000e+02 -1.822713663443108613e-04 -1.822713663443108613e-04
3.390000000000000000e+02 -1.529775318438607497e-04 -1.529775318438607497e-04
3.400000000000000000e+02 -1.953123226536109718e-04 -1.953123226536109718e-04
3.410000000000000000e+02 -1.306589132424285061e-04 -1.306589132424285061e-04
3.420000000000000000e+02 -1.650219616100996307e-04 -1.650219616100996307e-04
3.430000000000000000e+02 -1.539265670020169014e-04 -1.539265670020169014e-04
3.440000000000000000e+02 -1.807532573321154372e-04 -1.807532573321154372e-04
3.450000000000000000e+02 -1.101683891100663177e-04 -1.101683891100663177e-04
3.460000000000000000e+02 -1.566483614018587790e-04 -1.566483614018587790e-04
3.470000000000000000e+02 -1.468237551890266834e-04 -1.468237551890266834e-04
3.480000000000000000e+02 -1.176387688568887330e-04 -1.176387688568887330e-04
3.490000000000000000e+02 -5.842980280545207242e-05 -5.842980280545207242e-05
3.500000000000000000e+02 -1.575195870353300761e-04 -1.575195870353300761e-04
3.510000000000000000e+02 -3.248992013418305989e-05 -3.248992013418305989e-05
3.520000000000000000e+02 -5.331328512885680031e-05 -5.331328512885680031e-05
3.530000000000000000e+02 -6.634686752702367927e-05 -6.634686752702367927e-05
3.540000000000000000e+02 -6.337381100908468217e-05 -6.337381100908468217e-05
3.550000000000000000e+02 -1.030219835262191549e-05 -1.030219835262191549e-05
3.560000000000000000e+02 -3.558870563557614639e-05 -3.558870563557614639e-05
3.570000000000000000e+02 -6.825783771446570125e-05 -6.825783771446570125e-05
3.580000000000000000e+02 -9.695076038396476897e-06 -9.695076038396476897e-06
3.590000000000000000e+02 -4.554444092921883290e-05 -4.554444092921883290e-05
3.600000000000000000e+02 3.984935363019648003e-05 3.984935363019648003e-05
3.610000000000000000e+02 -4.549807750309220435e-08 -4.549807750309220435e-08
3.620000000000000000e+02 3.089790353365062743e-05 3.089790353365062743e-05
3.630000000000000000e+02 4.523449481146446738e-05 4.523449481146446738e-05
3.640000000000000000e+02 5.914445972356852072e-05 5.914445972356852072e-05
3.650000000000000000e+02 7.103042649146896126e-05 7.103042649146896126e-05
3.660000000000000000e+02 1.339393073863655130e-04 1.339393073863655130e-04
3.670000000000000000e+02 3.358799117972588309e-05 3.358799117972588309e-05
3.680000000000000000e+02 1.523785815110285631e-04 1.523785815110285631e-04
3.690000000000000000e+02 1.675727298304591163e-04 1.675727298304591163e-04
3.700000000000000000e+02 1.871984801149011429e-04 1.871984801149011429e-04
3.710000000000000000e+02 1.519052066206499820e-04 1.519052066206499820e-04
3.720000000000000000e+02 1.298232434358546114e-04 1.298232434358546114e-04
3.730000000000000000e+02 1.981062611746183943e-04 1.981062611746183943e-04
3.740000000000000000e+02 1.833863058817940511e-04 1.833863058817940511e-04
3.750000000000000000e+02 2.518745017932138273e-04 2.518745017932138273e-04
3.760000000000000000e+02 1.986144089347000464e-04 1.986144089347000464e-04
3.770000000000000000e+02 2.680064470623365813e-04 2.680064470623365813e-04
3.780000000000000000e+02 2.402112112887020508e-04 2.402112112887020508e-04
3.790000000000000000e+02 2.263744548259474375e-04 2.263744548259474375e-04
3.800000000000000000e+02 2.868234045074657870e-04 2.868234045074657870e-04
3.810000000000000000e+02 2.579033601647929825e-04 2.579033601647929825e-04
3.820000000000000000e+02 2.662366797421280803e-04 2.662366797421280803e-04
3.830000000000000000e+02 3.233538508672417549e-04 3.233538508672417549e-04
3.840000000000000000e+02 3.045266413794706973e-04 3.045266413794706973e-04
3.850000000000000000e+02 1.915531423756147028e-04 1.915531423756147028e-04
3.860000000000000000e+02 2.275701873431382812e-04 2.275701873431382812e-04
3.870000000000000000e+02 2.905032679899336367e-04 2.905032679899336367e-04
3.880000000000000000e+02 3.036093215079294235e-04 3.036093215079294235e-04
3.890000000000000000e+02 4.248748956051372509e-04 4.248748956051372509e-04
3.900000000000000000e+02 2.606353732651863929e-04 2.606353732651863929e-04
3.910000000000000000e+02 3.243361238644578543e-04 3.243361238644578543e-04
3.920000000000000000e+02 3.700553506306775348e-04 3.700553506306775348e-04
3.930000000000000000e+02 4.771615631368095710e-04 4.771615631368095710e-04
3.940000000000000000e+02 4.153820858689840712e-04 4.153820858689840712e-04
3.950000000000000000e+02 3.865753196762941211e-04 3.865753196762941211e-04
3.960000000000000000e+02 4.031502082000949284e-04 4.031502082000949284e-04
3.970000000000000000e+02 4.607856000426131587e-04 4.607856000426131587e-04
3.980000000000000000e+02 4.555421623176151560e-04 4.555421623176151560e-04
3.990000000000000000e+02 4.990090091663281976e-04 4.990090091663281976e-04
4.000000000000000000e+02 4.119745862960505641e-04 4.119745862960505641e-04
4.010000000000000000e+02 4.798256428272888166e-04 4.798256428272888166e-04
4.020000000000000000e+02 4.141266889339167089e-04 4.141266889339167089e-04
4.030000000000000000e+02 4.520802487474299297e-04 4.520802487474299297e-04
4.040000000000000000e+02 4.288216699720383165e-04 4.288216699720383165e-04
4.050000000000000000e+02 4.865606304267766765e-04 4.865606304267766765e-04
4.060000000000000000e+02 4.218886324464697982e-04 4.218886324464697982e-04
4.070000000000000000e+02 4.140720638836343603e-04 4.140720638836343603e-04
4.080000000000000000e+02 4.718554018295710020e-04 4.718554018295710020e-04
4.090000000000000000e+02 4.666886424978692401e-04 4.666886424978692401e-04
4.100000000000000000e+02 4.320771881913844088e-04 4.320771881913844088e-04
4.110000000000000000e+02 4.566278914333613491e-04 4.566278914333613491e-04
4.120000000000000000e+02 4.395045974449992470e-04 4.395045974449992470e-04
4.130000000000000000e+02 4.700131171695909522e-04 4.700131171695909522e-04
4.140000000000000000e+02 4.380618321410828259e-04 4.380618321410828259e-04
4.150000000000000000e+02 4.313429401898345467e-04 4.313429401898345467e-04
4.160000000000000000e+02 4.582355045890395846e-04 4.582355045890395846e-04
4.170000000000000000e+02 3.233321602605814036e-04 3.233321602605814036e-04
4.180000000000000000e+02 4.187040387058308527e-04 4.187040387058308527e-04
4.190000000000000000e+02 4.012366624273174995e-04 4.012366624273174995e-04
4.200000000000000000e+02 2.923096242704769287e-04 2.923096242704769287e-04
4.210000000000000000e+02 2.950567839740583353e-04 2.950567839740583353e-04
4.220000000000000000e+02 3.889445016927397690e-04 3.889445016927397690e-04
4.230000000000000000e+02 3.352597736071754133e-04 3.352597736071754133e-04
4.240000000000000000e+02 3.606505169713641662e-04 3.606505169713641662e-04
4.250000000000000000e+02 3.408290922189755241e-04 3.408290922189755241e-04
4.260000000000000000e+02 2.707790010071491342e-04 2.707790010071491342e-04
4.270000000000000000e+02 2.595670311914487736e-04 2.595670311914487736e-04
4.280000000000000000e+02 2.091622991548221038e-04 2.091622991548221038e-04
4.290000000000000000e+02 3.098072531318196471e-04 3.098072531318196471e-04
4.300000000000000000e+02 2.263784580195974349e-04 2.263784580195974349e-04
4.310000000000000000e+02 2.155047941432618544e-04 2.155047941432618544e-04
4.320000000000000000e+02 1.935208501362732853e-04 1.935208501362732853e-04
4.330000000000000000e+02 1.528795195955213646e-04 1.528795195955213646e-04
4.340000000000000000e+02 2.047088228255914408e-04 2.047088228255914408e-04
4.350000000000000000e+02 2.078106035838095378e-04 2.078106035838095378e-04
4.360000000000000000e+02 1.749075277890966857e-04 1.749075277890966857e-04
4.370000000000000000e+02 8.089560840744047983e-05 8.089560840744047983e-05
4.380000000000000000e+02 1.970242707562259684e-04 1.970242707562259684e-04
4.390000000000000000e+02 7.695474273349734069e-05 7.695474273349734069e-05
4.400000000000000000e+02 1.010330352935994162e-04 1.010330352935994162e-04
4.410000000000000000e+02 9.334893641013630933e-05 9.334893641013630933e-05
4.420000000000000000e+02 7.053474992379038327e-05 7.053474992379038327e-05
4.430000000000000000e+02 7.084036405139026321e-05 7.084036405139026321e-05
4.440000000000000000e+02 5.340703923035939081e-05 5.340703923035939081e-05
4.450000000000000000e+02 6.873006437482575637e-05 6.873006437482575637e-05
4.460000000000000000e+02 4.967551051143415304e-05 4.967551051143415304e-05
4.470000000000000000e+02 -3.841875024051277809e-05 -3.841875024051277809e-05
4.480000000000000000e+02 2.033618763234768101e-05 2.033618763234768101e-05
4.490000000000000000e+02 6.114576123754467758e-05 6.114576123754467758e-05
4.500000000000000000e+02 -1.562745757658001781e-05 -1.562745757658001781e-05
4.510000000000000000e+02 -1.206892099790904941e-04 -1.206892099790904941e-04
4.520000000000000000e+02 -8.655379564921850339e-05 -8.655379564921850339e-05
4.530000000000000000e+02 -1.277974758505687702e-04 -1.277974758505687702e-04
4.540000000000000000e+02 -8.512032679125036260e-05 -8.512032679125036260e-05
4.550000000000000000e+02 -1.601482939140269721e-04 -1.601482939140269721e-04
4.560000000000000000e+02 -1.880608890710194813e-04 -1.880608890710194813e-04
4.570000000000000000e+02 -1.407064329755589613e-04 -1.407064329755589613e-04
4.580000000000000000e+02 -1.896260412898006565e-04 -1.896260412898006565e-04
4.590000000000000000e+02 -1.905893071906978882e-04 -1.905893071906978882e-04
4.600000000000000000e+02 -3.567828492153026659e-04 -3.567828492153026659e-04
4.610000000000000000e+02 -3.135009734919848084e-04 -3.135009734919848084e-04
4.620000000000000000e+02 -3.204912965594454086e-04 -3.204912965594454086e-04
4.630000000000000000e+02 -2.711137505873063565e-04 -2.711137505873063565e-04
4.640000000000000000e+02 -2.771543906221368464e-04 -2.771543906221368464e-04
4.650000000000000000e+02 -3.839153170276735625e-04 -3.839153170276735625e-04
4.660000000000000000e+02 -2.885747165342533640e-04 -2.885747165342533640e-04
4.670000000000000000e+02 -4.316089991837342783e-04 -4.316089991837342783e-04
4.680000000000000000e+02 -4.107539668274215916e-04 -4.107539668274215916e-04
4.690000000000000000e+02 -4.066102645271642908e-04 -4.066102645271642908e-04
4.700000000000000000e+02 -4.914172037873927373e-04 -4.914172037873927373e-04
4.710000000000000000e+02 -5.429090939468746418e-04 -5.429090939468746418e-04
4.720000000000000000e+02 -4.730348339787414781e-04 -4.730348339787414781e-04
4.730000000000000000e+02 -5.104829640320272029e-04 -5.104829640320272029e-04
4.740000000000000000e+02 -5.903516210294261534e-04 -5.903516210294261534e-04
4.750000000000000000e+02 -5.970395732880749446e-04 -5.970395732880749446e-04
4.760000000000000000e+02 -7.063295402745077556e-04 -7.063295402745077556e-04
4.770000000000000000e+02 -6.091287291108565555e-04 -6.091287291108565555e-04
4.780000000000000000e+02 -6.575150613466646280e-04 -6.575150613466646280e-04
4.790000000000000000e+02 -7.241313189510834632e-04 -7.241313189510834632e-04
4.800000000000000000e+02 -7.257343174807658667e-04 -7.257343174807658667e-04
4.810000000000000000e+02 -7.966146345792838278e-04 -7.966146345792838278e-04
4.820000000000000000e+02 -7.647246964381774646e-04 -7.647246964381774646e-04
4.830000000000000000e+02 -7.429362258772315543e-04 -7.429362258772315543e-04
4.840000000000000000e+02 -8.090454083581247570e-04 -8.090454083581247570e-04
4.850000000000000000e+02 -8.425264378215660196e-04 -8.425264378215660196e-04
4.860000000000000000e+02 -8.483147553362989021e-04 -8.483147553362989021e-04
4.870000000000000000e+02 -8.535919475452052830e-04 -8.535919475452052830e-04
4.880000000000000000e+02 -8.959724254701860804e-04 -8.959724254701860804e-04
4.890000000000000000e+02 -9.074887962197725373e-04 -9.074887962197725373e-04
4.900000000000000000e+02 -8.987365038107532301e-04 -8.987365038107532301e-04
4.910000000000000000e+02 -8.987327722177347036e-04 -8.987327722177347036e-04
4.920000000000000000e+02 -7.943214676135044094e-04 -7.943214676135044094e-04
4.930000000000000000e+02 -9.035603725371456384e-04 -9.035603725371456384e-04
4.940000000000000000e+02 -9.554578168832308146e-04 -9.554578168832308146e-04
4.950000000000000000e+02 -9.345415683609171369e-04 -9.345415683609171369e-04
4.960000000000000000e+02 -9.464825335710583308e-04 -9.464825335710583308e-04
4.970000000000000000e+02 -9.446150812874794548e-04 -9.446150812874794548e-04
4.980000000000000000e+02 -1.016131892729453491e-03 -1.016131892729453491e-03
4.990000000000000000e+02 -9.629388530027163011e-04 -9.629388530027163011e-04
5.000000000000000000e+02 -9.152781121122655983e-04 -9.152781121122655983e-04
