# delays[ps] pumped_signal, blocked_signal, pumped_reference, blocked_reference
-2.000000000000000000e+01 5.188993015007103971e+00 5.184285406573887478e+00 6.109276140750512951e+00 6.105998951387194396e+00
-1.800000000000000000e+01 5.187128964994035307e+00 5.180978114085241337e+00 6.108001859025257829e+00 6.103037023920131254e+00
-1.600000000000000000e+01 5.193010113321666843e+00 5.188788976905384764e+00 6.114322652650302281e+00 6.111767606014305798e+00
-1.400000000000000000e+01 5.193134393525507875e+00 5.189217314513570045e+00 6.115247151976362261e+00 6.112883815693094469e+00
-1.200000000000000000e+01 5.186457995638710017e+00 5.191990964122976671e+00 6.106502482251701558e+00 6.114863018575575460e+00
-1.000000000000000000e+01 5.188776246288639982e+00 5.188897480418468433e+00 6.108550477004607515e+00 6.110713617210275395e+00
-8.000000000000000000e+00 5.194263087394857870e+00 5.193246103025606963e+00 6.114182352816284194e+00 6.114907463008632860e+00
-6.000000000000000000e+00 5.188740127940582703e+00 5.189117535797862502e+00 6.108051426035670417e+00 6.110626575270616812e+00
-4.000000000000000000e+00 5.180674781351757296e+00 5.180649077439543504e+00 6.098534002973127421e+00 6.100528266078894646e+00
-2.000000000000000000e+00 5.176187546364000802e+00 5.176766346567744925e+00 6.093023599192877171e+00 6.095652475735866105e+00
-1.000000000000000000e+00 5.167765932668483941e+00 5.167867711628945315e+00 6.083837136273660740e+00 6.085701511462508151e+00
-9.000000000000000222e-01 5.190030261599911654e+00 5.185813127827295865e+00 6.110699446258140988e+00 6.107859240028785663e+00
-8.000000000000000444e-01 5.182612501418337736e+00 5.180639467972548928e+00 6.101352425779122512e+00 6.100985190586896145e+00
-6.999999999999999556e-01 5.185093149222531395e+00 5.187679499700381669e+00 6.102963594629041921e+00 6.107835938089341887e+00
-5.999999999999999778e-01 5.179203434488166558e+00 5.174409583128063872e+00 6.096966478955630819e+00 6.093406215221684796e+00
-5.000000000000000000e-01 5.181305553220058258e+00 5.180651638869575137e+00 6.098932870864092415e+00 6.099530573214195783e+00
-4.000000000000000222e-01 5.175906072749729248e+00 5.175843212319853670e+00 6.093506148170652281e+00 6.094001431240365640e+00
-2.999999999999999889e-01 5.167988469930779871e+00 5.180103507714415301e+00 6.086399152134209345e+00 6.098664451372564521e+00
-2.000000000000000111e-01 5.171679970855765696e+00 5.171284788309185920e+00 6.092207363254793506e+00 6.089013776177629289e+00
-1.000000000000000056e-01 5.189101199833822342e+00 5.187951043029277898e+00 6.112143732034055255e+00 6.107420893589277533e+00
0.000000000000000000e+00 5.174974289498663005e+00 5.179181173779270786e+00 6.096352520453566903e+00 6.097712006141289720e+00
1.000000000000000056e-01 5.173572688714854095e+00 5.172217773014918585e+00 6.094450748562807441e+00 6.089716859245785763e+00
2.000000000000000111e-01 5.164542725524374767e+00 5.166661261179304354e+00 6.083940758669791116e+00 6.083387419509184824e+00
2.999999999999999889e-01 5.166719237310778645e+00 5.171591325964967290e+00 6.086484353796826063e+00 6.089395828273038269e+00
4.000000000000000222e-01 5.177209657841475021e+00 5.175146376003443294e+00 6.098731954985934678e+00 6.093026402036217704e+00
5.000000000000000000e-01 5.164282874441835425e+00 5.167940181954493006e+00 6.083454607162972927e+00 6.084627906265672515e+00
5.999999999999999778e-01 5.172320672931762786e+00 5.174851769350744313e+00 6.092179096098518265e+00 6.092060580813913440e+00
6.999999999999999556e-01 5.173577733817920965e+00 5.175149818744972485e+00 6.093201132461412151e+00 6.092049290053653365e+00
8.000000000000000444e-01 5.168301253860493993e+00 5.172398669951979500e+00 6.087086061435539541e+00 6.088864752036640127e+00
9.000000000000000222e-01 5.191770029424624511e+00 5.190360742837241581e+00 6.113253691515496691e+00 6.108522207516588587e+00
1.000000000000000000e+00 5.184798464150017772e+00 5.185254185465124621e+00 6.105838154273590668e+00 6.103080988772920712e+00
1.100000000000000089e+00 5.177490331224403164e+00 5.185504268131428063e+00 6.096922114825554573e+00 6.103113340174999735e+00
1.199999999999999956e+00 5.175442824963076838e+00 5.173288972784337858e+00 6.094568545162085016e+00 6.089003204946251913e+00
1.300000000000000044e+00 5.173899324833564961e+00 5.176276593584749008e+00 6.092103262040994061e+00 6.091925651682635667e+00
1.399999999999999911e+00 5.177277405376654151e+00 5.175672006561306659e+00 6.094955561835104341e+00 6.090317285627058652e+00
1.500000000000000000e+00 5.177973039106149145e+00 5.172696077681904647e+00 6.096658897650784503e+00 6.087699776583278322e+00
1.600000000000000089e+00 5.176230148371632644e+00 5.177528687468490709e+00 6.093692731481802127e+00 6.092440791015190982e+00
1.699999999999999956e+00 5.172099418945946603e+00 5.177064716251059018e+00 6.090355482160333622e+00 6.092931587368947355e+00
1.800000000000000044e+00 5.175305089348833043e+00 5.180889228468964269e+00 6.094479335257904751e+00 6.097911715858540305e+00
1.899999999999999911e+00 5.177357161695898213e+00 5.176960135568823063e+00 6.096062077157545112e+00 6.092835815348403905e+00
2.000000000000000000e+00 5.167100407624087843e+00 5.173649403106006517e+00 6.083325119239956891e+00 6.088294595969975020e+00
3.000000000000000000e+00 5.170427715490135689e+00 5.174404056048313549e+00 6.088549082074587560e+00 6.089779962787806866e+00
4.000000000000000000e+00 5.176895993541901220e+00 5.175525463322430575e+00 6.095816317034064902e+00 6.091507402550738526e+00
5.000000000000000000e+00 5.175945312252408392e+00 5.187713772656417532e+00 6.094142850144384838e+00 6.104954892901061747e+00
6.000000000000000000e+00 5.184433150494322184e+00 5.187189664584408000e+00 6.103459440091064891e+00 6.104116637940092183e+00
7.000000000000000000e+00 5.175702677025536325e+00 5.186272454432168999e+00 6.093267758754555175e+00 6.102750348026201976e+00
8.000000000000000000e+00 5.187242434698251081e+00 5.186966327642863916e+00 6.107087608276791535e+00 6.104285602287287560e+00
9.000000000000000000e+00 5.185295827165439242e+00 5.184467181910733302e+00 6.104639227622963737e+00 6.100962527044664796e+00
1.000000000000000000e+01 5.185494898989110979e+00 5.191412964853232559e+00 6.103507724027900316e+00 6.107477591798440741e+00
1.100000000000000000e+01 5.185338986174923726e+00 5.186139202938604420e+00 6.104074513420828296e+00 6.101881178570240927e+00
1.200000000000000000e+01 5.175434094994998624e+00 5.181297065411026637e+00 6.092871050532103538e+00 6.096127981286128872e+00
1.300000000000000000e+01 5.190885091077078073e+00 5.190218202926312863e+00 6.111818455181930787e+00 6.106873480073561566e+00
1.400000000000000000e+01 5.184108117937276106e+00 5.184790616401456553e+00 6.104140507869869836e+00 6.099950823098252428e+00
1.500000000000000000e+01 5.188951775760643592e+00 5.192171136014859911e+00 6.110301540260535624e+00 6.108799030826387089e+00
1.600000000000000000e+01 5.183708285291769080e+00 5.189400611068360369e+00 6.104452404037421509e+00 6.105413101100100270e+00
1.700000000000000000e+01 5.187241794932828221e+00 5.190857624544563897e+00 6.108291501643304144e+00 6.106542439475797224e+00
1.800000000000000000e+01 5.186461037140137620e+00 5.198726381241703720e+00 6.107132132993366547e+00 6.115508446830087763e+00
1.900000000000000000e+01 5.191175531976383262e+00 5.199008814112605847e+00 6.113307823471836322e+00 6.116037119472101935e+00
2.000000000000000000e+01 5.183986314529540174e+00 5.188987729353620182e+00 6.105462746679281238e+00 6.104746530662906956e+00
2.100000000000000000e+01 5.191694997601134176e+00 5.195681425434522716e+00 6.114447735436175257e+00 6.112654708079539922e+00
2.200000000000000000e+01 5.187600783091408374e+00 5.194464164762730540e+00 6.109310252969065935e+00 6.111044181514110996e+00
2.300000000000000000e+01 5.188400758697798487e+00 5.192182912035781861e+00 6.110158677632361091e+00 6.108742743205570314e+00
2.400000000000000000e+01 5.191467496886092547e+00 5.194905231823214287e+00 6.112961408724694401e+00 6.111694573010525211e+00
2.500000000000000000e+01 5.190659190849093996e+00 5.193220637175459231e+00 6.111405411525349329e+00 6.109297760435232760e+00
2.600000000000000000e+01 5.187548895089196144e+00 5.193025247202753825e+00 6.107887031261582500e+00 6.109211756111488256e+00
2.700000000000000000e+01 5.189650611799797808e+00 5.191095453961192874e+00 6.110591338837465081e+00 6.107483513297822242e+00
2.800000000000000000e+01 5.193691974552834267e+00 5.198420963562003116e+00 6.114599321166328316e+00 6.115436694953316099e+00
2.900000000000000000e+01 5.193725606520525950e+00 5.193525576256265097e+00 6.114713030711494746e+00 6.110014222744902135e+00
3.000000000000000000e+01 5.195086048331446271e+00 5.199305424204990089e+00 6.115625521298144740e+00 6.116020466838296699e+00
3.100000000000000000e+01 5.193278694327957190e+00 5.200237769113447150e+00 6.113118120554314139e+00 6.117070128564929377e+00
3.200000000000000000e+01 5.192637832103166318e+00 5.193342435318744066e+00 6.112054284647999935e+00 6.109016126030794247e+00
3.300000000000000000e+01 5.200512114237628047e+00 5.204574376122423907e+00 6.120500906618141279e+00 6.121021972440768621e+00
3.400000000000000000e+01 5.197205945501710112e+00 5.202258048800436185e+00 6.116510221882009546e+00 6.118325268638693082e+00
3.500000000000000000e+01 5.194326431372980224e+00 5.201600289226529839e+00 6.113502414926920814e+00 6.117604965581020515e+00
3.600000000000000000e+01 5.186471929303130501e+00 5.199240639824215471e+00 6.103985152263429192e+00 6.114943495960807773e+00
3.700000000000000000e+01 5.183618358410571503e+00 5.186004834014334541e+00 6.101260097224445289e+00 6.100433851957363096e+00
3.800000000000000000e+01 5.188010221006134515e+00 5.188502216606020845e+00 6.105278328887543182e+00 6.102552632626975893e+00
3.900000000000000000e+01 5.183419125003465133e+00 5.192531809360994899e+00 6.100553168972671081e+00 6.107322959059462875e+00
4.000000000000000000e+01 5.194315699432743294e+00 5.195423415211259055e+00 6.112935861053782283e+00 6.110621449084792545e+00
4.100000000000000000e+01 5.189830385256565926e+00 5.193334427503528694e+00 6.108699895953827230e+00 6.108498261910686900e+00
4.200000000000000000e+01 5.189527133039273821e+00 5.190859305904124810e+00 6.106762893641965562e+00 6.104944723750008073e+00
4.300000000000000000e+01 5.189264798870029338e+00 5.197175036366452616e+00 6.106003114809741561e+00 6.112127556955637253e+00
4.400000000000000000e+01 5.198123957102527726e+00 5.202356464050930107e+00 6.116607677841075841e+00 6.118336158795398383e+00
4.500000000000000000e+01 5.195643708493406621e+00 5.202535758333280747e+00 6.113697722838486115e+00 6.118469969513207651e+00
4.600000000000000000e+01 5.192347469596817255e+00 5.194187015765718840e+00 6.110191350075057315e+00 6.109288472284719163e+00
4.700000000000000000e+01 5.195050013562962476e+00 5.200714791090575773e+00 6.113346503037300650e+00 6.116583333081674567e+00
4.800000000000000000e+01 5.197085107199369780e+00 5.197894132633821052e+00 6.115417076159742393e+00 6.113459570921820685e+00
4.900000000000000000e+01 5.195737240589678230e+00 5.198098813633288628e+00 6.112091120935467359e+00 6.111816214805379843e+00
5.000000000000000000e+01 5.195739320937531325e+00 5.197909027142865845e+00 6.111506709455517772e+00 6.111448733596104965e+00
5.100000000000000000e+01 5.192052062674510360e+00 5.199309825904744109e+00 6.108101074885473381e+00 6.113894072770110100e+00
5.200000000000000000e+01 5.186311851483677238e+00 5.181992939938941944e+00 6.102140072140350036e+00 6.094773381431801695e+00
5.300000000000000000e+01 5.184393992814827712e+00 5.188577332268099696e+00 6.098646755836012900e+00 6.101576246628932054e+00
5.400000000000000000e+01 5.186663714001233494e+00 5.184021629504728779e+00 6.101896076201242636e+00 6.096336664143653827e+00
5.500000000000000000e+01 5.189915029363028509e+00 5.193273648783678809e+00 6.105512075822878693e+00 6.106944189470967288e+00
5.600000000000000000e+01 5.205731819339384003e+00 5.204213787174522210e+00 6.123110565341436384e+00 6.119258657500998844e+00
5.700000000000000000e+01 5.199080485672119778e+00 5.200431235476671077e+00 6.115126155892852466e+00 6.114953586082363834e+00
5.800000000000000000e+01 5.195682385031592965e+00 5.199733678418875904e+00 6.111674872073392883e+00 6.114350358632952620e+00
5.900000000000000000e+01 5.197913830965764426e+00 5.191646309660292502e+00 6.114055750027023173e+00 6.104959778279793525e+00
6.000000000000000000e+01 5.189418387345854811e+00 5.188650283776286898e+00 6.104826048050203013e+00 6.101885829039309428e+00
6.100000000000000000e+01 5.192777967746627255e+00 5.198109380852470984e+00 6.107751375244826697e+00 6.112339279232474887e+00
6.200000000000000000e+01 5.209948073943152735e+00 5.210112070887118918e+00 6.126739541817524781e+00 6.125432746238312909e+00
6.300000000000000000e+01 5.194758930531516050e+00 5.196083575390470166e+00 6.109736507936386118e+00 6.109808737126529721e+00
6.400000000000000000e+01 5.192282367765571394e+00 5.197805166830917756e+00 6.107800144457127267e+00 6.112763374210415712e+00
6.500000000000000000e+01 5.205975576422275708e+00 5.200274362633794389e+00 6.121731703854109696e+00 6.113792054247673136e+00
6.600000000000000000e+01 5.207127095463699895e+00 5.210053774319657549e+00 6.122605036153248470e+00 6.124804054180781776e+00
6.700000000000000000e+01 5.196684079742151852e+00 5.199843385099591764e+00 6.111622104788622778e+00 6.113953332531564477e+00
6.800000000000000000e+01 5.201642409774138720e+00 5.206078317132657673e+00 6.117771687390062496e+00 6.121203831607096468e+00
6.900000000000000000e+01 5.212205863439641540e+00 5.214028433019543662e+00 6.129702983756864398e+00 6.130523303342687136e+00
7.000000000000000000e+01 5.211962427660592923e+00 5.213713727913724227e+00 6.129067646131636238e+00 6.129613698377990971e+00
7.100000000000000000e+01 5.209207433605264725e+00 5.210874972307309783e+00 6.125331448773778220e+00 6.125647917170295997e+00
7.200000000000000000e+01 5.211938243830797290e+00 5.214621728358145525e+00 6.128639628870550915e+00 6.130449870897786369e+00
7.300000000000000000e+01 5.211313156879856301e+00 5.220805010525839229e+00 6.128104467432795133e+00 6.137188752432647831e+00
7.400000000000000000e+01 5.200230564905507613e+00 5.199186266998452766e+00 6.115050406888216550e+00 6.112064613483564557e+00
7.500000000000000000e+01 5.198423046610814779e+00 5.193258033849471822e+00 6.112971496764507684e+00 6.105423909878074262e+00
7.600000000000000000e+01 5.190409909733303628e+00 5.197255754006694595e+00 6.104294811019433276e+00 6.110472024194644192e+00
7.700000000000000000e+01 5.190884689322775358e+00 5.199910009185685134e+00 6.105144916662958998e+00 6.113785167877658466e+00
7.800000000000000000e+01 5.207056867371389508e+00 5.203417814859887081e+00 6.122871936126448311e+00 6.116869211835807008e+00
7.900000000000000000e+01 5.215090983836120131e+00 5.217823716725109584e+00 6.132335546654365643e+00 6.133441183807791575e+00
8.000000000000000000e+01 5.200206936654215184e+00 5.202195110793619293e+00 6.115206230149832223e+00 6.115599900483730700e+00
8.100000000000000000e+01 5.207731119657073471e+00 5.210542489849067316e+00 6.124308451249171448e+00 6.125452206991969462e+00
8.200000000000000000e+01 5.214912089545777896e+00 5.210257732730365632e+00 6.132205338980040388e+00 6.124847777557123507e+00
8.300000000000000000e+01 5.214797660632250142e+00 5.216193093353073351e+00 6.131501297044406051e+00 6.131381337344494753e+00
8.400000000000000000e+01 5.202937030157467113e+00 5.204918070527912555e+00 6.118661920022565148e+00 6.119349785791595053e+00
8.500000000000000000e+01 5.203250051395403197e+00 5.207256579690250575e+00 6.118744396235806349e+00 6.122127689208038959e+00
8.600000000000000000e+01 5.200666104057564354e+00 5.198750485949879874e+00 6.115504363188106751e+00 6.112186575175416969e+00
8.700000000000000000e+01 5.201111654392055250e+00 5.198028503786590981e+00 6.114806480260337018e+00 6.110341176449320955e+00
8.800000000000000000e+01 5.214321678069411270e+00 5.218494447056049701e+00 6.130462524715460049e+00 6.134537690217619854e+00
8.900000000000000000e+01 5.206107704093517086e+00 5.206417846214293377e+00 6.120588750226836794e+00 6.120332102287453502e+00
9.000000000000000000e+01 5.196741573674543702e+00 5.204186159200824058e+00 6.109353813543745737e+00 6.117233083811319361e+00
9.100000000000000000e+01 5.196332937952110598e+00 5.192344586502272819e+00 6.108833948918545254e+00 6.103043271122025715e+00
9.200000000000000000e+01 5.212143884380615155e+00 5.211541539534310985e+00 6.126488736265730317e+00 6.124379482614142667e+00
9.300000000000000000e+01 5.209111821428225042e+00 5.212796918323904904e+00 6.123724205043611590e+00 6.126242576873331735e+00
9.400000000000000000e+01 5.207218864751636644e+00 5.210490599101012421e+00 6.121524704839660380e+00 6.123210183818367014e+00
9.500000000000000000e+01 5.211359283644430462e+00 5.215382627835816187e+00 6.126851570787175127e+00 6.128972754339614859e+00
9.600000000000000000e+01 5.209920446662480664e+00 5.212959235788733992e+00 6.124899349638392110e+00 6.125755542643341656e+00
9.700000000000000000e+01 5.205160548087606642e+00 5.209130239127596873e+00 6.120326500224122057e+00 6.121715048815286053e+00
9.800000000000000000e+01 5.199989605538124948e+00 5.203905407208485379e+00 6.114240249417795425e+00 6.115378559184940777e+00
9.900000000000000000e+01 5.205028178297636643e+00 5.206607230645591500e+00 6.120323855463870366e+00 6.118857787814137694e+00
1.000000000000000000e+02 5.199161362710745138e+00 5.203835741541128712e+00 6.114615336153236491e+00 6.116176459064430304e+00
1.010000000000000000e+02 5.209562738057504028e+00 5.215050064888206549e+00 6.127505804846449244e+00 6.130189378534796951e+00
1.020000000000000000e+02 5.203384661019339497e+00 5.200900652014206926e+00 6.119448760311320790e+00 6.112549567014781360e+00
1.030000000000000000e+02 5.204731250646382534e+00 5.217189261039687054e+00 6.120061681093933004e+00 6.130366750911671048e+00
1.040000000000000000e+02 5.205147012631575976e+00 5.207824170324601987e+00 6.121125514247448329e+00 6.119871812585024884e+00
1.050000000000000000e+02 5.202566988908168710e+00 5.210032154937551674e+00 6.118490629902063382e+00 6.123102880499575740e+00
1.060000000000000000e+02 5.221931544058393548e+00 5.222733202333841973e+00 6.140193277576210917e+00 6.136977186657255778e+00
1.070000000000000000e+02 5.215515397063906988e+00 5.220987026271908249e+00 6.133228337924921725e+00 6.135173348766037371e+00
1.080000000000000000e+02 5.209918525601993977e+00 5.217424771262216154e+00 6.125721190970901731e+00 6.130163915957365539e+00
1.090000000000000000e+02 5.207970471954535441e+00 5.212219075993956174e+00 6.123627308045986872e+00 6.123667988105950144e+00
1.100000000000000000e+02 5.206220135297373375e+00 5.209264370327109539e+00 6.121561860822818169e+00 6.120394164470633669e+00
1.110000000000000000e+02 5.197590238570657384e+00 5.204511916608335120e+00 6.111576779439786833e+00 6.114736255045015945e+00
1.120000000000000000e+02 5.202529991860701308e+00 5.207526602536405314e+00 6.117960432021559924e+00 6.119057901924228382e+00
1.130000000000000000e+02 5.198649184843388227e+00 5.205355375052580946e+00 6.114020035535135733e+00 6.117047224508655567e+00
1.140000000000000000e+02 5.209033664691621546e+00 5.212638283827480734e+00 6.126476162634452827e+00 6.125817762425900703e+00
1.150000000000000000e+02 5.199839700728926317e+00 5.209134881830421726e+00 6.115916442230747485e+00 6.121655548115768397e+00
1.160000000000000000e+02 5.209798167607729624e+00 5.218973391563981323e+00 6.127156506456083562e+00 6.132125180867952885e+00
1.170000000000000000e+02 5.211660934937460965e+00 5.229300296730980513e+00 6.128883466617657483e+00 6.143750260697486532e+00
1.180000000000000000e+02 5.207222147656169753e+00 5.211961708068627352e+00 6.124220929218207488e+00 6.123670553677104778e+00
1.190000000000000000e+02 5.211536173655750837e+00 5.210854475347065140e+00 6.128715863137003339e+00 6.122034403912635092e+00
1.200000000000000000e+02 5.214855315049519824e+00 5.220072380621706643e+00 6.133040232832163596e+00 6.133039114345050891e+00
1.210000000000000000e+02 5.207536531695055260e+00 5.218969629389989429e+00 6.125924505953091348e+00 6.132301194589843796e+00
1.220000000000000000e+02 5.202946636409328640e+00 5.217928378056452487e+00 6.120820256344964960e+00 6.131162565073720927e+00
1.230000000000000000e+02 5.193571700234630661e+00 5.206769948106765078e+00 6.109765259153065564e+00 6.117520244974058663e+00
1.240000000000000000e+02 5.202788082562234351e+00 5.213559738732526760e+00 6.120699418761534893e+00 6.125515709359723004e+00
1.250000000000000000e+02 5.197651577459769356e+00 5.207633905953980680e+00 6.114844759742343427e+00 6.118422161917900226e+00
1.260000000000000000e+02 5.207462219843119300e+00 5.212635000687750875e+00 6.125744571174822184e+00 6.123421509746571623e+00
1.270000000000000000e+02 5.204032891543618256e+00 5.217007644401635780e+00 6.122335412657938569e+00 6.128770956829747263e+00
1.280000000000000000e+02 5.202255807295485646e+00 5.215390794412394726e+00 6.119920102210556045e+00 6.126211023638914455e+00
1.290000000000000000e+02 5.206059337553445410e+00 5.212041463982807876e+00 6.124692185653616505e+00 6.122146587762774317e+00
1.300000000000000000e+02 5.206576322038835691e+00 5.216828270104568510e+00 6.124905357449915044e+00 6.127736589557877700e+00
1.310000000000000000e+02 5.211483085011693994e+00 5.214017782487339936e+00 6.131219985680854023e+00 6.124334317856959586e+00
1.320000000000000000e+02 5.202887699647986253e+00 5.216727692706149000e+00 6.120566650077322812e+00 6.126989062229358574e+00
1.330000000000000000e+02 5.201112297446352173e+00 5.212976291204306278e+00 6.119273072410767789e+00 6.124011523023636272e+00
1.340000000000000000e+02 5.206758896720612206e+00 5.212595681272194525e+00 6.126405854282218399e+00 6.124404144306152986e+00
1.350000000000000000e+02 5.213014967953325751e+00 5.219442407907381565e+00 6.133813704410466805e+00 6.132456785466934512e+00
1.360000000000000000e+02 5.219721239235482813e+00 5.228823835042081924e+00 6.140326688358790364e+00 6.142159032777395389e+00
1.370000000000000000e+02 5.219004703702026404e+00 5.224159306172523998e+00 6.139057532738508627e+00 6.136667844778816772e+00
1.380000000000000000e+02 5.214605712723303199e+00 5.223475202480607926e+00 6.132562167307542111e+00 6.134951134067237355e+00
1.390000000000000000e+02 5.220869071882129120e+00 5.231307765721637359e+00 6.139402266022608856e+00 6.143918905532363972e+00
1.400000000000000000e+02 5.219608249588114646e+00 5.222702132473918013e+00 6.137047335740940746e+00 6.133115187405672408e+00
1.410000000000000000e+02 5.205207551330262916e+00 5.217152825373914560e+00 6.119731837574948763e+00 6.126325135815247513e+00
1.420000000000000000e+02 5.217995482796007778e+00 5.226199605871132192e+00 6.135573178378028736e+00 6.137192114159665479e+00
1.430000000000000000e+02 5.213209079400781931e+00 5.216960319329407625e+00 6.130042437730242710e+00 6.127083715586135959e+00
1.440000000000000000e+02 5.211918304351298659e+00 5.221983514452140263e+00 6.128398834110296178e+00 6.133035108586277317e+00
1.450000000000000000e+02 5.209290073568950241e+00 5.216053917455077737e+00 6.125616686129544242e+00 6.126438123873043651e+00
1.460000000000000000e+02 5.205524660105242063e+00 5.216019165012395042e+00 6.120188523687296822e+00 6.125881503978621190e+00
1.470000000000000000e+02 5.205979180411349994e+00 5.207244088149578509e+00 6.121544722601582222e+00 6.116077640366509804e+00
1.480000000000000000e+02 5.213834643897621746e+00 5.216035340929354724e+00 6.130467967861529033e+00 6.126363813835332905e+00
1.490000000000000000e+02 5.212321096382821928e+00 5.220499593884319722e+00 6.127963532254408818e+00 6.130389492605979207e+00
1.500000000000000000e+02 5.210083244255514501e+00 5.214036521094269183e+00 6.124976944559909597e+00 6.123100557382970877e+00
1.510000000000000000e+02 5.212080140669479000e+00 5.217506048305796007e+00 6.127257161583702150e+00 6.126720721037163031e+00
1.520000000000000000e+02 5.208996909287507471e+00 5.214695561171663662e+00 6.123446413680232681e+00 6.123253506935839141e+00
1.530000000000000000e+02 5.201976254771276231e+00 5.208121019756638326e+00 6.115699271442437635e+00 6.116183424017668457e+00
1.540000000000000000e+02 5.207274598001253807e+00 5.216779904448286764e+00 6.121304729331955130e+00 6.125853878630464600e+00
1.550000000000000000e+02 5.212141242385512463e+00 5.220236699249871215e+00 6.126260995525251829e+00 6.128954256253682509e+00
1.560000000000000000e+02 5.211705458427194237e+00 5.217796810769028681e+00 6.125769956014257112e+00 6.126196130596405887e+00
1.570000000000000000e+02 5.207807914755992584e+00 5.209086275754140516e+00 6.122148749721747940e+00 6.116682468544478724e+00
1.580000000000000000e+02 5.204968278219725519e+00 5.208866944281455247e+00 6.118843691569376020e+00 6.116692160156959268e+00
1.590000000000000000e+02 5.206737996444020133e+00 5.209906273421609946e+00 6.121378800338615811e+00 6.118074866749145357e+00
1.600000000000000000e+02 5.214527396669036641e+00 5.220587199475313689e+00 6.130183531538223818e+00 6.129967722945930397e+00
1.610000000000000000e+02 5.216402976199107755e+00 5.225661407243407552e+00 6.132525169669889920e+00 6.136417125577001919e+00
1.620000000000000000e+02 5.211882749737766218e+00 5.221060058246680846e+00 6.127543761666235156e+00 6.131053659754405416e+00
1.630000000000000000e+02 5.214251769381641921e+00 5.222194598593099535e+00 6.128962503042459709e+00 6.130994480807147262e+00
1.640000000000000000e+02 5.211735888601167765e+00 5.214758181207316490e+00 6.125675545047377213e+00 6.122324361245317093e+00
1.650000000000000000e+02 5.220587920445861840e+00 5.231279017085980421e+00 6.136089363087385173e+00 6.141011673990864672e+00
1.660000000000000000e+02 5.219913345431245411e+00 5.226446405383563309e+00 6.135444334727019111e+00 6.135572297134546993e+00
1.670000000000000000e+02 5.226957060893059115e+00 5.229293490278923429e+00 6.143678989279819369e+00 6.138735859138931161e+00
1.680000000000000000e+02 5.209860067709695564e+00 5.217381286673705709e+00 6.123167503179298699e+00 6.124742394341875062e+00
1.690000000000000000e+02 5.214069113747898498e+00 5.226246853775373680e+00 6.128474751027177092e+00 6.135377630869045085e+00
1.700000000000000000e+02 5.211940568596250323e+00 5.225450639878972403e+00 6.125410569171710229e+00 6.133859270946184772e+00
1.710000000000000000e+02 5.220511605889860185e+00 5.231331868388859441e+00 6.135551478608761933e+00 6.140691522340473441e+00
1.720000000000000000e+02 5.223866463780377778e+00 5.230909220287085049e+00 6.138743949006232548e+00 6.139917492151434786e+00
1.730000000000000000e+02 5.226023594110424497e+00 5.234650450851953352e+00 6.141235088826466182e+00 6.144431325251620279e+00
1.740000000000000000e+02 5.220693220312723426e+00 5.227822301280158790e+00 6.136344247510984395e+00 6.137849554813910480e+00
1.750000000000000000e+02 5.220793479612603427e+00 5.227643248319943758e+00 6.135289063384047559e+00 6.136646144425482063e+00
1.760000000000000000e+02 5.225194391092798263e+00 5.236765542402055829e+00 6.140565399722087037e+00 6.147255512293892110e+00
1.770000000000000000e+02 5.225689511187603387e+00 5.225462892133813320e+00 6.141684168248166209e+00 6.134717547151470995e+00
1.780000000000000000e+02 5.220989990629918864e+00 5.228554853375209532e+00 6.137188593095972422e+00 6.138301676514394067e+00
1.790000000000000000e+02 5.218591021290027498e+00 5.218934714599831715e+00 6.134336375023542232e+00 6.127225371717364588e+00
1.800000000000000000e+02 5.220864346611231888e+00 5.232668045130987267e+00 6.136537716108787954e+00 6.142541643128759610e+00
1.810000000000000000e+02 5.229579687845398617e+00 5.238991303883936190e+00 6.145346774984188798e+00 6.149014826781851184e+00
1.820000000000000000e+02 5.216492104262225205e+00 5.228402623878611877e+00 6.130859870896585129e+00 6.137349867148261140e+00
1.830000000000000000e+02 5.213784515945857123e+00 5.223224398218419218e+00 6.127616793283259256e+00 6.130993760223691247e+00
1.840000000000000000e+02 5.227617702814899125e+00 5.229267224635131939e+00 6.143665537298104162e+00 6.138097797683824020e+00
1.850000000000000000e+02 5.220627077510311409e+00 5.230236084398573126e+00 6.134933115942593496e+00 6.138660744613493314e+00
1.860000000000000000e+02 5.221212205709787391e+00 5.236981991540653247e+00 6.136222851941872669e+00 6.146805953126191824e+00
1.870000000000000000e+02 5.219373941416340479e+00 5.226599835743320099e+00 6.133577396405860860e+00 6.134165329587547788e+00
1.880000000000000000e+02 5.219032330419151933e+00 5.227276653511719218e+00 6.133066740112654180e+00 6.134669101279001779e+00
1.890000000000000000e+02 5.215704700668001514e+00 5.220355133576455309e+00 6.128847112417753706e+00 6.126590994483047226e+00
1.900000000000000000e+02 5.211690485439999243e+00 5.219058434806212787e+00 6.124244233074576549e+00 6.124717490416222709e+00
1.910000000000000000e+02 5.223993303892635609e+00 5.231819701829344638e+00 6.138068246518662008e+00 6.139061375036462209e+00
1.920000000000000000e+02 5.217745640646493044e+00 5.230656651316382799e+00 6.131655284808700479e+00 6.138277409385382022e+00
1.930000000000000000e+02 5.210678541034416078e+00 5.221303253367614694e+00 6.123849685567918755e+00 6.127645940732354468e+00
1.940000000000000000e+02 5.220434811519664819e+00 5.226439119040446890e+00 6.136451315028779163e+00 6.134822848550818719e+00
1.950000000000000000e+02 5.219904776149545178e+00 5.229071274232967248e+00 6.136016890558544823e+00 6.138002504585404751e+00
1.960000000000000000e+02 5.225708809860891257e+00 5.226535132573913778e+00 6.141454344394161602e+00 6.134255256561670144e+00
1.970000000000000000e+02 5.213935542576651372e+00 5.227860980587130335e+00 6.127956644173938372e+00 6.135782745250118353e+00
1.980000000000000000e+02 5.220422798907411455e+00 5.223530294745980740e+00 6.134259899903532265e+00 6.130636131335964301e+00
1.990000000000000000e+02 5.221583286779315713e+00 5.230815766923894827e+00 6.135538026626549346e+00 6.138812331994039084e+00
2.000000000000000000e+02 5.223739699044063656e+00 5.232051846154711860e+00 6.137403121023234931e+00 6.139922131478042111e+00
2.010000000000000000e+02 5.224375035923451094e+00 5.231181241498764400e+00 6.139126398975498944e+00 6.139308414598294128e+00
2.020000000000000000e+02 5.220802847946232284e+00 5.228725098100454716e+00 6.134774481115211842e+00 6.135848167037049272e+00
2.030000000000000000e+02 5.221629090031410847e+00 5.224120069496046348e+00 6.135948504316073304e+00 6.131066233712857638e+00
2.040000000000000000e+02 5.231984422501422927e+00 5.240085885562664636e+00 6.147665993634372938e+00 6.149054944469466655e+00
2.050000000000000000e+02 5.227907104490727264e+00 5.235867071211871782e+00 6.143116604041252593e+00 6.144403937530804605e+00
2.060000000000000000e+02 5.232381446489759114e+00 5.235347446300068874e+00 6.148985275895221925e+00 6.144719604043670458e+00
2.070000000000000000e+02 5.225896671308351671e+00 5.235491985932594794e+00 6.140902845960033218e+00 6.143760989758104252e+00
2.080000000000000000e+02 5.225739800975429006e+00 5.232613833273800807e+00 6.140850077641487381e+00 6.139989319414246083e+00
2.090000000000000000e+02 5.224508045045165971e+00 5.230233682462925415e+00 6.139958088651139789e+00 6.137674585196691623e+00
2.100000000000000000e+02 5.229960377771745605e+00 5.238162739809389734e+00 6.145524308525071255e+00 6.145980192611470549e+00
2.110000000000000000e+02 5.227327181985324422e+00 5.232272622339475099e+00 6.142272102486634466e+00 6.138837078100674027e+00
2.120000000000000000e+02 5.227853933296351840e+00 5.240526713532800862e+00 6.143729841728893248e+00 6.148767784991785668e+00
2.130000000000000000e+02 5.226862012143686620e+00 5.237852998546091321e+00 6.143184193220435851e+00 6.146116804616238660e+00
2.140000000000000000e+02 5.224777026027346949e+00 5.235446422661688359e+00 6.141246863394957067e+00 6.143786375912605457e+00
2.150000000000000000e+02 5.223041021368254988e+00 5.229393587884957562e+00 6.139755732266477750e+00 6.136954685640671592e+00
2.160000000000000000e+02 5.227811090349405276e+00 5.235583195594408323e+00 6.145379205363695085e+00 6.144017881641919310e+00
2.170000000000000000e+02 5.220382360357850970e+00 5.228177044769811488e+00 6.137351550998322303e+00 6.136130920103549435e+00
2.180000000000000000e+02 5.225890826813202494e+00 5.236191145308736417e+00 6.142453877899487047e+00 6.144052794906738058e+00
2.190000000000000000e+02 5.238990502178580755e+00 5.244003528462602759e+00 6.157428216704102120e+00 6.152302426229685040e+00
2.200000000000000000e+02 5.225472661180348588e+00 5.239860867473314698e+00 6.142318706759826163e+00 6.148198351031493480e+00
2.210000000000000000e+02 5.235096961874167398e+00 5.239863348572638913e+00 6.153575824379446502e+00 6.148261850833646847e+00
2.220000000000000000e+02 5.226358640642152942e+00 5.241455776101427766e+00 6.143576250242532844e+00 6.150286865040496487e+00
2.230000000000000000e+02 5.241343185525351167e+00 5.244843543666210195e+00 6.160259772926047539e+00 6.153673841110039788e+00
2.240000000000000000e+02 5.228952999683698089e+00 5.238274528261493757e+00 6.146454413602967293e+00 6.146272076586003053e+00
2.250000000000000000e+02 5.238142959162956913e+00 5.246018684612426597e+00 6.158036968900294283e+00 6.155853003093006315e+00
2.260000000000000000e+02 5.238494420154483855e+00 5.243225412797695384e+00 6.158014947211577272e+00 6.152364005725021734e+00
2.270000000000000000e+02 5.236017856023711836e+00 5.245931640261678908e+00 6.155601717370814185e+00 6.155861972179798691e+00
2.280000000000000000e+02 5.231356051700320364e+00 5.241738690109068344e+00 6.148411518201115200e+00 6.149358520232030223e+00
2.290000000000000000e+02 5.239233057244008229e+00 5.247077552178160076e+00 6.157836053194143844e+00 6.155184992253203369e+00
2.300000000000000000e+02 5.243804135038550918e+00 5.255418289595287007e+00 6.162732421490383139e+00 6.164768644607611314e+00
2.310000000000000000e+02 5.236141257554121076e+00 5.244647913733950340e+00 6.154301013787819130e+00 6.152455535009564436e+00
2.320000000000000000e+02 5.235419676031755287e+00 5.249538662207326567e+00 6.153105528133955282e+00 6.157711693938685116e+00
2.330000000000000000e+02 5.230532611750676963e+00 5.240641785909168071e+00 6.148262572171061535e+00 6.147760164994529930e+00
2.340000000000000000e+02 5.225853190349212696e+00 5.235929531115077751e+00 6.142497840764712613e+00 6.142340167142108953e+00
2.350000000000000000e+02 5.226050901701491114e+00 5.241198167682965980e+00 6.142071745119517701e+00 6.147766173560024860e+00
2.360000000000000000e+02 5.226614329343596488e+00 5.235954836157319825e+00 6.143530926924363200e+00 6.142302611298180004e+00
2.370000000000000000e+02 5.226946251177701619e+00 5.235644374370707510e+00 6.144311526303797955e+00 6.142217167484950835e+00
2.380000000000000000e+02 5.225797055538762059e+00 5.248451926364510634e+00 6.142947958533066632e+00 6.157179094015814869e+00
2.390000000000000000e+02 5.237929232012616509e+00 5.250651581748519980e+00 6.156775741429435733e+00 6.159688497367162618e+00
2.400000000000000000e+02 5.226858487027357114e+00 5.247924214035104562e+00 6.145414121501071136e+00 6.157299450912057992e+00
2.410000000000000000e+02 5.229502972910550440e+00 5.241117207529089050e+00 6.148476221179914880e+00 6.149700854637361047e+00
2.420000000000000000e+02 5.228282429417582478e+00 5.239262449164918678e+00 6.146806117064270047e+00 6.147147732110219032e+00
2.430000000000000000e+02 5.239956641107246682e+00 5.237148795364266363e+00 6.159462038574917031e+00 6.144088990889380320e+00
2.440000000000000000e+02 5.240884420404857025e+00 5.246930048988525996e+00 6.159403579787381844e+00 6.154677618192479827e+00
2.450000000000000000e+02 5.229823283658269872e+00 5.245294702282379262e+00 6.148648708766417670e+00 6.153696344179897970e+00
2.460000000000000000e+02 5.221751448698834785e+00 5.238002743570349118e+00 6.137980402304008543e+00 6.145074429088807300e+00
2.470000000000000000e+02 5.226559635504418821e+00 5.236696115503278293e+00 6.144016118150784855e+00 6.143594268622351251e+00
2.480000000000000000e+02 5.233250370840552890e+00 5.242294749933788189e+00 6.151209763121936014e+00 6.150240579050223033e+00
2.490000000000000000e+02 5.229851469907540462e+00 5.241337500091823642e+00 6.147896694877496238e+00 6.149379820026338983e+00
2.500000000000000000e+02 5.237059988211378858e+00 5.251114912156040759e+00 6.155140549305063047e+00 6.160005767253615261e+00
2.510000000000000000e+02 5.238708148623807404e+00 5.252097224177156853e+00 6.156769736350441669e+00 6.160113790022182734e+00
2.520000000000000000e+02 5.232305693293118232e+00 5.244058140323086370e+00 6.148473498152926986e+00 6.150754357146649198e+00
2.530000000000000000e+02 5.235683612987100055e+00 5.245317042269662444e+00 6.153020566453115237e+00 6.152446644648215113e+00
2.540000000000000000e+02 5.243506486322393023e+00 5.256429429554059674e+00 6.161789423684768785e+00 6.165327265997875728e+00
2.550000000000000000e+02 5.242944420572943187e+00 5.256644681333498603e+00 6.161562082088192227e+00 6.165573189919403951e+00
2.560000000000000000e+02 5.236810225543132802e+00 5.251660961002002637e+00 6.154387255590910044e+00 6.159811496131229802e+00
2.570000000000000000e+02 5.238293585588556844e+00 5.244416971902403191e+00 6.155863332982733915e+00 6.151200957155153581e+00
2.580000000000000000e+02 5.239856621453373720e+00 5.248813316258601702e+00 6.157491476105232842e+00 6.156574183435292724e+00
2.590000000000000000e+02 5.230700218136088431e+00 5.237207492218728611e+00 6.147627880078571749e+00 6.144036940031578631e+00
2.600000000000000000e+02 5.230542460886697498e+00 5.236877091021586494e+00 6.148213483653946376e+00 6.144253710300898064e+00
2.610000000000000000e+02 5.224908355431795215e+00 5.238994827484171779e+00 6.139682223031164732e+00 6.145210402821740026e+00
2.620000000000000000e+02 5.220838080515352253e+00 5.236747604303956471e+00 6.135840876761256446e+00 6.143182265520763075e+00
2.630000000000000000e+02 5.232426931368857836e+00 5.244063826611538026e+00 6.149488567028825514e+00 6.151296085842355765e+00
2.640000000000000000e+02 5.229525475853473715e+00 5.240195432303031531e+00 6.145391619702778918e+00 6.146987892613760884e+00
2.650000000000000000e+02 5.234327736176115131e+00 5.242731734454849857e+00 6.150852294352127103e+00 6.149041251908462513e+00
2.660000000000000000e+02 5.232635214228925413e+00 5.241862330600778996e+00 6.149135424402351724e+00 6.148403430990501128e+00
2.670000000000000000e+02 5.227869787214100228e+00 5.235315174641171687e+00 6.143964307657716617e+00 6.140961704960623990e+00
2.680000000000000000e+02 5.228840409278495471e+00 5.245413136228348705e+00 6.144872231570112753e+00 6.152816685992417156e+00
2.690000000000000000e+02 5.233775440360243003e+00 5.246142485612875994e+00 6.149791261851630608e+00 6.152424706515844832e+00
2.700000000000000000e+02 5.230900328245979836e+00 5.240143139867714517e+00 6.146168212374466755e+00 6.145700396488003037e+00
2.710000000000000000e+02 5.232271099210041854e+00 5.243012966140647713e+00 6.147580307793383270e+00 6.148490153468963548e+00
2.720000000000000000e+02 5.226838786456386110e+00 5.243258084431260180e+00 6.141058678786055047e+00 6.148318386695723170e+00
2.730000000000000000e+02 5.234096871014972230e+00 5.247833564965997510e+00 6.149522918422675843e+00 6.154156549222909334e+00
2.740000000000000000e+02 5.238802802447145801e+00 5.245542862379393156e+00 6.154387179892262694e+00 6.150922362059212389e+00
2.750000000000000000e+02 5.237161206448327277e+00 5.248219620401783914e+00 6.152734606885150725e+00 6.154433219638299590e+00
2.760000000000000000e+02 5.238547914920870241e+00 5.246813134780281551e+00 6.153102809130252204e+00 6.151875288798152042e+00
2.770000000000000000e+02 5.231995792953143543e+00 5.241198004096282226e+00 6.146302905732047961e+00 6.146321881949251775e+00
2.780000000000000000e+02 5.233597106270698518e+00 5.250102009398205816e+00 6.147511921031389548e+00 6.155765239376476572e+00
2.790000000000000000e+02 5.241208736827684511e+00 5.253563847445533952e+00 6.155853325593835024e+00 6.160350820035572106e+00
2.800000000000000000e+02 5.244930748793325215e+00 5.257814614146722576e+00 6.160301494861633032e+00 6.164523603303086574e+00
2.810000000000000000e+02 5.241802431578261867e+00 5.249295385046381490e+00 6.157322833775600301e+00 6.155318241924189415e+00
2.820000000000000000e+02 5.246936693976056887e+00 5.248321561598024765e+00 6.162984984377646747e+00 6.154235510705172274e+00
2.830000000000000000e+02 5.241192640812885273e+00 5.249909181275019598e+00 6.156723612162953607e+00 6.156677165661398554e+00
2.840000000000000000e+02 5.243638612566968504e+00 5.251030909114207113e+00 6.158972517824087944e+00 6.157387135361004127e+00
2.850000000000000000e+02 5.257260877528562304e+00 5.257611778249488665e+00 6.174516214455215035e+00 6.165471007465535003e+00
2.860000000000000000e+02 5.250818624449971495e+00 5.262405792183628250e+00 6.166805988155251050e+00 6.170415181419660833e+00
2.870000000000000000e+02 5.255327160156070931e+00 5.262356623515104026e+00 6.171637891395719500e+00 6.170328855957259329e+00
2.880000000000000000e+02 5.249484448576888340e+00 5.259079603416593862e+00 6.163921738743320944e+00 6.165831518701952341e+00
2.890000000000000000e+02 5.244911769134050772e+00 5.253103400085483266e+00 6.158167655277123842e+00 6.159076618910990675e+00
2.900000000000000000e+02 5.254429088460472741e+00 5.258290997885622708e+00 6.169234271252766355e+00 6.165271293403569608e+00
2.910000000000000000e+02 5.249102076069519285e+00 5.253411542096793063e+00 6.163957051070232396e+00 6.160456286693857919e+00
2.920000000000000000e+02 5.248088452649903424e+00 5.251311182293621371e+00 6.163393943546408238e+00 6.158223150979218019e+00
2.930000000000000000e+02 5.255145544189749884e+00 5.267259943550266499e+00 6.170298267608663068e+00 6.175890110983426773e+00
2.940000000000000000e+02 5.243795003713797698e+00 5.251223336671759334e+00 6.157235305386291380e+00 6.157410919657523962e+00
2.950000000000000000e+02 5.248247007214861704e+00 5.254886811384637646e+00 6.162039665960021395e+00 6.161423544021107368e+00
2.960000000000000000e+02 5.252812960239715778e+00 5.255148026567196595e+00 6.167115249027457224e+00 6.161329214728922921e+00
2.970000000000000000e+02 5.255339732721346913e+00 5.259142624529093979e+00 6.170228679846604614e+00 6.166331045109743947e+00
2.980000000000000000e+02 5.252787815843606545e+00 5.256856565186079244e+00 6.166686271369820282e+00 6.163414044779370826e+00
2.990000000000000000e+02 5.249442887521658108e+00 5.257769771153887994e+00 6.162943905418307722e+00 6.164689205393344196e+00
3.000000000000000000e+02 5.254179486284465739e+00 5.266479665537405985e+00 6.168161707215641165e+00 6.174293355396827998e+00
3.010000000000000000e+02 5.250449543899843974e+00 5.258575593729536202e+00 6.164333257075782946e+00 6.165659670817496441e+00
3.020000000000000000e+02 5.256176864585815345e+00 5.258600897602380364e+00 6.170532574566469641e+00 6.164677513489241534e+00
3.030000000000000000e+02 5.259884064821022776e+00 5.269870077538876707e+00 6.174687662577260205e+00 6.178298856536899919e+00
3.040000000000000000e+02 5.256448088732664559e+00 5.260924513335718089e+00 6.170132426233058354e+00 6.167586505938031927e+00
3.050000000000000000e+02 5.248138022666042346e+00 5.252443481089654753e+00 6.160870769790840029e+00 6.158065637175190510e+00
3.060000000000000000e+02 5.241429669518946177e+00 5.245023398617734145e+00 6.152581977681978564e+00 6.149529406710175117e+00
3.070000000000000000e+02 5.239982103456850560e+00 5.252734082236027113e+00 6.151281830421449826e+00 6.158747099134360248e+00
3.080000000000000000e+02 5.246658025172843409e+00 5.253483851075170463e+00 6.160439788955286211e+00 6.160741202203665168e+00
3.090000000000000000e+02 5.251845138571289873e+00 5.256071242103432795e+00 6.164501820959192635e+00 6.162023249346391118e+00
3.100000000000000000e+02 5.249916788511833410e+00 5.251779956490939760e+00 6.163274468957602892e+00 6.157650351955024526e+00
3.110000000000000000e+02 5.236983433497805152e+00 5.247494115873001519e+00 6.148742239168299761e+00 6.153392846332280008e+00
3.120000000000000000e+02 5.250495990123259737e+00 5.255680382729008393e+00 6.163223458289232681e+00 6.162001628444873980e+00
3.130000000000000000e+02 5.247025662255617284e+00 5.258251039021381246e+00 6.158946015006359076e+00 6.164519521385887657e+00
3.140000000000000000e+02 5.257077498544544092e+00 5.259778762654413242e+00 6.170501023239271632e+00 6.166575123811433912e+00
3.150000000000000000e+02 5.250744712371140821e+00 5.252316477153915031e+00 6.163250686090836261e+00 6.157634976753411316e+00
3.160000000000000000e+02 5.256921988478549856e+00 5.257074216431292690e+00 6.170207378912746066e+00 6.163375847430222265e+00
3.170000000000000000e+02 5.255120161327703876e+00 5.262530073909218231e+00 6.168423004509404173e+00 6.169837020238028380e+00
3.180000000000000000e+02 5.259357474354573014e+00 5.261480894241753248e+00 6.173677800445028119e+00 6.169067389106382748e+00
3.190000000000000000e+02 5.254003875927272027e+00 5.265683853846147677e+00 6.166207084152896201e+00 6.173220632177344847e+00
3.200000000000000000e+02 5.252608280789673678e+00 5.259191632029422969e+00 6.165774182086608768e+00 6.166567355088789171e+00
3.210000000000000000e+02 5.262773908338609807e+00 5.261917957520303446e+00 6.177531949132698763e+00 6.169899878119487369e+00
3.220000000000000000e+02 5.265489024083508163e+00 5.267022672873703293e+00 6.179245617699854698e+00 6.174602136331564850e+00
3.230000000000000000e+02 5.261865427195376199e+00 5.266667609209316758e+00 6.173157530952264160e+00 6.172824487072428035e+00
3.240000000000000000e+02 5.261628077238739820e+00 5.263928471421070121e+00 6.172481193270554556e+00 6.169627456252679387e+00
3.250000000000000000e+02 5.259094256714572424e+00 5.262690787957086336e+00 6.169271266625793615e+00 6.167986735618638861e+00
3.260000000000000000e+02 5.253896010785992665e+00 5.256778328564223557e+00 6.163518225542079954e+00 6.161254100667947320e+00
3.270000000000000000e+02 5.241852640584484746e+00 5.253480807219802706e+00 6.149923950554057051e+00 6.157933667148986601e+00
3.280000000000000000e+02 5.251352500445103821e+00 5.263770556241470722e+00 6.161188194788016048e+00 6.170401887285862585e+00
3.290000000000000000e+02 5.247333321667713157e+00 5.253846123018578673e+00 6.155489931175067042e+00 6.158562281124626558e+00
3.300000000000000000e+02 5.240617280612031692e+00 5.246754039443385587e+00 6.148184175487356740e+00 6.150709276839136486e+00
3.310000000000000000e+02 5.255721541463409530e+00 5.252082890366729373e+00 6.165297635675932142e+00 6.156438611942142813e+00
3.320000000000000000e+02 5.252676829118800406e+00 5.256375858484992669e+00 6.162255238574568139e+00 6.161585143881191051e+00
3.330000000000000000e+02 5.247537117471744672e+00 5.251984955519153786e+00 6.156301838497713064e+00 6.156906988309790663e+00
3.340000000000000000e+02 5.246151613935044367e+00 5.252610681166219209e+00 6.154932507525366248e+00 6.158220664490425378e+00
3.350000000000000000e+02 5.249774409467488745e+00 5.254012924706010779e+00 6.158164852582957316e+00 6.159128271779894526e+00
3.360000000000000000e+02 5.245775007799860390e+00 5.250137323137955114e+00 6.153441694975025911e+00 6.154406075166198420e+00
3.370000000000000000e+02 5.259206285404963488e+00 5.259130131477829373e+00 6.168299039870051459e+00 6.164725079963425891e+00
3.380000000000000000e+02 5.252016026567831730e+00 5.256744776027501231e+00 6.159980782372438846e+00 6.161958386436890756e+00
3.390000000000000000e+02 5.248926627824567426e+00 5.245280208840007674e+00 6.156582033622303385e+00 6.148895751194842774e+00
3.400000000000000000e+02 5.248470344184779535e+00 5.251893746284942210e+00 6.156710557732079536e+00 6.157158512165511688e+00
3.410000000000000000e+02 5.247125197297415333e+00 5.249203616209448420e+00 6.154794129977272377e+00 6.153601611009223760e+00
3.420000000000000000e+02 5.247710566232937524e+00 5.250260322771815424e+00 6.155913701156210394e+00 6.155390073543196117e+00
3.430000000000000000e+02 5.252902086744132504e+00 5.252963906986553688e+00 6.160883981926955855e+00 6.157763504069873051e+00
3.440000000000000000e+02 5.246885445898957556e+00 5.247642901821004457e+00 6.153494787046160042e+00 6.151323954579076769e+00
3.450000000000000000e+02 5.253023163337440238e+00 5.252859963897400952e+00 6.161005458701429127e+00 6.157790326616517262e+00
3.460000000000000000e+02 5.255742844035487416e+00 5.256627463597346228e+00 6.164040174352463097e+00 6.161938128949288718e+00
3.470000000000000000e+02 5.246028053370250355e+00 5.253114536428947545e+00 6.151654194661650088e+00 6.156761093077538938e+00
3.480000000000000000e+02 5.249202897655981026e+00 5.252561034978089793e+00 6.155224314271086072e+00 6.156308565939344390e+00
3.490000000000000000e+02 5.242192409410393772e+00 5.239555691017967476e+00 6.147739742542728258e+00 6.141803805109124603e+00
3.500000000000000000e+02 5.246690376782599863e+00 5.249522245479092852e+00 6.152496935889224972e+00 6.153772737699431339e+00
3.510000000000000000e+02 5.242008550705851810e+00 5.245387352320079799e+00 6.147116495387836110e+00 6.148706846494180311e+00
3.520000000000000000e+02 5.249603043857788087e+00 5.253982013679387109e+00 6.156539831695289067e+00 6.159311969181224811e+00
3.530000000000000000e+02 5.251034115074306285e+00 5.250626276942005788e+00 6.157208806193776418e+00 6.154716536168174379e+00
3.540000000000000000e+02 5.249602724281181132e+00 5.247273181156775657e+00 6.154725185899268425e+00 6.150214231319836244e+00
3.550000000000000000e+02 5.242681204954817709e+00 5.247720261217663662e+00 6.146337899284797679e+00 6.150176684369609070e+00
3.560000000000000000e+02 5.252526680626776745e+00 5.254175242127848477e+00 6.157286236325147932e+00 6.157240753840531156e+00
3.570000000000000000e+02 5.243047962244217430e+00 5.246114858738692099e+00 6.145857433677039516e+00 6.147950110059897888e+00
3.580000000000000000e+02 5.253787747292292920e+00 5.257845365299825602e+00 6.158563644000845549e+00 6.162078344540923069e+00
3.590000000000000000e+02 5.253049909905366910e+00 5.250761609190186974e+00 6.158237885003726042e+00 6.154348339037646554e+00
3.600000000000000000e+02 5.248594224331082359e+00 5.244500491799100494e+00 6.153025129171765251e+00 6.146984370010631693e+00
3.610000000000000000e+02 5.235088394641680409e+00 5.238389199352473824e+00 6.137507061818576304e+00 6.140283205594298188e+00
3.620000000000000000e+02 5.243420963491848497e+00 5.244913292681678385e+00 6.146891318779941216e+00 6.147635083841650250e+00
3.630000000000000000e+02 5.248172615917116701e+00 5.246658664546190565e+00 6.152005017332099257e+00 6.149515951357533261e+00
3.640000000000000000e+02 5.248104388690696176e+00 5.250735503307803143e+00 6.152032962964422147e+00 6.153961561634353927e+00
3.650000000000000000e+02 5.254789438707759608e+00 5.251584727092582838e+00 6.159973334970245240e+00 6.155419219910486461e+00
3.660000000000000000e+02 5.252786854222182278e+00 5.252767477407724428e+00 6.157020299049347223e+00 6.156285746999071051e+00
3.670000000000000000e+02 5.259638545829984579e+00 5.254241868260172588e+00 6.164868500880271718e+00 6.158272000178541816e+00
3.680000000000000000e+02 5.253130307802948984e+00 5.247710486696414378e+00 6.156850133628509525e+00 6.150316092135875934e+00
3.690000000000000000e+02 5.256762633197813450e+00 5.253657379842477937e+00 6.161604761819902798e+00 6.158034727519926754e+00
3.700000000000000000e+02 5.252296697822377070e+00 5.251002322422631430e+00 6.156386480953599971e+00 6.154978071513700577e+00
3.710000000000000000e+02 5.254134321266199947e+00 5.251869002776245132e+00 6.157858873873788497e+00 6.155251376022457421e+00
3.720000000000000000e+02 5.245306874165404309e+00 5.250008558215327525e+00 6.147029453304749147e+00 6.152726439942789227e+00
3.730000000000000000e+02 5.237788057897189375e+00 5.242704588127675258e+00 6.138685092923930497e+00 6.144714239238155074e+00
3.740000000000000000e+02 5.246685411796256915e+00 5.243160470757494807e+00 6.148423770017539702e+00 6.145179732598935907e+00
3.750000000000000000e+02 5.243958685856696000e+00 5.246640168912159119e+00 6.146205611861066842e+00 6.149624540769007552e+00
3.760000000000000000e+02 5.249392999762464207e+00 5.244224382677096230e+00 6.152215140745974864e+00 6.146788817869636823e+00
3.770000000000000000e+02 5.251001360653114070e+00 5.245940128776730660e+00 6.153691857844837187e+00 6.148714613819847408e+00
3.780000000000000000e+02 5.235545318183713270e+00 5.229388942849187316e+00 6.136503124500990225e+00 6.130337843186913105e+00
3.790000000000000000e+02 5.239528143262337956e+00 5.236831206155267537e+00 6.140965627464125554e+00 6.138548635516591467e+00
3.800000000000000000e+02 5.243081194109576515e+00 5.239370471547970531e+00 6.144533984391996384e+00 6.140706497231246175e+00
3.810000000000000000e+02 5.242647733168625201e+00 5.242680564411380750e+00 6.143815684857071524e+00 6.144586354223421587e+00
3.820000000000000000e+02 5.245105720838624919e+00 5.237749941099846929e+00 6.146802595530440172e+00 6.139526792737298067e+00
3.830000000000000000e+02 5.249834068544310561e+00 5.250772340499812785e+00 6.153034018874642186e+00 6.154893671387386078e+00
3.840000000000000000e+02 5.245167378293988492e+00 5.252156482251661096e+00 6.147036259248065626e+00 6.155786217435879948e+00
3.850000000000000000e+02 5.253339710918286443e+00 5.257005349310827746e+00 6.156084908317443372e+00 6.161101392447928760e+00
3.860000000000000000e+02 5.252343783948087541e+00 5.250005273845647302e+00 6.155163931278248235e+00 6.153705070945417077e+00
3.870000000000000000e+02 5.247667725724673993e+00 5.245602760547050103e+00 6.150175155742100941e+00 6.148698516998447161e+00
3.880000000000000000e+02 5.248964263397517982e+00 5.249848561709257844e+00 6.151281191116300562e+00 6.153362337218075240e+00
3.890000000000000000e+02 5.252442041041425647e+00 5.254759889846009280e+00 6.155029883434600890e+00 6.158903332992695212e+00
3.900000000000000000e+02 5.253181717281746543e+00 5.249319888757333352e+00 6.155265309856127409e+00 6.152193599734900431e+00
3.910000000000000000e+02 5.246404658804218357e+00 5.249473959527555245e+00 6.147894533988708332e+00 6.152782014466507299e+00
3.920000000000000000e+02 5.254655068617696045e+00 5.256884111813089788e+00 6.156358856423070236e+00 6.160587692692857331e+00
3.930000000000000000e+02 5.249219311220148398e+00 5.252045734250494036e+00 6.150578747561081805e+00 6.155294137617513428e+00
3.940000000000000000e+02 5.251439625941652700e+00 5.248321079514511212e+00 6.152567402795910745e+00 6.150423076415634682e+00
3.950000000000000000e+02 5.244178419115083756e+00 5.251018898691281578e+00 6.144077780118700538e+00 6.153928329710327993e+00
3.960000000000000000e+02 5.253275168552457686e+00 5.249617377455187750e+00 6.154523388393008609e+00 6.152166453125258450e+00
3.970000000000000000e+02 5.253918753441468859e+00 5.251146862768151458e+00 6.156449904345727475e+00 6.155322486887263800e+00
3.980000000000000000e+02 5.262468493209730092e+00 5.262430535810009857e+00 6.166052053560973079e+00 6.168047195329521948e+00
3.990000000000000000e+02 5.261361737689030704e+00 5.262366875215108486e+00 6.164593271433192356e+00 6.167893767821740703e+00
4.000000000000000000e+02 5.258261289900795887e+00 5.257310045703751378e+00 6.160704528370213318e+00 6.161697814199855294e+00
4.010000000000000000e+02 5.257562771077472163e+00 5.248411648142012886e+00 6.159717005652684207e+00 6.151791049522326027e+00
4.020000000000000000e+02 5.256939605891972178e+00 5.255474903760263494e+00 6.158255422280462632e+00 6.158832623830865494e+00
4.030000000000000000e+02 5.262376162666933865e+00 5.254784314030945147e+00 6.164773367134417370e+00 6.158080772826784788e+00
4.040000000000000000e+02 5.264396685858986125e+00 5.255312024612620370e+00 6.166707172667135417e+00 6.158662056228005000e+00
4.050000000000000000e+02 5.261994513694264519e+00 5.259008734354776671e+00 6.164636436156566646e+00 6.163761102528170888e+00
4.060000000000000000e+02 5.256382745503715093e+00 5.259830411637583580e+00 6.158831983781492880e+00 6.165127072086071358e+00
4.070000000000000000e+02 5.250247591601761243e+00 5.253064724265547270e+00 6.152219548531546067e+00 6.158189918391728135e+00
4.080000000000000000e+02 5.262505889064041043e+00 5.260925956690625682e+00 6.165387405729881642e+00 6.166010014107638604e+00
4.090000000000000000e+02 5.273735911840356394e+00 5.265150055538997620e+00 6.177987355416660442e+00 6.170363530195281498e+00
4.100000000000000000e+02 5.260396640981716665e+00 5.265666962389873085e+00 6.163516703443169042e+00 6.171735273901285623e+00
4.110000000000000000e+02 5.275271482009339152e+00 5.266195230924682669e+00 6.179223678336496661e+00 6.171316939702231608e+00
4.120000000000000000e+02 5.268777418907090393e+00 5.271060995562654838e+00 6.172887430780004792e+00 6.177981911003309179e+00
4.130000000000000000e+02 5.274702928870880214e+00 5.269850859341983274e+00 6.179620062484628029e+00 6.176706907316978246e+00
4.140000000000000000e+02 5.267516191741258069e+00 5.257118019915179019e+00 6.171193136724443917e+00 6.161514356601323961e+00
4.150000000000000000e+02 5.268955109673635562e+00 5.265724613131737009e+00 6.173718237044297119e+00 6.172231909205600608e+00
4.160000000000000000e+02 5.261760127496695638e+00 5.265596729948189392e+00 6.164857773705669786e+00 6.171504962757428103e+00
4.170000000000000000e+02 5.258423685578784479e+00 5.256030162034145192e+00 6.160265057245122300e+00 6.159781386396867120e+00
4.180000000000000000e+02 5.259714218656310614e+00 5.253496343757892539e+00 6.161697412467247226e+00 6.156667556942904795e+00
4.190000000000000000e+02 5.247420925695883476e+00 5.249997667815356373e+00 6.147804767203886911e+00 6.152909418379722162e+00
4.200000000000000000e+02 5.263747975503714649e+00 5.265494630685400246e+00 6.166095376076287771e+00 6.170608890075958364e+00
4.210000000000000000e+02 5.253477285481919168e+00 5.258569268619861958e+00 6.155306552056105218e+00 6.163500049756701848e+00
4.220000000000000000e+02 5.254994837695332599e+00 5.255455285040783409e+00 6.155855404980542289e+00 6.158907577337948247e+00
4.230000000000000000e+02 5.264346956316688697e+00 5.255759981210479381e+00 6.166205241993354846e+00 6.158417981246704365e+00
4.240000000000000000e+02 5.260028122861784894e+00 5.259991529477075822e+00 6.162023248833081723e+00 6.163940639070278671e+00
4.250000000000000000e+02 5.265605457767605913e+00 5.267127175275198248e+00 6.168125030708830892e+00 6.172322958562967088e+00
4.260000000000000000e+02 5.273934347131795874e+00 5.271557077046264084e+00 6.177531155465673329e+00 6.176773213867893020e+00
4.270000000000000000e+02 5.258362185030414970e+00 5.258229977485914475e+00 6.160545569153865308e+00 6.162141764581623882e+00
4.280000000000000000e+02 5.263037204978187944e+00 5.261022048289834885e+00 6.164645163188704480e+00 6.164425108303256629e+00
4.290000000000000000e+02 5.264052591390504077e+00 5.262616556881316576e+00 6.166972150071125647e+00 6.166787809800696962e+00
4.300000000000000000e+02 5.264500947295753797e+00 5.263445121590832443e+00 6.168156824640153246e+00 6.168454313090570906e+00
4.310000000000000000e+02 5.251442748994437082e+00 5.253254507932465067e+00 6.152532248669676740e+00 6.155990736188702961e+00
4.320000000000000000e+02 5.261702389288109849e+00 5.259712457764775806e+00 6.164291779374527991e+00 6.163734677263417616e+00
4.330000000000000000e+02 5.263795941379912691e+00 5.267035486520284415e+00 6.166518907247380277e+00 6.171918805621033677e+00
4.340000000000000000e+02 5.257272808655441665e+00 5.261252352162351542e+00 6.159889572190584417e+00 6.165919924164247945e+00
4.350000000000000000e+02 5.263613203709619270e+00 5.267055024807977937e+00 6.167405450204715756e+00 6.172825527494927300e+00
4.360000000000000000e+02 5.259412085120739100e+00 5.261591961175533960e+00 6.162026452286004208e+00 6.165790437122141476e+00
4.370000000000000000e+02 5.261881686290218241e+00 5.257048670846961258e+00 6.165454035599434057e+00 6.161187635752503944e+00
4.380000000000000000e+02 5.261315772663916590e+00 5.263084930480233403e+00 6.164664700361248251e+00 6.167959589123416464e+00
4.390000000000000000e+02 5.266729188770988834e+00 5.265867713194624322e+00 6.170172945058742364e+00 6.169991169141661125e+00
4.400000000000000000e+02 5.262513015020436669e+00 5.263864328392006797e+00 6.165433769464049973e+00 6.167807843390937350e+00
4.410000000000000000e+02 5.257844327446137278e+00 5.259691881382878798e+00 6.160703490878698396e+00 6.163128092394965840e+00
4.420000000000000000e+02 5.264905259398366510e+00 5.266861396900799797e+00 6.167675635396912881e+00 6.170809003994094155e+00
4.430000000000000000e+02 5.267588502051270716e+00 5.259285562306422079e+00 6.172323037095797105e+00 6.163291764412229590e+00
4.440000000000000000e+02 5.269521660450940281e+00 5.268558885220921972e+00 6.173713033128968242e+00 6.173014912470412341e+00
4.450000000000000000e+02 5.261322263058533899e+00 5.262918289158910135e+00 6.164404773603893162e+00 6.166528436268607472e+00
4.460000000000000000e+02 5.261766530256890562e+00 5.255956411180533472e+00 6.164792424787606251e+00 6.158363527125030323e+00
4.470000000000000000e+02 5.258332957469995073e+00 5.264781056836048911e+00 6.160106903279799262e+00 6.167608687091674646e+00
4.480000000000000000e+02 5.259589296772462674e+00 5.255780721049241322e+00 6.162716723896632054e+00 6.158160289970274981e+00
4.490000000000000000e+02 5.259248006139916498e+00 5.251758736649042802e+00 6.162152976080498945e+00 6.153655583734255252e+00
4.500000000000000000e+02 5.249364652626003824e+00 5.258434817001655048e+00 6.151739878571257591e+00 6.162026773593563433e+00
4.510000000000000000e+02 5.266025304725580725e+00 5.263252294653853802e+00 6.170450654234412191e+00 6.167137911719019705e+00
4.520000000000000000e+02 5.266132450369992668e+00 5.269399382235114615e+00 6.171121469954528926e+00 6.174505565643168659e+00
4.530000000000000000e+02 5.267611645121898611e+00 5.272498471077515347e+00 6.173163376238541389e+00 6.178271553109305536e+00
4.540000000000000000e+02 5.272664150051097565e+00 5.264984859192409772e+00 6.179242014967161190e+00 6.169415493439398546e+00
4.550000000000000000e+02 5.264014072572305025e+00 5.261895216118251284e+00 6.169326039693631358e+00 6.165919363493841843e+00
4.560000000000000000e+02 5.262062498209705730e+00 5.265674883897170311e+00 6.167314881838366958e+00 6.170356401556150949e+00
4.570000000000000000e+02 5.257185203105061433e+00 5.256667100427836914e+00 6.161801833289534791e+00 6.159887089440071684e+00
4.580000000000000000e+02 5.259750092550333989e+00 5.265294755160042861e+00 6.163646909111595740e+00 6.168566419146624291e+00
4.590000000000000000e+02 5.255103502988320407e+00 5.258365630776354216e+00 6.158444245310203513e+00 6.160707730737201793e+00
4.600000000000000000e+02 5.250726533916536098e+00 5.252009058670160435e+00 6.154546450084860787e+00 6.154148382119483784e+00
4.610000000000000000e+02 5.256840790492131710e+00 5.255230107343364487e+00 6.161286454182526739e+00 6.157654598787908995e+00
4.620000000000000000e+02 5.253967440588442450e+00 5.254008762142468036e+00 6.158256222877723118e+00 6.156169393239702359e+00
4.630000000000000000e+02 5.255699282880263112e+00 5.258489110509804831e+00 6.161036451584691598e+00 6.161589469078808001e+00
4.640000000000000000e+02 5.261666512985558875e+00 5.260653210101816413e+00 6.168267327977995151e+00 6.164395239021456696e+00
4.650000000000000000e+02 5.254834602332827842e+00 5.260339947204245803e+00 6.159364501942953041e+00 6.162807535080302657e+00
4.660000000000000000e+02 5.254233297419760085e+00 5.258953559380636023e+00 6.158721473891398901e+00 6.161353476293146336e+00
4.670000000000000000e+02 5.258985272281025303e+00 5.257086308336770486e+00 6.164434319150077002e+00 6.159031137535828648e+00
4.680000000000000000e+02 5.258493113947258379e+00 5.257808449435998455e+00 6.164473236094965003e+00 6.160099137549787329e+00
4.690000000000000000e+02 5.258431775910679562e+00 5.260037653535794000e+00 6.164541464941818205e+00 6.162343082440989939e+00
4.700000000000000000e+02 5.260088742597139877e+00 5.259980880532577174e+00 6.166252568066497908e+00 6.161889283963579267e+00
4.710000000000000000e+02 5.257294348436838405e+00 5.263091336989942803e+00 6.163169323798681098e+00 6.165602414591858427e+00
4.720000000000000000e+02 5.255444873939950412e+00 5.260690446247004992e+00 6.161329774155905881e+00 6.162831396361876379e+00
4.730000000000000000e+02 5.255786645302474192e+00 5.257786908179257424e+00 6.162188769852138037e+00 6.159545077556709103e+00
4.740000000000000000e+02 5.258339686375729016e+00 5.262932222534859150e+00 6.164970202203570615e+00 6.165149573544786321e+00
4.750000000000000000e+02 5.269279743497391699e+00 5.272393567702028605e+00 6.178526036296729806e+00 6.176375784609342112e+00
4.760000000000000000e+02 5.261372628057308098e+00 5.265141327384590397e+00 6.170049944170916234e+00 6.168777986966722082e+00
4.770000000000000000e+02 5.257515283042025089e+00 5.256781612290652994e+00 6.165824869635461170e+00 6.158881391351632928e+00
4.780000000000000000e+02 5.249868101751238747e+00 5.255695196090412580e+00 6.156575947909483482e+00 6.157434059735449772e+00
4.790000000000000000e+02 5.251418006011856043e+00 5.263128251619347608e+00 6.158059231479665385e+00 6.165075499610856546e+00
4.800000000000000000e+02 5.252971673600086433e+00 5.263106072118880263e+00 6.160606750780412533e+00 6.165124190149188443e+00
4.810000000000000000e+02 5.263790655350861769e+00 5.269833402179056492e+00 6.172708212496393010e+00 6.172916416051744903e+00
4.820000000000000000e+02 5.254707037665945712e+00 5.270955130241805620e+00 6.163853190992726105e+00 6.175293208989870664e+00
4.830000000000000000e+02 5.265286747486685570e+00 5.273010645997064927e+00 6.176730528559495781e+00 6.177940266810137082e+00
4.840000000000000000e+02 5.268705185585302431e+00 5.266314145827063697e+00 6.180560417109902005e+00 6.169865605711895462e+00
4.850000000000000000e+02 5.261459914162986529e+00 5.268908102904068080e+00 6.171540197308491571e+00 6.172400792468917707e+00
4.860000000000000000e+02 5.254771821736139437e+00 5.264277850442095286e+00 6.163764306293627371e+00 6.166976554832848123e+00
4.870000000000000000e+02 5.256572769868467887e+00 5.267899206050152827e+00 6.166366039365815510e+00 6.171078068590697185e+00
4.880000000000000000e+02 5.262308496276769887e+00 5.269660353977604572e+00 6.173188759971774076e+00 6.173572494725021897e+00
4.890000000000000000e+02 5.260506669336399987e+00 5.270824123437792608e+00 6.171161589509226886e+00 6.174690382631675689e+00
4.900000000000000000e+02 5.263218179371486727e+00 5.271690485136153903e+00 6.174183648578739358e+00 6.175710096520260706e+00
4.910000000000000000e+02 5.262066022024149525e+00 5.269015087443675860e+00 6.173596598826929238e+00 6.173168741395116399e+00
4.920000000000000000e+02 5.259901761161708933e+00 5.272813173630193972e+00 6.170642522708809530e+00 6.177072701117812592e+00
4.930000000000000000e+02 5.257681124845534626e+00 5.267840266273364769e+00 6.168628480766719768e+00 6.171714284100974446e+00
4.940000000000000000e+02 5.260092347311407401e+00 5.268787506942735455e+00 6.171756409122568066e+00 6.173174027253222285e+00
4.950000000000000000e+02 5.265063493996505528e+00 5.275954224029730355e+00 6.177272821674094416e+00 6.181040486090996211e+00
4.960000000000000000e+02 5.260531571839638154e+00 5.271444647523981786e+00 6.172785328017849515e+00 6.175801307026320686e+00
4.970000000000000000e+02 5.258867877984798156e+00 5.269166194325523023e+00 6.170550593896441782e+00 6.173161694831962087e+00
4.980000000000000000e+02 5.260953983374467846e+00 5.264276649082935577e+00 6.172426741154009910e+00 6.167175468454892062e+00
4.990000000000000000e+02 5.261627034871209752e+00 5.268166424365618106e+00 6.173355162251858985e+00 6.171722854772434985e+00
5.000000000000000000e+02 5.259608916969000347e+00 5.264003503284698127e+00 6.170377064400920375e+00 6.166207644907264473e+00
