# delays[ps] pumped_signal, blocked_signal, pumped_reference, blocked_reference
-2.000000000000000000e+01 4.712066452316234333e+00 4.709413721380966145e+00 6.011988653374207736e+00 6.009072936399909359e+00
-1.800000000000000000e+01 4.719627861815610004e+00 4.718760140310947371e+00 6.021813495627877266e+00 6.021242939550456974e+00
-1.600000000000000000e+01 4.707100680612631649e+00 4.700438624099102292e+00 6.006231053174440504e+00 5.998321597384298265e+00
-1.400000000000000000e+01 4.709153949174628373e+00 4.703151812357684314e+00 6.008802912871440860e+00 6.001603107758061384e+00
-1.200000000000000000e+01 4.707559125109872511e+00 4.708292317281460804e+00 6.005981770886385185e+00 6.007341977601749150e+00
-1.000000000000000000e+01 4.703320537491763709e+00 4.702040097593786605e+00 6.000881929201989706e+00 5.999469917542385566e+00
-8.000000000000000000e+00 4.704690665234826596e+00 4.712616746231755194e+00 6.002697695786319620e+00 6.012831394618288527e+00
-6.000000000000000000e+00 4.711548671028433333e+00 4.713293882461117690e+00 6.011435316013701957e+00 6.013889063668120372e+00
-4.000000000000000000e+00 4.704625643584231298e+00 4.707448857735400338e+00 6.001009175376980309e+00 6.004744886066451848e+00
-2.000000000000000000e+00 4.718185822784880301e+00 4.710526320651864829e+00 6.020378416358142637e+00 6.011229837170841250e+00
-1.000000000000000000e+00 4.709458326980373144e+00 4.711865461209961303e+00 6.008789865686778420e+00 6.011892166839106544e+00
-9.000000000000000222e-01 4.718813711873086625e+00 4.720170867702374373e+00 6.020435673190177361e+00 6.022382768793628216e+00
-8.000000000000000444e-01 4.712341038869702459e+00 4.709988279483091844e+00 6.011626381732059876e+00 6.008992860812809589e+00
-6.999999999999999556e-01 4.723581771424824716e+00 4.718599103042357967e+00 6.026161000948301982e+00 6.020161164377380913e+00
-5.999999999999999778e-01 4.711136830867976855e+00 4.717242349485133879e+00 6.010916729434783612e+00 6.019012849824893152e+00
-5.000000000000000000e-01 4.724787742090174270e+00 4.722477424115201217e+00 6.027407897853545471e+00 6.024739303590203932e+00
-4.000000000000000222e-01 4.714165287755329281e+00 4.710822687643914541e+00 6.013981474905397029e+00 6.010139255456677709e+00
-2.999999999999999889e-01 4.728173662527029641e+00 4.725133437478029386e+00 6.031303606230203229e+00 6.027762643737045067e+00
-2.000000000000000111e-01 4.722038837282278578e+00 4.720161978110080092e+00 6.024644568050574023e+00 6.021184400583227792e+00
-1.000000000000000056e-01 4.722369717530851219e+00 4.724539420457760208e+00 6.026793618352128235e+00 6.026285043356695681e+00
0.000000000000000000e+00 4.716554402124674361e+00 4.717887694260843645e+00 6.021639164534231092e+00 6.018465115295455803e+00
1.000000000000000056e-01 4.702614492057718643e+00 4.709899872125239639e+00 6.004972147176290242e+00 6.007650911701317042e+00
2.000000000000000111e-01 4.724685082885975440e+00 4.725712479578017877e+00 6.033509276437858837e+00 6.027941139271791648e+00
2.999999999999999889e-01 4.721105372557948598e+00 4.725420914917600079e+00 6.029739766638436471e+00 6.027301392519992085e+00
4.000000000000000222e-01 4.720633394500557856e+00 4.721691062255580995e+00 6.029666894633764151e+00 6.022733352130476447e+00
5.000000000000000000e-01 4.703050355401666494e+00 4.714269628526601252e+00 6.007234190424957099e+00 6.013201114959885629e+00
5.999999999999999778e-01 4.716730972870655236e+00 4.728694969843091123e+00 6.024482250532662952e+00 6.031051284763272236e+00
6.999999999999999556e-01 4.723799023521617180e+00 4.729153092619765353e+00 6.033050268635760993e+00 6.031267332421941241e+00
8.000000000000000444e-01 4.718444073075833245e+00 4.728061155049355868e+00 6.026970511518221940e+00 6.029923226107984924e+00
9.000000000000000222e-01 4.725044151011406512e+00 4.736781607226614454e+00 6.035332330855915473e+00 6.041106989334306121e+00
1.000000000000000000e+00 4.726171482788600109e+00 4.736855119948560677e+00 6.036799917268841575e+00 6.040836088456032371e+00
1.100000000000000089e+00 4.725380556517182917e+00 4.729504313541376348e+00 6.035823367515862792e+00 6.031621918413820893e+00
1.199999999999999956e+00 4.715602280296679716e+00 4.723170417269813903e+00 6.024111492733936757e+00 6.023789181979591234e+00
1.300000000000000044e+00 4.714755299667658939e+00 4.724470154759253582e+00 6.022971984263402412e+00 6.025431655736670500e+00
1.399999999999999911e+00 4.709136172124848585e+00 4.724736573810412565e+00 6.015592320175058738e+00 6.025212964570759056e+00
1.500000000000000000e+00 4.712597205018616009e+00 4.720746544806967648e+00 6.019833484101936527e+00 6.020018626461711264e+00
1.600000000000000089e+00 4.712504237981190336e+00 4.721448987921210261e+00 6.019799857543986832e+00 6.020967954718235760e+00
1.699999999999999956e+00 4.709644665364447036e+00 4.720435523859966231e+00 6.015810853627508337e+00 6.019576116650036113e+00
1.800000000000000044e+00 4.708916679863965449e+00 4.721012803874518049e+00 6.014750541979801746e+00 6.020186231450107783e+00
1.899999999999999911e+00 4.706291974991748894e+00 4.711550994280341520e+00 6.011950215021790278e+00 6.008399483863027690e+00
2.000000000000000000e+00 4.705869646462293332e+00 4.714829049898596303e+00 6.011519958000006270e+00 6.012513404043371423e+00
3.000000000000000000e+00 4.714449886304249659e+00 4.722120360813323536e+00 6.022735199413289386e+00 6.021579033843480033e+00
4.000000000000000000e+00 4.705261858612046488e+00 4.722194988146940275e+00 6.012568500756644063e+00 6.023009215428920982e+00
5.000000000000000000e+00 4.701903723429841087e+00 4.716083706842891132e+00 6.007109427581236893e+00 6.014632507908469705e+00
6.000000000000000000e+00 4.711901813663409655e+00 4.721497593025049788e+00 6.019772630325956442e+00 6.021546273533206595e+00
7.000000000000000000e+00 4.704373637909225359e+00 4.712288671630037840e+00 6.010886384181636899e+00 6.010593864004921016e+00
8.000000000000000000e+00 4.710068915962263070e+00 4.713311420938993024e+00 6.017883749636391499e+00 6.011290537951285096e+00
9.000000000000000000e+00 4.709990522064485319e+00 4.714398797157482335e+00 6.016900957463303001e+00 6.011750270024429632e+00
1.000000000000000000e+01 4.703896054365955592e+00 4.711620101483790179e+00 6.009923686131966925e+00 6.008649007296786415e+00
1.100000000000000000e+01 4.705687229491857693e+00 4.719642915909566305e+00 6.013252363405451995e+00 6.019655634692304247e+00
1.200000000000000000e+01 4.711142116149789061e+00 4.721225971003936372e+00 6.019445509464407706e+00 6.021163503546824280e+00
1.300000000000000000e+01 4.703313008749197444e+00 4.704576155071845456e+00 6.009546357847048270e+00 6.000036387780953717e+00
1.400000000000000000e+01 4.699553046250517951e+00 4.708910755579044149e+00 6.004610277939342211e+00 6.005337464838909511e+00
1.500000000000000000e+01 4.707724242614527377e+00 4.715982889032701131e+00 6.015495583932159107e+00 6.014196723721110693e+00
1.600000000000000000e+01 4.704741754251799968e+00 4.709952804152267802e+00 6.010979994470921461e+00 6.006039184798291686e+00
1.700000000000000000e+01 4.705689471353818654e+00 4.716031417181164365e+00 6.011178424662937836e+00 6.013135773607771739e+00
1.800000000000000000e+01 4.704742554858738934e+00 4.711668787153068472e+00 6.009788274439280542e+00 6.007884820379798541e+00
1.900000000000000000e+01 4.703050355386759307e+00 4.710854080331673188e+00 6.007597423786833701e+00 6.006732424708760121e+00
2.000000000000000000e+01 4.703178879743258101e+00 4.711753990359007993e+00 6.007308502095590974e+00 6.007986360488026811e+00
2.100000000000000000e+01 4.715416498229039632e+00 4.727123606204961526e+00 6.023299498454110612e+00 6.027655739180036498e+00
2.200000000000000000e+01 4.714928906120894325e+00 4.720473560752430409e+00 6.021674397930189215e+00 6.018855255247795633e+00
2.300000000000000000e+01 4.706176744629370745e+00 4.716160500125637256e+00 6.010189304049964321e+00 6.014058827273544239e+00
2.400000000000000000e+01 4.702840951708318507e+00 4.708634329007395536e+00 6.006012920393867027e+00 6.004350907515148883e+00
2.500000000000000000e+01 4.710595105660813076e+00 4.711874828358167733e+00 6.014962906669576448e+00 6.008273041291272598e+00
2.600000000000000000e+01 4.711446733910052309e+00 4.720091992680697679e+00 6.016024265241152413e+00 6.018723290425970873e+00
2.700000000000000000e+01 4.711778414143953597e+00 4.723129735886049119e+00 6.016313023797793313e+00 6.022230941582400021e+00
2.800000000000000000e+01 4.724210222420581751e+00 4.731123003346386469e+00 6.031775348549817117e+00 6.032082208106074539e+00
2.900000000000000000e+01 4.712318697121304467e+00 4.721663672500246989e+00 6.016494078601002826e+00 6.019963450104460989e+00
3.000000000000000000e+01 4.710122490578741328e+00 4.718065548842521828e+00 6.012923087707457093e+00 6.014965153833815137e+00
3.100000000000000000e+01 4.704151904524598748e+00 4.714712217994166288e+00 6.005885600897230781e+00 6.011088179728951708e+00
3.200000000000000000e+01 4.710343824175931893e+00 4.717339087596628566e+00 6.012686135190422831e+00 6.013865529667692833e+00
3.300000000000000000e+01 4.711608329150938523e+00 4.720606090363371976e+00 6.014057788756280942e+00 6.017822492590047645e+00
3.400000000000000000e+01 4.711612414199746190e+00 4.716506356509441389e+00 6.015271772334241263e+00 6.013179734152050315e+00
3.500000000000000000e+01 4.718470339897667287e+00 4.724921314184224563e+00 6.023988011897782435e+00 6.024279498888163609e+00
3.600000000000000000e+01 4.704280748487575714e+00 4.715350436683152680e+00 6.006121028183941668e+00 6.012332430698685393e+00
3.700000000000000000e+01 4.707165862586207616e+00 4.711809564925877325e+00 6.009833596452688553e+00 6.007777358474939433e+00
3.800000000000000000e+01 4.724235208416138754e+00 4.729754396494231017e+00 6.031256206959916710e+00 6.030097956545995785e+00
3.900000000000000000e+01 4.725694700890681332e+00 4.728685360294433870e+00 6.032381777994662464e+00 6.028020735052818324e+00
4.000000000000000000e+01 4.721067175385387671e+00 4.726218808453864995e+00 6.026577809074272984e+00 6.024839477009162003e+00
4.100000000000000000e+01 4.714583931715192300e+00 4.722315665949159857e+00 6.019053367118585740e+00 6.020192716308776504e+00
4.200000000000000000e+01 4.737045783058290382e+00 4.739237267879923721e+00 6.047001125265942356e+00 6.041259378346282460e+00
4.300000000000000000e+01 4.727368564215334246e+00 4.733705747855427859e+00 6.035191714525286244e+00 6.034287876938328132e+00
4.400000000000000000e+01 4.716853812133131818e+00 4.726368394286006414e+00 6.022198348418369207e+00 6.025179089128968712e+00
4.500000000000000000e+01 4.715712786937115375e+00 4.720944500246505804e+00 6.020507664623204747e+00 6.018574107914870908e+00
4.600000000000000000e+01 4.716185484657295035e+00 4.720294988475537856e+00 6.021173431564420753e+00 6.017894882330434569e+00
4.700000000000000000e+01 4.710763671307573119e+00 4.725428284071593765e+00 6.014055788428100513e+00 6.023694846701402206e+00
4.800000000000000000e+01 4.721524018755484775e+00 4.727352308373199641e+00 6.028452354671668623e+00 6.026610242826893504e+00
4.900000000000000000e+01 4.727222582649683424e+00 4.736249490048820121e+00 6.035001529183642965e+00 6.037480256880148666e+00
5.000000000000000000e+01 4.721410950011291519e+00 4.725062088803185567e+00 6.026765114344604157e+00 6.022731108269287148e+00
5.100000000000000000e+01 4.724924594060611049e+00 4.734516611641051753e+00 6.031460080217454056e+00 6.034611467457167144e+00
5.200000000000000000e+01 4.727257015584035216e+00 4.738178482231416133e+00 6.034400303245273101e+00 6.039017357592769919e+00
5.300000000000000000e+01 4.728013829272462054e+00 4.730974540144232243e+00 6.034949077497782532e+00 6.029984488109255913e+00
5.400000000000000000e+01 4.733029570376322326e+00 4.734669161318199926e+00 6.041006731639448013e+00 6.034562703647744719e+00
5.500000000000000000e+01 4.731846263834520450e+00 4.743343888335002312e+00 6.039893248975986673e+00 6.046286830879962437e+00
5.600000000000000000e+01 4.729288425054989808e+00 4.734848375361965900e+00 6.037173082628314091e+00 6.035739209238832892e+00
5.700000000000000000e+01 4.719202167309665796e+00 4.726673730846622234e+00 6.024580664947345454e+00 6.025327795154019839e+00
5.800000000000000000e+01 4.722488155615066852e+00 4.729744066550752635e+00 6.028228461483542411e+00 6.029037965122686415e+00
5.900000000000000000e+01 4.722983594575679511e+00 4.735712650309459093e+00 6.028430895918237553e+00 6.035781484683846010e+00
6.000000000000000000e+01 4.718091414023925623e+00 4.730298683925541425e+00 6.021539071440268565e+00 6.028581920855148546e+00
6.100000000000000000e+01 4.717032307655436796e+00 4.724945895604389712e+00 6.020746620660971438e+00 6.022407031668381094e+00
6.200000000000000000e+01 4.714098022815836231e+00 4.724082100462926981e+00 6.016551336433887620e+00 6.020670946277314250e+00
6.300000000000000000e+01 4.716933729310930801e+00 4.729890127280532930e+00 6.020058425340485186e+00 6.028137647181194048e+00
6.400000000000000000e+01 4.730222688559939215e+00 4.737265597074135748e+00 6.036272361793830754e+00 6.037207435484789997e+00
6.500000000000000000e+01 4.725617586669599746e+00 4.728390754385325856e+00 6.029911214679276377e+00 6.025589728624358266e+00
6.600000000000000000e+01 4.731605152775068213e+00 4.741976082150452854e+00 6.038189996684309335e+00 6.042949582189661051e+00
6.700000000000000000e+01 4.730105937414926132e+00 4.738432728653163117e+00 6.037031825108235772e+00 6.039063722633288833e+00
6.800000000000000000e+01 4.729030575315073648e+00 4.733750828967997037e+00 6.034911361857497880e+00 6.032937117125960924e+00
6.900000000000000000e+01 4.738074139844418831e+00 4.739027465643222747e+00 6.046295478474857710e+00 6.038999901503711243e+00
7.000000000000000000e+01 4.729134515287234386e+00 4.736715143231617908e+00 6.035358435397032650e+00 6.036546071296288396e+00
7.100000000000000000e+01 4.721090478771077237e+00 4.730849298210203280e+00 6.025306493635638638e+00 6.028928899727368673e+00
7.200000000000000000e+01 4.734476652727917845e+00 4.734259244273739675e+00 6.042123978504875481e+00 6.032686718538005088e+00
7.300000000000000000e+01 4.729424796054336078e+00 4.734611667032405435e+00 6.036317287270522414e+00 6.033276654994531363e+00
7.400000000000000000e+01 4.724475840125752057e+00 4.732013145761682971e+00 6.030235450493691474e+00 6.030191887684257068e+00
7.500000000000000000e+01 4.732253778647856457e+00 4.729253512579745689e+00 6.040262327786788177e+00 6.026981967305679255e+00
7.600000000000000000e+01 4.728643959731835267e+00 4.738709955679997421e+00 6.035677625953955072e+00 6.038687513090301273e+00
7.700000000000000000e+01 4.724537017564278685e+00 4.730078470098727728e+00 6.030098993866234380e+00 6.027691213285608640e+00
7.800000000000000000e+01 4.725615425644097201e+00 4.738120663553847756e+00 6.031238268287550497e+00 6.037709839786053578e+00
7.900000000000000000e+01 4.720419107874735509e+00 4.726469373042892386e+00 6.025454156953635731e+00 6.023351712585718332e+00
8.000000000000000000e+01 4.723076084433957433e+00 4.739829760458697194e+00 6.028440826058662161e+00 6.039720116736798872e+00
8.100000000000000000e+01 4.728052585408028641e+00 4.733702384084337744e+00 6.035608996872219301e+00 6.032824531703692372e+00
8.200000000000000000e+01 4.728608005331971675e+00 4.736711140261021136e+00 6.036109487077819580e+00 6.036072252063373611e+00
8.300000000000000000e+01 4.725031418430514663e+00 4.731798457332102359e+00 6.030556402447250441e+00 6.029133577171823966e+00
8.400000000000000000e+01 4.732605559575012499e+00 4.735926057925278876e+00 6.039589192466064738e+00 6.034495835160117672e+00
8.500000000000000000e+01 4.722074472412614909e+00 4.729163024046751040e+00 6.026245407052152281e+00 6.025643623129267823e+00
8.600000000000000000e+01 4.723104829903644664e+00 4.729840961713598801e+00 6.028156144296914043e+00 6.027111212516429006e+00
8.700000000000000000e+01 4.729562448893863014e+00 4.736351350912745950e+00 6.036449094336718169e+00 6.035747614812329687e+00
8.800000000000000000e+01 4.724861975750160425e+00 4.733871750123169519e+00 6.030502513184551994e+00 6.032210417863660190e+00
8.900000000000000000e+01 4.727175577594634248e+00 4.735186301737582149e+00 6.033174952519980927e+00 6.033598243303616826e+00
9.000000000000000000e+01 4.727447039821575991e+00 4.741012268392053919e+00 6.034003437050659890e+00 6.041281880132354232e+00
9.100000000000000000e+01 4.729128510313949540e+00 4.738419595101339254e+00 6.036017318354737426e+00 6.037662357166708738e+00
9.200000000000000000e+01 4.726266134967043619e+00 4.735381051572764122e+00 6.032189271033594480e+00 6.033301236396845013e+00
9.300000000000000000e+01 4.727160201328787004e+00 4.737093670865154316e+00 6.033562767189714293e+00 6.035220863028154525e+00
9.400000000000000000e+01 4.732797585170851917e+00 4.742935893867455732e+00 6.041199718984853639e+00 6.043067699900158907e+00
9.500000000000000000e+01 4.728147397955511089e+00 4.736266068210408520e+00 6.034794845685977904e+00 6.034170479826541644e+00
9.600000000000000000e+01 4.718761662044731686e+00 4.730533311384431450e+00 6.023169775168282669e+00 6.026524798922377357e+00
9.700000000000000000e+01 4.734608300666649505e+00 4.739182895850635902e+00 6.043874963278555335e+00 6.037492033188586404e+00
9.800000000000000000e+01 4.718770632311265700e+00 4.738263843922163154e+00 6.025435983870651491e+00 6.037003075077760350e+00
9.900000000000000000e+01 4.726894185684105132e+00 4.737029927504591065e+00 6.035242726722997553e+00 6.035266824532237173e+00
1.000000000000000000e+02 4.723170095643954625e+00 4.732558236132162754e+00 6.030885285269460994e+00 6.029622137296039242e+00
1.010000000000000000e+02 4.725795039032058220e+00 4.738676806543364428e+00 6.034691547711723558e+00 6.037837251658405791e+00
1.020000000000000000e+02 4.733962716432396078e+00 4.741075769251374084e+00 6.044978280221093847e+00 6.040903350331058519e+00
1.030000000000000000e+02 4.742027490073465579e+00 4.751372629285359750e+00 6.054041413630904422e+00 6.052947069950573855e+00
1.040000000000000000e+02 4.717147937862962159e+00 4.733330343508332483e+00 6.023664656787433458e+00 6.030148727703088518e+00
1.050000000000000000e+02 4.730316459406643581e+00 4.738095840452939633e+00 6.039914466344012745e+00 6.036574256532118099e+00
1.060000000000000000e+02 4.719278720975521146e+00 4.731840017474326920e+00 6.027460025965059920e+00 6.029659849053293108e+00
1.070000000000000000e+02 4.712102566434289486e+00 4.725232892975117061e+00 6.017882627478563506e+00 6.021103121062778563e+00
1.080000000000000000e+02 4.723213976727835828e+00 4.737351280001656839e+00 6.031090842332004875e+00 6.035070315403054053e+00
1.090000000000000000e+02 4.724965274670984705e+00 4.736105912272202012e+00 6.033486935116156857e+00 6.033353042998396809e+00
1.100000000000000000e+02 4.729259115707000305e+00 4.738098325608241623e+00 6.039307718203421160e+00 6.036374948196762347e+00
1.110000000000000000e+02 4.720860095351651076e+00 4.730705878203663062e+00 6.029286366474762460e+00 6.027304436835138723e+00
1.120000000000000000e+02 4.724194849231491133e+00 4.738499912418515869e+00 6.032566121587680463e+00 6.036315365108384512e+00
1.130000000000000000e+02 4.725100284833882114e+00 4.739677694299751387e+00 6.034024096442000662e+00 6.037838928407672334e+00
1.140000000000000000e+02 4.724008667689562735e+00 4.736983402608620608e+00 6.032583336338284141e+00 6.034322145639229085e+00
1.150000000000000000e+02 4.722588570171839528e+00 4.729466037476168339e+00 6.031029822160750342e+00 6.025346453337722785e+00
1.160000000000000000e+02 4.735269340211911704e+00 4.743982585918221417e+00 6.047539407203139206e+00 6.043662513663409896e+00
1.170000000000000000e+02 4.718552257843322550e+00 4.728730765153445148e+00 6.026568119912131927e+00 6.024371905689142714e+00
1.180000000000000000e+02 4.724475601997550456e+00 4.739534517962512794e+00 6.034078875216222215e+00 6.037268618174754131e+00
1.190000000000000000e+02 4.727465937617016500e+00 4.744089971271115758e+00 6.038201922002585320e+00 6.043392733671102413e+00
1.200000000000000000e+02 4.731428178520551420e+00 4.742965523228800606e+00 6.043380082294550704e+00 6.041836502987094626e+00
1.210000000000000000e+02 4.731682586048328254e+00 4.741607965680069370e+00 6.044308507763248350e+00 6.040503682472635916e+00
1.220000000000000000e+02 4.725906426208797306e+00 4.741359642957453602e+00 6.036779097619930035e+00 6.039785459433645975e+00
1.230000000000000000e+02 4.723799182301910982e+00 4.742253549614908081e+00 6.034612185990428479e+00 6.041084884511294106e+00
1.240000000000000000e+02 4.724646404626100527e+00 4.738049395885029824e+00 6.035565916483641935e+00 6.035808872425332261e+00
1.250000000000000000e+02 4.728113845118092406e+00 4.742793353565129877e+00 6.040743034097471487e+00 6.041944442458718534e+00
1.260000000000000000e+02 4.709955928497151945e+00 4.721927130088252156e+00 6.017959427527206806e+00 6.014866814766677727e+00
1.270000000000000000e+02 4.725128791601477474e+00 4.739558137923944869e+00 6.037087396031396658e+00 6.036827382956733601e+00
1.280000000000000000e+02 4.712802286309629274e+00 4.733373904358192163e+00 6.022184176905251540e+00 6.029447242312078181e+00
1.290000000000000000e+02 4.717936380123607165e+00 4.729764086289734770e+00 6.029338814826035176e+00 6.024920678844449817e+00
1.300000000000000000e+02 4.714820882956777481e+00 4.738454109689364202e+00 6.025253724504272768e+00 6.035576809766775241e+00
1.310000000000000000e+02 4.719996460366946422e+00 4.733376307637769287e+00 6.030956476264623944e+00 6.029483839797699751e+00
1.320000000000000000e+02 4.723439555140096502e+00 4.736652441004724601e+00 6.034144453694527677e+00 6.032287203743140758e+00
1.330000000000000000e+02 4.720167749939957247e+00 4.740498410603374957e+00 6.030613990311882056e+00 6.037634010578686983e+00
1.340000000000000000e+02 4.713876526253531374e+00 4.730695308076358074e+00 6.022593532816896911e+00 6.025530150380756567e+00
1.350000000000000000e+02 4.713363871083754653e+00 4.719460419999029099e+00 6.021772176981103009e+00 6.011741535099510259e+00
1.360000000000000000e+02 4.711385632627403730e+00 4.731219655554095738e+00 6.017741772553525159e+00 6.025590847884912726e+00
1.370000000000000000e+02 4.722312464399346155e+00 4.736459136922117175e+00 6.031429575004830568e+00 6.032087175634681664e+00
1.380000000000000000e+02 4.715431634756030554e+00 4.723610288233227372e+00 6.022927860524553978e+00 6.016578574500269561e+00
1.390000000000000000e+02 4.718920537666098980e+00 4.730666799852810911e+00 6.026634270055974518e+00 6.024946941585803017e+00
1.400000000000000000e+02 4.714928185034365171e+00 4.723604835936045632e+00 6.022098570043177723e+00 6.015923842797880283e+00
1.410000000000000000e+02 4.707639760997562206e+00 4.724901612804196738e+00 6.013315783365851708e+00 6.018383436309174606e+00
1.420000000000000000e+02 4.710033521884263941e+00 4.727230591401956339e+00 6.015655261577468771e+00 6.020953699852434227e+00
1.430000000000000000e+02 4.717741232332115509e+00 4.734546721829394400e+00 6.025133605151607341e+00 6.029684354290220760e+00
1.440000000000000000e+02 4.726134968190105035e+00 4.734472088659462230e+00 6.035321680330318905e+00 6.029717504912921910e+00
1.450000000000000000e+02 4.727363196545234736e+00 4.743114947173042495e+00 6.036885357787867612e+00 6.040462043459914554e+00
1.460000000000000000e+02 4.727354949602991852e+00 4.739405670584119434e+00 6.036338507630663486e+00 6.035763308281301143e+00
1.470000000000000000e+02 4.730654549372587780e+00 4.749564558102276735e+00 6.040321186764089134e+00 6.048606448262713542e+00
1.480000000000000000e+02 4.736978996300455158e+00 4.751746431489573652e+00 6.048022355244043524e+00 6.050471540224536149e+00
1.490000000000000000e+02 4.729153253291398684e+00 4.741147279110482060e+00 6.038180541582391037e+00 6.036994106885040345e+00
1.500000000000000000e+02 4.729970846124816219e+00 4.739500565840693902e+00 6.038978519145349999e+00 6.034882297569358123e+00
1.510000000000000000e+02 4.721961802301917643e+00 4.738861223350793850e+00 6.029456770628748075e+00 6.034601859048994932e+00
1.520000000000000000e+02 4.733112450033963192e+00 4.744218496515533623e+00 6.043759569553452948e+00 6.041297575886081184e+00
1.530000000000000000e+02 4.725574503212459199e+00 4.739983191942028995e+00 6.034404944580191277e+00 6.035885350217673917e+00
1.540000000000000000e+02 4.727426859950836224e+00 4.734926130595708216e+00 6.036874390485638564e+00 6.029711502838337012e+00
1.550000000000000000e+02 4.721443221249490563e+00 4.736789775656888857e+00 6.028562943925311224e+00 6.030866624139971321e+00
1.560000000000000000e+02 4.732487765277322289e+00 4.746380191249942371e+00 6.041980639781522555e+00 6.042183717063455362e+00
1.570000000000000000e+02 4.730280186820275290e+00 4.738671679959494121e+00 6.039561087857184596e+00 6.033471079206540466e+00
1.580000000000000000e+02 4.720041141390900918e+00 4.732008820805932992e+00 6.026806993333350349e+00 6.024629432967453013e+00
1.590000000000000000e+02 4.730899266067584819e+00 4.743188056846916467e+00 6.040862032049609809e+00 6.039202014799716522e+00
1.600000000000000000e+02 4.715958866036755737e+00 4.735049609851403218e+00 6.022269620561902848e+00 6.029445883490182290e+00
1.610000000000000000e+02 4.707092512354149605e+00 4.718498046496373277e+00 6.010917853537169009e+00 6.008071001775793896e+00
1.620000000000000000e+02 4.717193583112171851e+00 4.729767850489868586e+00 6.023439960176592223e+00 6.021896857263149272e+00
1.630000000000000000e+02 4.718483711337477793e+00 4.739127158935546369e+00 6.025613751111046135e+00 6.034105371491770953e+00
1.640000000000000000e+02 4.721631723840873818e+00 4.740228308299424320e+00 6.029669861077325166e+00 6.035508340893347423e+00
1.650000000000000000e+02 4.717537515337755671e+00 4.728499021220156528e+00 6.024877596964302917e+00 6.021303320980136320e+00
1.660000000000000000e+02 4.720306519434223524e+00 4.734651223029226585e+00 6.027535143701878262e+00 6.028652710251375169e+00
1.670000000000000000e+02 4.715394317378473588e+00 4.722119315778185111e+00 6.021351604138596159e+00 6.012853494396785514e+00
1.680000000000000000e+02 4.717154741572984200e+00 4.726149701264153791e+00 6.023305421364645085e+00 6.017787493831614043e+00
1.690000000000000000e+02 4.724804237140120655e+00 4.734993634594081513e+00 6.032842785451133949e+00 6.028675772038713632e+00
1.700000000000000000e+02 4.720567490503467134e+00 4.727736280365605559e+00 6.027499184849482994e+00 6.019980110124389938e+00
1.710000000000000000e+02 4.717396577529618718e+00 4.730430332185065367e+00 6.023424740549695677e+00 6.023108996046007135e+00
1.720000000000000000e+02 4.721227251706506145e+00 4.727342777920289230e+00 6.028732388498532657e+00 6.019505646344128991e+00
1.730000000000000000e+02 4.722327997584260473e+00 4.736482839759246666e+00 6.030289501765128790e+00 6.031220652046220820e+00
1.740000000000000000e+02 4.723718946586342504e+00 4.729991188625644938e+00 6.031216645681435118e+00 6.022810309668550133e+00
1.750000000000000000e+02 4.728520479730857318e+00 4.730775467977051285e+00 6.037472412119381460e+00 6.023902010334042600e+00
1.760000000000000000e+02 4.724840193932497989e+00 4.736692881157069657e+00 6.032549784309641616e+00 6.031162430885396830e+00
1.770000000000000000e+02 4.724049909912902301e+00 4.738980939341690402e+00 6.031322593915857233e+00 6.033299071055791885e+00
1.780000000000000000e+02 4.731886302070979156e+00 4.746196814802764230e+00 6.040929376374026383e+00 6.041827052495056805e+00
1.790000000000000000e+02 4.728285212267540949e+00 4.751804969681070467e+00 6.036563368612523739e+00 6.049375436380408644e+00
1.800000000000000000e+02 4.729380835037485298e+00 4.745705698792119342e+00 6.039507355418030521e+00 6.043175004585380705e+00
1.810000000000000000e+02 4.714301099950120033e+00 4.733561688331031192e+00 6.019979393149982982e+00 6.027135636603973445e+00
1.820000000000000000e+02 4.713201231139387382e+00 4.725945824852659349e+00 6.019252039886223038e+00 6.018114614603873314e+00
1.830000000000000000e+02 4.716447898559526841e+00 4.731033875809008471e+00 6.022667765053372868e+00 6.023938200218686312e+00
1.840000000000000000e+02 4.723376293221043909e+00 4.735736033619197372e+00 6.030943337107688151e+00 6.029541333191409613e+00
1.850000000000000000e+02 4.736362079715758178e+00 4.744361595417487365e+00 6.046721732171675079e+00 6.040066538237987892e+00
1.860000000000000000e+02 4.721519373666166253e+00 4.742593399598521664e+00 6.028854184644985459e+00 6.038366720249881858e+00
1.870000000000000000e+02 4.726698553468438035e+00 4.736145951739693771e+00 6.035297174516504271e+00 6.030368700104173030e+00
1.880000000000000000e+02 4.723272114958604107e+00 4.737928880272862742e+00 6.030611019310656573e+00 6.031874085633799787e+00
1.890000000000000000e+02 4.731729911654118048e+00 4.745103835264579573e+00 6.041887831501915329e+00 6.040939228467003375e+00
1.900000000000000000e+02 4.714835776086440333e+00 4.728199770997630225e+00 6.020002851751583783e+00 6.019195909718144222e+00
1.910000000000000000e+02 4.719120729437643824e+00 4.729970365920475039e+00 6.025213923384258763e+00 6.021393085381789412e+00
1.920000000000000000e+02 4.723118764332973285e+00 4.732366129407679978e+00 6.030546632631743620e+00 6.024273010617973156e+00
1.930000000000000000e+02 4.711447853339374880e+00 4.724402970072202557e+00 6.015167908644032835e+00 6.013850145904486411e+00
1.940000000000000000e+02 4.713573834223641512e+00 4.722846262311946042e+00 6.019098454261804676e+00 6.012812498499306102e+00
1.950000000000000000e+02 4.715740251220278623e+00 4.725721608425345721e+00 6.021401729951828763e+00 6.016222054749130521e+00
1.960000000000000000e+02 4.708802169813474769e+00 4.726457282393849546e+00 6.012180042708119565e+00 6.016573438365949045e+00
1.970000000000000000e+02 4.721561255034306015e+00 4.736463779977939659e+00 6.027792833227041847e+00 6.029146871251161777e+00
1.980000000000000000e+02 4.721077346964546173e+00 4.736824130100816710e+00 6.027372746522275726e+00 6.029644717338668691e+00
1.990000000000000000e+02 4.732924266857747142e+00 4.747494791215306265e+00 6.042560080571249159e+00 6.043905551957857725e+00
2.000000000000000000e+02 4.719821572082981476e+00 4.734840127303015400e+00 6.025966582688694118e+00 6.027616984630629560e+00
2.010000000000000000e+02 4.725210872594134415e+00 4.739444109343478040e+00 6.032738446538801647e+00 6.033449219314514167e+00
2.020000000000000000e+02 4.732145832722733481e+00 4.744321396238809108e+00 6.041598585743479077e+00 6.039695376679737215e+00
2.030000000000000000e+02 4.721330874042333647e+00 4.735356467186809581e+00 6.026977564552156608e+00 6.027458989608907025e+00
2.040000000000000000e+02 4.726026145085604036e+00 4.741948295843370964e+00 6.032875304431401631e+00 6.036350120723380286e+00
2.050000000000000000e+02 4.712765371914187540e+00 4.736445040875864265e+00 6.016756737992694504e+00 6.029612602557959278e+00
2.060000000000000000e+02 4.731737679221241777e+00 4.750424751984563265e+00 6.040493994900218766e+00 6.046727900125410393e+00
2.070000000000000000e+02 4.722210844790760476e+00 4.738530421653111446e+00 6.027868186854366428e+00 6.031155622970109320e+00
2.080000000000000000e+02 4.711791143440595242e+00 4.731290365188689506e+00 6.014591582490178112e+00 6.021915353227701218e+00
2.090000000000000000e+02 4.721098326298320380e+00 4.740434267601551177e+00 6.026313073171799317e+00 6.033138754034776952e+00
2.100000000000000000e+02 4.725515729022248479e+00 4.746270645616320394e+00 6.032510066176995700e+00 6.040417759496789607e+00
2.110000000000000000e+02 4.716324340353708067e+00 4.735986918662260514e+00 6.020371934001809144e+00 6.026767517453821554e+00
2.120000000000000000e+02 4.718602628190071258e+00 4.735879535726357226e+00 6.024052074640987797e+00 6.027243022561910024e+00
2.130000000000000000e+02 4.721082071139250047e+00 4.734056727124262842e+00 6.027435526731910187e+00 6.025212002432294156e+00
2.140000000000000000e+02 4.726245955632315976e+00 4.742386642079374326e+00 6.033623627610988471e+00 6.035367887450840740e+00
2.150000000000000000e+02 4.732700210925238515e+00 4.743198307103625666e+00 6.042637118196540591e+00 6.036763562395400129e+00
2.160000000000000000e+02 4.738117862008741632e+00 4.746944659965860680e+00 6.049257561022863605e+00 6.041006174146329677e+00
2.170000000000000000e+02 4.723283483642916281e+00 4.736375773977455239e+00 6.030402891990834569e+00 6.027802921922375212e+00
2.180000000000000000e+02 4.734773741420625903e+00 4.754518559817771717e+00 6.045515601011320683e+00 6.050571800227714014e+00
2.190000000000000000e+02 4.726241391658994040e+00 4.739127400514267840e+00 6.035276997485449435e+00 6.031791522283787010e+00
2.200000000000000000e+02 4.719387229500060066e+00 4.744574363321462762e+00 6.026208735034857433e+00 6.038327008710574262e+00
2.210000000000000000e+02 4.730216363484228026e+00 4.746184321447783461e+00 6.039711230832368827e+00 6.040321745056504099e+00
2.220000000000000000e+02 4.701806350337587759e+00 4.721964125288821812e+00 6.004360114986699415e+00 6.010016653615524618e+00
2.230000000000000000e+02 4.712869309144206653e+00 4.721525863513457821e+00 6.017754021386516605e+00 6.009019769541113831e+00
2.240000000000000000e+02 4.718145864237611953e+00 4.732003296626716704e+00 6.024708470868679555e+00 6.022428413340073838e+00
2.250000000000000000e+02 4.712441216966992918e+00 4.732562720334240858e+00 6.017325449935939652e+00 6.022971664965591110e+00
2.260000000000000000e+02 4.717951836191555337e+00 4.736914936111387142e+00 6.023776684091849631e+00 6.027750389758848470e+00
2.270000000000000000e+02 4.719697767177716941e+00 4.735773589821027585e+00 6.025827797602747893e+00 6.026147389816318700e+00
2.280000000000000000e+02 4.720250544033254947e+00 4.738344002319418102e+00 6.025494595560537014e+00 6.028626284272491809e+00
2.290000000000000000e+02 4.718434304082258279e+00 4.732597636150813969e+00 6.024099318643139966e+00 6.021916322037045965e+00
2.300000000000000000e+02 4.720719558298040575e+00 4.735487793011923685e+00 6.028310615334946831e+00 6.026582613792040632e+00
2.310000000000000000e+02 4.711244135132848676e+00 4.735466973032230520e+00 6.016022098370513049e+00 6.026265745832573906e+00
2.320000000000000000e+02 4.727737561355472629e+00 4.738557971410092939e+00 6.036781660850980558e+00 6.029704617118679444e+00
2.330000000000000000e+02 4.730629244216054019e+00 4.743987313046453380e+00 6.040086156849763910e+00 6.036071130710526589e+00
2.340000000000000000e+02 4.729408541226543861e+00 4.741631670903711182e+00 6.038330368570626661e+00 6.033360255076111400e+00
2.350000000000000000e+02 4.723256899430719358e+00 4.740496968771304331e+00 6.031032868274369463e+00 6.032435910852367300e+00
2.360000000000000000e+02 4.733455102686136229e+00 4.751976897726361670e+00 6.043828117443487358e+00 6.046558537684870061e+00
2.370000000000000000e+02 4.717999562307768180e+00 4.740148871461303592e+00 6.024968083246565520e+00 6.032345262772512484e+00
2.380000000000000000e+02 4.726130723802439704e+00 4.741891361068450550e+00 6.035322480623226404e+00 6.034913683587141087e+00
2.390000000000000000e+02 4.728645082308201353e+00 4.750240492621494504e+00 6.038683114081310421e+00 6.045197288883291442e+00
2.400000000000000000e+02 4.724485527696375087e+00 4.740734478642674610e+00 6.033190803048313455e+00 6.033139715076019982e+00
2.410000000000000000e+02 4.725217837704399848e+00 4.739236465960621203e+00 6.033997268410156600e+00 6.030910664484771644e+00
2.420000000000000000e+02 4.715613170218965422e+00 4.739746240967145141e+00 6.021299314854172025e+00 6.030817936036959814e+00
2.430000000000000000e+02 4.726266296261117716e+00 4.741871261785976621e+00 6.035137022314762234e+00 6.033929766443760556e+00
2.440000000000000000e+02 4.721088559119163364e+00 4.737550353221037902e+00 6.027788593880730517e+00 6.027911028499866042e+00
2.450000000000000000e+02 4.723901444270148353e+00 4.736751579865248196e+00 6.031380727161125499e+00 6.026719951254568386e+00
2.460000000000000000e+02 4.725125909850070194e+00 4.738519693763322493e+00 6.032185267445216326e+00 6.028495999702821351e+00
2.470000000000000000e+02 4.730527705123926729e+00 4.751900503195795267e+00 6.039743982509513387e+00 6.045835993396774910e+00
2.480000000000000000e+02 4.731763223800192542e+00 4.748197713715779145e+00 6.041161764619889851e+00 6.040921049621171157e+00
2.490000000000000000e+02 4.733231446603751280e+00 4.744782884655105448e+00 6.042887363217783303e+00 6.036898576892388846e+00
2.500000000000000000e+02 4.728593591278285935e+00 4.738521614613746102e+00 6.036750751145706140e+00 6.028731987376188428e+00
2.510000000000000000e+02 4.730918323308102025e+00 4.749819204537432782e+00 6.039418865175699480e+00 6.042930123004325971e+00
2.520000000000000000e+02 4.730298602665855334e+00 4.746640603032378891e+00 6.039261191868823708e+00 6.039532335450322975e+00
2.530000000000000000e+02 4.752997885108783294e+00 4.761862798423675436e+00 6.067822188917720183e+00 6.058622434490564146e+00
2.540000000000000000e+02 4.738087111060151457e+00 4.752030468820134246e+00 6.048031725658827185e+00 6.045461788577122242e+00
2.550000000000000000e+02 4.732931956213076496e+00 4.747780510012824529e+00 6.041799184115535404e+00 6.040260327958495878e+00
2.560000000000000000e+02 4.745451050675078442e+00 4.759151210356274753e+00 6.057522726374032551e+00 6.054486890357933859e+00
2.570000000000000000e+02 4.738587277834574785e+00 4.745267992994106621e+00 6.048216229222612483e+00 6.036994106044826225e+00
2.580000000000000000e+02 4.738582152857901519e+00 4.752111108214261748e+00 6.048539343661152756e+00 6.045874272422198992e+00
2.590000000000000000e+02 4.735932864225218530e+00 4.744674137373701583e+00 6.044979397652055830e+00 6.036431638783541054e+00
2.600000000000000000e+02 4.740717901940683987e+00 4.749047337742235086e+00 6.051238047961684074e+00 6.042161217484258273e+00
2.610000000000000000e+02 4.726371518077343126e+00 4.746293868548289829e+00 6.033328221564270955e+00 6.039046185503543995e+00
2.620000000000000000e+02 4.718918373412383183e+00 4.740588336661620161e+00 6.023995297652785297e+00 6.031985631307465567e+00
2.630000000000000000e+02 4.718603348431202882e+00 4.734171878686506574e+00 6.023875662072526005e+00 6.023705015805469465e+00
2.640000000000000000e+02 4.723837141275375018e+00 4.741848840415141986e+00 6.030057998397567509e+00 6.033488697996155281e+00
2.650000000000000000e+02 4.730818144944556103e+00 4.741151363675177421e+00 6.039049142838463169e+00 6.032610722138974424e+00
2.660000000000000000e+02 4.731455085418007300e+00 4.754318126230595354e+00 6.039547233839784646e+00 6.048643925283538003e+00
2.670000000000000000e+02 4.734409467321173182e+00 4.755065889951449520e+00 6.042941013241971859e+00 6.049333874550605117e+00
2.680000000000000000e+02 4.739473015727272198e+00 4.752894265729748824e+00 6.049326988904939029e+00 6.046537955128307829e+00
2.690000000000000000e+02 4.734413631534814648e+00 4.748212605684641652e+00 6.043557453513900946e+00 6.041552619299105586e+00
2.700000000000000000e+02 4.721227251615563780e+00 4.736973074279912765e+00 6.026564518642784307e+00 6.027206023725540263e+00
2.710000000000000000e+02 4.733158495777116670e+00 4.747341682652895578e+00 6.040177525733199992e+00 6.038902522503510006e+00
2.720000000000000000e+02 4.724153769926425994e+00 4.738205869216072230e+00 6.029276681589899489e+00 6.027797078837211053e+00
2.730000000000000000e+02 4.724160734125231187e+00 4.741480324028328752e+00 6.029262022079959316e+00 6.032116964679909543e+00
2.740000000000000000e+02 4.731869326025361033e+00 4.750034534254007568e+00 6.038817161523384769e+00 6.042780539342720303e+00
2.750000000000000000e+02 4.718177894954080465e+00 4.737405251560765862e+00 6.021314847684074323e+00 6.026752138756593880e+00
2.760000000000000000e+02 4.734197181638354124e+00 4.749080969476682235e+00 6.041188027364527535e+00 6.041225745271125547e+00
2.770000000000000000e+02 4.734693904286349841e+00 4.750890081872920057e+00 6.041693401596116786e+00 6.043435733677306132e+00
2.780000000000000000e+02 4.746291144399519268e+00 4.753249490735553806e+00 6.055296238076173232e+00 6.046220687613385714e+00
2.790000000000000000e+02 4.739666484823677806e+00 4.756449071511943849e+00 6.046759533384488350e+00 6.049669402688667930e+00
2.800000000000000000e+02 4.744232588571817288e+00 4.753153955691752586e+00 6.052737827157434580e+00 6.045808041061082605e+00
2.810000000000000000e+02 4.728674950241461339e+00 4.742688933019822528e+00 6.032595747672169217e+00 6.032556186886993466e+00
2.820000000000000000e+02 4.727420774417605998e+00 4.739849221317958161e+00 6.030001142262149116e+00 6.028433296368888250e+00
2.830000000000000000e+02 4.736916378548436057e+00 4.747387729406518986e+00 6.042599723653397703e+00 6.038671742259757558e+00
2.840000000000000000e+02 4.726663721243330230e+00 4.740383178603440051e+00 6.030213269967523715e+00 6.030556401899151986e+00
2.850000000000000000e+02 4.740413767350884378e+00 4.749633743269210839e+00 6.046712603873474201e+00 6.041756097395069247e+00
2.860000000000000000e+02 4.748997686694080400e+00 4.760365425220418167e+00 6.057379382935654810e+00 6.054785656841942476e+00
2.870000000000000000e+02 4.747541557702008141e+00 4.762776805809979308e+00 6.054206459897305770e+00 6.056736761881784226e+00
2.880000000000000000e+02 4.741453978217915477e+00 4.757625093186137910e+00 6.046556537224914152e+00 6.050428865133964607e+00
2.890000000000000000e+02 4.740321757779338618e+00 4.753902923157059313e+00 6.045015511389060237e+00 6.045665104983546811e+00
2.900000000000000000e+02 4.750349077690669830e+00 4.759955671456677528e+00 6.057162854338337787e+00 6.053057261487532870e+00
2.910000000000000000e+02 4.744716098918215330e+00 4.755283621903978464e+00 6.051044582612928657e+00 6.048502907539676343e+00
2.920000000000000000e+02 4.742607492703653449e+00 4.752765421087744357e+00 6.048255543441562132e+00 6.045599922671665460e+00
2.930000000000000000e+02 4.743474814994855571e+00 4.756221410534378968e+00 6.048640961816278860e+00 6.049379760235717107e+00
2.940000000000000000e+02 4.741897688905805097e+00 4.749598592209049563e+00 6.047549985360955560e+00 6.041949972173327410e+00
2.950000000000000000e+02 4.745739729735923618e+00 4.759975609508541261e+00 6.052473650643096725e+00 6.055184369163541191e+00
2.960000000000000000e+02 4.749020349593511270e+00 4.762067717643036602e+00 6.056052973948674811e+00 6.057059314428166807e+00
2.970000000000000000e+02 4.734050319583510635e+00 4.749810716070816952e+00 6.035975514949326381e+00 6.040871959380750944e+00
2.980000000000000000e+02 4.745065318445327307e+00 4.757521870989832813e+00 6.049221610379021286e+00 6.050065146842746877e+00
2.990000000000000000e+02 4.753460493392060116e+00 4.760994679165514221e+00 6.059699082173455764e+00 6.054172908277045018e+00
3.000000000000000000e+02 4.752362231073168353e+00 4.760262928144992856e+00 6.058454995903610474e+00 6.053870290508130303e+00
3.010000000000000000e+02 4.738173836365341174e+00 4.750814409992630161e+00 6.041191150611010308e+00 6.042148804070535562e+00
3.020000000000000000e+02 4.744523191343017032e+00 4.755059244605943647e+00 6.048423710414645882e+00 6.046974460475270874e+00
3.030000000000000000e+02 4.734091801121473431e+00 4.747698427952698808e+00 6.035616127858770774e+00 6.038147066286921216e+00
3.040000000000000000e+02 4.743186695585334789e+00 4.751279499992082656e+00 6.046830479493928934e+00 6.042103238193969439e+00
3.050000000000000000e+02 4.736350469413172171e+00 4.743590768612464537e+00 6.038362718780899030e+00 6.032525920462290081e+00
3.060000000000000000e+02 4.744681745343473978e+00 4.753722348746295623e+00 6.048191805416777811e+00 6.044708735484968010e+00
3.070000000000000000e+02 4.739731906542209217e+00 4.753072118440052840e+00 6.042632393143936298e+00 6.044357673834750422e+00
3.080000000000000000e+02 4.745523439998248882e+00 4.754124498304919122e+00 6.048855809183858234e+00 6.045106001532745132e+00
3.090000000000000000e+02 4.751743629834756177e+00 4.763442329813353027e+00 6.056264460739159361e+00 6.056201198425387844e+00
3.100000000000000000e+02 4.753941679862200509e+00 4.759586431850056698e+00 6.059778199104685292e+00 6.052324064471374498e+00
3.110000000000000000e+02 4.734755884199858045e+00 4.751519172559795834e+00 6.035935397274392322e+00 6.041776200245456252e+00
3.120000000000000000e+02 4.740896956595975986e+00 4.746584311115828569e+00 6.043063694351876514e+00 6.035538373724573802e+00
3.130000000000000000e+02 4.733155772542062323e+00 4.750449254356830409e+00 6.033666067500264241e+00 6.040606740007089748e+00
3.140000000000000000e+02 4.728964911453327424e+00 4.741156728964591949e+00 6.028710767067463117e+00 6.029236798803355057e+00
3.150000000000000000e+02 4.744190468641658498e+00 4.751003632909838181e+00 6.046905192293190900e+00 6.041256975099054571e+00
3.160000000000000000e+02 4.737731327068490650e+00 4.748806624286005196e+00 6.039067963602545497e+00 6.038461376500761091e+00
3.170000000000000000e+02 4.731994890867998294e+00 4.746881958940462276e+00 6.032320365175459109e+00 6.036464713861859899e+00
3.180000000000000000e+02 4.735565307787297229e+00 4.744307063745869968e+00 6.036452138180313121e+00 6.033185123607223588e+00
3.190000000000000000e+02 4.732926351002804566e+00 4.744669092170470392e+00 6.032424140597819395e+00 6.032875617312117633e+00
3.200000000000000000e+02 4.740008896575514719e+00 4.754764317443248345e+00 6.041969991590111277e+00 6.046510726534978453e+00
3.210000000000000000e+02 4.739295245778320620e+00 4.755193774401508477e+00 6.041199243425474208e+00 6.047039722813739360e+00
3.220000000000000000e+02 4.724231843094110594e+00 4.733805122829842560e+00 6.022496478041159840e+00 6.021005828271814408e+00
3.230000000000000000e+02 4.731720221512784263e+00 4.745875861106848781e+00 6.030882559405847054e+00 6.034729980373713332e+00
3.240000000000000000e+02 4.730113782915545961e+00 4.747661431733792625e+00 6.029093375107140496e+00 6.037292634058551322e+00
3.250000000000000000e+02 4.744507975322732385e+00 4.755419833988098866e+00 6.046541796415402459e+00 6.046748079826357092e+00
3.260000000000000000e+02 4.742829950547331030e+00 4.749058788642299689e+00 6.043716170021883549e+00 6.037967135327713564e+00
3.270000000000000000e+02 4.732390230176608981e+00 4.740268748156824863e+00 6.030527172035128558e+00 6.027567093814977461e+00
3.280000000000000000e+02 4.735778075101825912e+00 4.744256211428420578e+00 6.035331529874806478e+00 6.033018475309918749e+00
3.290000000000000000e+02 4.728622740440179939e+00 4.742616063067489840e+00 6.026571646638610780e+00 6.031249396615963931e+00
3.300000000000000000e+02 4.716551440040929855e+00 4.737992462123576942e+00 6.011954381612212295e+00 6.026313554752865898e+00
3.310000000000000000e+02 4.732155443734553657e+00 4.740603391683745116e+00 6.030131188938112174e+00 6.028172161061634782e+00
3.320000000000000000e+02 4.735971301925487431e+00 4.739038836407917010e+00 6.035424739647424097e+00 6.026575649740463447e+00
3.330000000000000000e+02 4.739327995597441223e+00 4.748112749635200025e+00 6.039178232562508519e+00 6.037671483583273435e+00
3.340000000000000000e+02 4.739118990820430533e+00 4.740027313907989814e+00 6.038838057022978489e+00 6.027577503375302292e+00
3.350000000000000000e+02 4.732560717312153997e+00 4.742528541104447548e+00 6.030491140755784407e+00 6.030328025752290877e+00
3.360000000000000000e+02 4.724533254795420412e+00 4.731086969497122041e+00 6.020370087781844681e+00 6.016396705560885572e+00
3.370000000000000000e+02 4.725883122533765857e+00 4.730642138549806752e+00 6.022684178435822488e+00 6.016154790713775569e+00
3.380000000000000000e+02 4.730431931808285917e+00 4.745950173823611173e+00 6.027925839951996601e+00 6.035463495604854067e+00
3.390000000000000000e+02 4.730956522851795576e+00 4.739323752741007034e+00 6.028197229253124512e+00 6.026453771489580724e+00
3.400000000000000000e+02 4.733976810667654966e+00 4.740967344720700360e+00 6.031909242277429861e+00 6.028888138310125377e+00
3.410000000000000000e+02 4.728432716078141418e+00 4.738578552201988536e+00 6.024737060868530669e+00 6.025319471146440620e+00
3.420000000000000000e+02 4.728372417491415014e+00 4.736141868577657732e+00 6.024565854063034465e+00 6.022735112652701339e+00
3.430000000000000000e+02 4.741865175408412902e+00 4.752101816300662307e+00 6.040491511636211008e+00 6.041745528319916403e+00
3.440000000000000000e+02 4.727044490382295017e+00 4.738121867494086814e+00 6.022287316609104657e+00 6.024466637174209716e+00
3.450000000000000000e+02 4.730447948608041742e+00 4.738222044011829226e+00 6.026309709885292243e+00 6.024292947041509194e+00
3.460000000000000000e+02 4.733059759683977852e+00 4.738927608185317553e+00 6.029801667014480948e+00 6.025564024502672922e+00
3.470000000000000000e+02 4.724902974175226866e+00 4.738041709000739843e+00 6.019675333707363407e+00 6.024671314771407715e+00
3.480000000000000000e+02 4.731010256227207833e+00 4.743053769042286483e+00 6.026662378104261641e+00 6.030128709354048766e+00
3.490000000000000000e+02 4.732959743902767080e+00 4.746694815716002047e+00 6.029534289141190939e+00 6.035595704443008636e+00
3.500000000000000000e+02 4.733022686361129772e+00 4.741369652788832489e+00 6.029325849257248571e+00 6.028400940350553405e+00
3.510000000000000000e+02 4.735499887215069315e+00 4.750242176991471332e+00 6.031597899663704965e+00 6.038956420594998598e+00
3.520000000000000000e+02 4.742328185265701990e+00 4.749831537920409019e+00 6.040095288268813256e+00 6.038570202752219451e+00
3.530000000000000000e+02 4.744794333683025833e+00 4.752302493566245012e+00 6.043243387817110346e+00 6.041766113990271414e+00
3.540000000000000000e+02 4.738551482822231264e+00 4.739555977237869477e+00 6.035440995160576527e+00 6.026347586837053072e+00
3.550000000000000000e+02 4.741005782674996283e+00 4.749366365790223199e+00 6.038267427655171993e+00 6.038000125381060457e+00
3.560000000000000000e+02 4.740871651895600891e+00 4.752766543929157983e+00 6.038281199715756387e+00 6.042281096130723839e+00
3.570000000000000000e+02 4.746152770799725751e+00 4.752112869211940094e+00 6.044229708375440602e+00 6.041237198094890459e+00
3.580000000000000000e+02 4.742205184246636840e+00 4.752775911275215925e+00 6.039112167756427674e+00 6.041938439226298030e+00
3.590000000000000000e+02 4.745477396476007748e+00 4.751048155626691916e+00 6.042974967887097648e+00 6.039762159497815475e+00
3.600000000000000000e+02 4.749535169542945745e+00 4.757098018859085897e+00 6.048472237505947646e+00 6.047471099762399049e+00
3.610000000000000000e+02 4.743637933556978048e+00 4.754791225818321365e+00 6.040918486745600724e+00 6.044438874686568042e+00
3.620000000000000000e+02 4.752051207154361911e+00 4.765365954718806307e+00 6.051651569306121914e+00 6.058054442461545896e+00
3.630000000000000000e+02 4.757801262687787691e+00 4.761831329364856202e+00 6.058731663698607939e+00 6.053695001686020483e+00
3.640000000000000000e+02 4.745100631154445914e+00 4.752895466721401618e+00 6.042582505830056405e+00 6.042265476550404024e+00
3.650000000000000000e+02 4.746556040033641288e+00 4.749260261299930619e+00 6.044137134923373900e+00 6.037697988034975261e+00
3.660000000000000000e+02 4.746479246883431813e+00 4.757762508254436362e+00 6.043763814226403852e+00 6.048354610269563558e+00
3.670000000000000000e+02 4.735808185279880789e+00 4.744751813055239076e+00 6.030856456633808982e+00 6.032571242462010375e+00
3.680000000000000000e+02 4.755490222350232443e+00 4.756936984067077212e+00 6.054496821686129238e+00 6.047306221882084998e+00
3.690000000000000000e+02 4.746960753419863899e+00 4.759539985831508169e+00 6.043813942580942289e+00 6.050561467004634153e+00
3.700000000000000000e+02 4.746737337374848487e+00 4.754099112113250314e+00 6.044848870842464805e+00 6.044616321737266595e+00
3.710000000000000000e+02 4.747746554722411361e+00 4.760860307034965544e+00 6.044861601347105484e+00 6.052063171364167715e+00
3.720000000000000000e+02 4.757043647518900187e+00 4.768513804858041105e+00 6.056670215801896795e+00 6.062080838649104741e+00
3.730000000000000000e+02 4.753726671475297039e+00 4.760457916976394976e+00 6.051737493352714381e+00 6.051274884104603125e+00
3.740000000000000000e+02 4.749354272784376718e+00 4.760548163777468034e+00 6.046397975983259343e+00 6.051572692626894678e+00
3.750000000000000000e+02 4.749937156334819832e+00 4.755395410206883611e+00 6.047441868998722825e+00 6.045628429985008268e+00
3.760000000000000000e+02 4.765822475619192922e+00 4.768962079759015538e+00 6.066642958532012742e+00 6.061888652491615126e+00
3.770000000000000000e+02 4.760121749761687227e+00 4.757355870032657919e+00 6.058715322977508144e+00 6.046796605691675985e+00
3.780000000000000000e+02 4.750299108507808121e+00 4.753667174924013139e+00 6.046736385034917838e+00 6.042588671492050700e+00
3.790000000000000000e+02 4.753197520147535826e+00 4.764934896774864370e+00 6.050625694506897467e+00 6.056747170027901639e+00
3.800000000000000000e+02 4.754102155259688267e+00 4.762211777587808115e+00 6.051026240686593560e+00 6.052765055433999564e+00
3.810000000000000000e+02 4.743624239163866108e+00 4.747685216598853231e+00 6.038183262355411252e+00 6.035041486851012493e+00
3.820000000000000000e+02 4.748099778941964999e+00 4.756165436555281012e+00 6.043877847575336304e+00 6.045947460224311065e+00
3.830000000000000000e+02 4.746935128695692008e+00 4.754981249767426199e+00 6.041848990401891051e+00 6.043655872256975314e+00
3.840000000000000000e+02 4.747434893911132825e+00 4.747132201415524833e+00 6.042336746643590217e+00 6.033758880497656740e+00
3.850000000000000000e+02 4.752106220258332847e+00 4.752937027253323343e+00 6.048351156736875289e+00 6.041599148533222774e+00
3.860000000000000000e+02 4.745882507645612591e+00 4.753333408835870522e+00 6.041402874805459788e+00 6.042850921583856838e+00
3.870000000000000000e+02 4.752612953108769744e+00 4.761917653373734183e+00 6.049054324372660219e+00 6.052595532282015967e+00
3.880000000000000000e+02 4.757772351838729818e+00 4.755745589465763423e+00 6.055621590952138256e+00 6.044863204800538625e+00
3.890000000000000000e+02 4.743953520190767215e+00 4.752378645997937134e+00 6.038063709814290192e+00 6.040563740916270241e+00
3.900000000000000000e+02 4.746600564341762585e+00 4.752073388928630848e+00 6.041547416852622199e+00 6.040338239119376951e+00
3.910000000000000000e+02 4.751774539792859464e+00 4.755033619651810817e+00 6.047412645338459569e+00 6.043465444984998491e+00
3.920000000000000000e+02 4.754483645477352916e+00 4.752799694229352667e+00 6.050960097147309646e+00 6.041218458278842185e+00
3.930000000000000000e+02 4.747446265725582926e+00 4.747187854707819454e+00 6.041810636270535717e+00 6.033924800442356684e+00
3.940000000000000000e+02 4.748735352690129474e+00 4.754248697114037192e+00 6.043731060044029491e+00 6.042908099382199083e+00
3.950000000000000000e+02 4.746044906171895228e+00 4.754122495438765306e+00 6.039587990757301128e+00 6.042134627911284639e+00
3.960000000000000000e+02 4.749868452591204715e+00 4.749514670009328476e+00 6.044700326573257954e+00 6.037078349138322864e+00
3.970000000000000000e+02 4.752734510937536960e+00 4.763728205917797887e+00 6.047964383604048422e+00 6.054308394195197174e+00
3.980000000000000000e+02 4.751907469155648656e+00 4.756670566324293858e+00 6.046674648177952527e+00 6.045329498970893667e+00
3.990000000000000000e+02 4.750863498778326033e+00 4.754832624244312633e+00 6.044757985925198085e+00 6.042701740704469415e+00
4.000000000000000000e+02 4.750435482744846283e+00 4.756576074037248247e+00 6.044420615371520533e+00 6.045062838085053514e+00
4.010000000000000000e+02 4.746894850388134302e+00 4.751907708729250501e+00 6.039864260383804861e+00 6.038989407200916482e+00
4.020000000000000000e+02 4.755101844851786552e+00 4.761387218239567787e+00 6.049703354346140927e+00 6.050786009134556664e+00
4.030000000000000000e+02 4.758362045523615080e+00 4.760538716375502410e+00 6.052984388395982407e+00 6.048501306842178238e+00
4.040000000000000000e+02 4.756980946759703954e+00 4.764440657527064360e+00 6.050709534314937521e+00 6.052888694312251516e+00
4.050000000000000000e+02 4.755832314521480697e+00 4.766357877970468948e+00 6.049786798766745299e+00 6.055569867693128217e+00
4.060000000000000000e+02 4.755907906752145031e+00 4.760894500571646759e+00 6.050343418428973941e+00 6.049265889567537968e+00
4.070000000000000000e+02 4.757048851456221250e+00 4.759365898269009243e+00 6.051110242184609689e+00 6.046768578010166983e+00
4.080000000000000000e+02 4.751573143886788309e+00 4.754004142991230530e+00 6.044255331116162644e+00 6.040364109341094689e+00
4.090000000000000000e+02 4.759083704127320402e+00 4.765897429225007365e+00 6.054453336175726008e+00 6.055866551728440683e+00
4.100000000000000000e+02 4.756421524419518043e+00 4.763154450948517749e+00 6.050760543776537048e+00 6.051722599950243975e+00
4.110000000000000000e+02 4.758753544816446635e+00 4.763122740830564972e+00 6.054125258372566876e+00 6.052497515533531214e+00
4.120000000000000000e+02 4.752441747729371002e+00 4.759442852955634962e+00 6.046470851317591766e+00 6.047970628179777819e+00
4.130000000000000000e+02 4.757918654837827610e+00 4.768776139513279944e+00 6.052502797792543632e+00 6.058911594756071217e+00
4.140000000000000000e+02 4.744454964001962871e+00 4.754529930774020308e+00 6.035906005290796905e+00 6.041383737870992476e+00
4.150000000000000000e+02 4.763009749604766085e+00 4.762850077043703223e+00 6.058470605474027160e+00 6.051176791049754478e+00
4.160000000000000000e+02 4.754952181806655354e+00 4.762289210415932672e+00 6.048808247214283007e+00 6.050616800102043058e+00
4.170000000000000000e+02 4.761989400779659043e+00 4.761489078079554460e+00 6.057440163050745952e+00 6.049768541081322226e+00
4.180000000000000000e+02 4.753515826947995571e+00 4.755635482799883462e+00 6.047683547524080439e+00 6.042155289488537306e+00
4.190000000000000000e+02 4.753131776580423740e+00 4.756319344101588520e+00 6.047131654117560373e+00 6.043750919169394997e+00
4.200000000000000000e+02 4.748175694118089929e+00 4.753935835406171151e+00 6.040760496940362323e+00 6.040397579158875985e+00
4.210000000000000000e+02 4.750989780938987828e+00 4.759134634758092730e+00 6.043972020546796386e+00 6.046498556521715528e+00
4.220000000000000000e+02 4.753800581835257333e+00 4.757984798819300920e+00 6.047672254372888467e+00 6.045290898573965066e+00
4.230000000000000000e+02 4.757595460669190146e+00 4.758095227390411353e+00 6.052202263700419138e+00 6.045089906037310001e+00
4.240000000000000000e+02 4.750354923515100580e+00 4.753206969656663006e+00 6.043532228357610059e+00 6.039297550043773555e+00
4.250000000000000000e+02 4.750117013881148154e+00 4.762738690186497870e+00 6.044143625487315319e+00 6.052138849502502360e+00
4.260000000000000000e+02 4.755075899727156497e+00 4.758091624092871008e+00 6.050759982769392309e+00 6.046324708154133809e+00
4.270000000000000000e+02 4.755721805474108166e+00 4.764200264417019604e+00 6.050605912061639557e+00 6.052896942158904281e+00
4.280000000000000000e+02 4.749592503931111764e+00 4.759350205150656876e+00 6.042976566560388285e+00 6.047203965903534595e+00
4.290000000000000000e+02 4.753666855732164187e+00 4.765656956010766443e+00 6.048011471573239817e+00 6.054860211983626783e+00
4.300000000000000000e+02 4.748086964841225388e+00 4.752388493916477330e+00 6.040807816491201798e+00 6.037687578564397306e+00
4.310000000000000000e+02 4.748883498341177400e+00 4.752924054127222853e+00 6.041502094915008669e+00 6.038214893871999500e+00
4.320000000000000000e+02 4.746247501817032699e+00 4.758262987780813802e+00 6.038677262965062020e+00 6.045783056187688409e+00
4.330000000000000000e+02 4.745671343459538782e+00 4.752706964283606617e+00 6.037875202556669763e+00 6.038337174091322979e+00
4.340000000000000000e+02 4.747931135196060914e+00 4.756588006865680285e+00 6.040671606693377882e+00 6.043055286841739537e+00
4.350000000000000000e+02 4.745335258658657018e+00 4.752866718996956230e+00 6.038219219403852200e+00 6.039108964822835546e+00
4.360000000000000000e+02 4.751819061932019750e+00 4.762291214402686101e+00 6.046133318268583245e+00 6.050325160322193696e+00
4.370000000000000000e+02 4.745578857092229264e+00 4.761231787861323284e+00 6.038113521233022141e+00 6.048537981771609395e+00
4.380000000000000000e+02 4.752140895076099270e+00 4.759350922833516684e+00 6.046654708029353564e+00 6.046828314314064201e+00
4.390000000000000000e+02 4.750083461273829855e+00 4.757211010425959508e+00 6.043866956022434955e+00 6.043744596954395476e+00
4.400000000000000000e+02 4.744644348285886437e+00 4.757373566682824517e+00 6.037333716393230354e+00 6.043886972894893184e+00
4.410000000000000000e+02 4.749761547544334661e+00 4.756801812250529338e+00 6.044314988680397072e+00 6.043722652597587341e+00
4.420000000000000000e+02 4.748545730486944727e+00 4.753979956397512474e+00 6.042581384395372623e+00 6.040551084978873497e+00
4.430000000000000000e+02 4.754130182451222986e+00 4.764505199348643139e+00 6.050259174239634774e+00 6.053846424984147490e+00
4.440000000000000000e+02 4.748536281253652902e+00 4.763514398681134132e+00 6.043309933421039837e+00 6.052972133688323098e+00
4.450000000000000000e+02 4.762089498647036123e+00 4.766503537595635720e+00 6.060637356634130946e+00 6.055877844340862737e+00
4.460000000000000000e+02 4.749940601905670690e+00 4.757937954229451982e+00 6.044471062152730667e+00 6.045178871272423926e+00
4.470000000000000000e+02 4.751279179364930272e+00 4.763085342677677581e+00 6.046663355699246623e+00 6.051766880473362420e+00
4.480000000000000000e+02 4.745210256622600653e+00 4.752896587505814452e+00 6.039796672884320650e+00 6.039500464938382329e+00
4.490000000000000000e+02 4.746856491807131206e+00 4.754013430072390634e+00 6.042052947594113377e+00 6.041211490257743399e+00
4.500000000000000000e+02 4.757896793891571718e+00 4.760263008544849406e+00 6.055868954689684891e+00 6.048648328885721348e+00
4.510000000000000000e+02 4.742823305184488802e+00 4.755905425247881624e+00 6.037140412433506853e+00 6.043009882775614017e+00
4.520000000000000000e+02 4.751095642578195388e+00 4.761752772760155850e+00 6.047559510140382066e+00 6.050482354009994346e+00
4.530000000000000000e+02 4.739248959346114454e+00 4.749477273684703071e+00 6.032800426258659421e+00 6.034837448344548605e+00
4.540000000000000000e+02 4.747460118440858245e+00 4.759919555811650049e+00 6.043645620880206515e+00 6.048278128962905953e+00
4.550000000000000000e+02 4.751330589624426892e+00 4.763151407996982556e+00 6.047954613238296417e+00 6.051613934133451167e+00
4.560000000000000000e+02 4.753225545353655157e+00 4.764714842561718733e+00 6.050558985674341805e+00 6.054034207823724145e+00
4.570000000000000000e+02 4.752876486379133070e+00 4.763188322532155183e+00 6.050100618277115316e+00 6.051868179111168367e+00
4.580000000000000000e+02 4.752753009245757276e+00 4.758558315501463021e+00 6.049533511558294663e+00 6.045593354453820290e+00
4.590000000000000000e+02 4.753530480249324341e+00 4.761898192673446495e+00 6.050394744474022701e+00 6.049489465428295354e+00
4.600000000000000000e+02 4.754623220472519840e+00 4.763223718407860297e+00 6.051790745082284317e+00 6.050974432370380462e+00
4.610000000000000000e+02 4.764297479135280788e+00 4.769044800762467062e+00 6.064759849369918854e+00 6.059080801224956403e+00
4.620000000000000000e+02 4.753927504986397601e+00 4.766385982846299108e+00 6.051657653320946295e+00 6.055281182078314117e+00
4.630000000000000000e+02 4.753531522721118563e+00 4.762937440494437347e+00 6.051306915199133662e+00 6.050669815067303503e+00
4.640000000000000000e+02 4.758874781781719854e+00 4.768477610618218954e+00 6.057456499468711009e+00 6.057272880814533522e+00
4.650000000000000000e+02 4.751097003622271941e+00 4.759765648864360266e+00 6.048798715622311306e+00 6.047229833171574143e+00
4.660000000000000000e+02 4.752087322587255080e+00 4.765411196597376886e+00 6.048877830603535344e+00 6.053452839939474472e+00
4.670000000000000000e+02 4.751742829540572366e+00 4.754313159771820452e+00 6.049654588376724540e+00 6.040352492475143720e+00
4.680000000000000000e+02 4.752900992168675565e+00 4.762026637902143200e+00 6.051294904889325643e+00 6.050049852340694478e+00
4.690000000000000000e+02 4.743074986307388663e+00 4.753083809573309004e+00 6.040275297605833593e+00 6.039699620029783667e+00
4.700000000000000000e+02 4.742633678970574529e+00 4.749234476647320236e+00 6.039543786416198046e+00 6.034855622493838112e+00
4.710000000000000000e+02 4.745119768297963780e+00 4.746157895768853940e+00 6.042733289673698494e+00 6.030755955521732048e+00
4.720000000000000000e+02 4.740375250175421940e+00 4.744091894372543194e+00 6.036852688170728953e+00 6.028209479681432725e+00
4.730000000000000000e+02 4.739426251439439852e+00 4.751249472139846830e+00 6.035884708522914366e+00 6.036939975581717910e+00
4.740000000000000000e+02 4.740956773336183261e+00 4.750169623657401807e+00 6.037711522919046558e+00 6.035442674977457678e+00
4.750000000000000000e+02 4.743600137524796700e+00 4.746344798109396024e+00 6.042133270287084912e+00 6.031133204949408189e+00
4.760000000000000000e+02 4.735796893311731814e+00 4.754784897704153579e+00 6.032566518919145082e+00 6.041545895239766928e+00
4.770000000000000000e+02 4.740625734473844943e+00 4.749756263213749108e+00 6.037533834077271955e+00 6.034769139915935554e+00
4.780000000000000000e+02 4.733277570242569787e+00 4.748273627741349756e+00 6.028568065330119907e+00 6.032579011867623464e+00
4.790000000000000000e+02 4.742053676551915231e+00 4.750689648793342990e+00 6.039750947732602349e+00 6.035383579601099058e+00
4.800000000000000000e+02 4.732953097535050446e+00 4.747128997784970217e+00 6.029074882289028992e+00 6.031523183484649664e+00
4.810000000000000000e+02 4.726556816490989910e+00 4.742437488757971664e+00 6.020249811401908957e+00 6.025263648884302548e+00
4.820000000000000000e+02 4.733527172635430880e+00 4.750221195207918079e+00 6.030002662425935966e+00 6.035187309534767230e+00
4.830000000000000000e+02 4.735535358435781994e+00 4.751031499793434421e+00 6.033158692402834866e+00 6.036708308044811844e+00
4.840000000000000000e+02 4.740309587227680588e+00 4.757752736537806726e+00 6.038752058149613688e+00 6.044511505368610038e+00
4.850000000000000000e+02 4.739679456221021603e+00 4.754213386331683111e+00 6.038400675787370275e+00 6.040312380030973927e+00
4.860000000000000000e+02 4.741986331377818331e+00 4.751961920033521913e+00 6.040914160073767469e+00 6.037348447630789927e+00
4.870000000000000000e+02 4.740139741776796534e+00 4.754862732588380325e+00 6.038657164240010644e+00 6.040756085406719933e+00
4.880000000000000000e+02 4.729820700354127716e+00 4.742725767844536477e+00 6.025579478630388230e+00 6.025516774632492023e+00
4.890000000000000000e+02 4.736201604694430856e+00 4.754034010252171427e+00 6.033562125907257823e+00 6.039157331403356643e+00
4.900000000000000000e+02 4.736476270025312907e+00 4.748898630524583275e+00 6.034026255873620848e+00 6.033156047320024307e+00
4.910000000000000000e+02 4.740997213569372981e+00 4.748321995171014720e+00 6.039433681198391746e+00 6.032225228736513678e+00
4.920000000000000000e+02 4.733158094782820235e+00 4.743760772956086669e+00 6.029810395060259509e+00 6.026677587850478801e+00
4.930000000000000000e+02 4.733598281090229065e+00 4.752879770493756872e+00 6.030304555261940536e+00 6.037691663175042578e+00
4.940000000000000000e+02 4.735070827253739623e+00 4.753426462492648774e+00 6.032359112392821743e+00 6.038547540423325977e+00
4.950000000000000000e+02 4.740062788370172697e+00 4.751909710861037972e+00 6.039314286088631079e+00 6.037269173446047077e+00
4.960000000000000000e+02 4.734618871994203282e+00 4.746028490561706725e+00 6.031096289195542859e+00 6.028634291100421372e+00
4.970000000000000000e+02 4.748098576952905603e+00 4.754848799645804647e+00 6.047549739787301704e+00 6.039138752518744546e+00
4.980000000000000000e+02 4.746543868403003685e+00 4.757990004229115222e+00 6.045797150866708769e+00 6.043484100775503798e+00
4.990000000000000000e+02 4.745698012300314517e+00 4.756607464819020414e+00 6.045105045060671145e+00 6.042062959212753270e+00
5.000000000000000000e+02 4.737453378191460729e+00 4.752419404929432822e+00 6.034601858185322243e+00 6.036406573872456605e+00
