# delays[ps] delta_averaged scan 0
-2.000000000000000000e+01 -4.631029008547282965e-05 -4.631029008547282965e-05
-1.800000000000000000e+01 7.522932902711709660e-05 7.522932902711709660e-05
-1.600000000000000000e+01 1.539213427688312821e-05 1.539213427688312821e-05
-1.400000000000000000e+01 -1.954327587248405590e-05 -1.954327587248405590e-05
-1.200000000000000000e+01 7.427073255239646115e-05 7.427073255239646115e-05
-1.000000000000000000e+01 1.951741483738688267e-04 1.951741483738688267e-04
-8.000000000000000000e+00 1.211015977975601291e-04 1.211015977975601291e-04
-6.000000000000000000e+00 1.311636826762210318e-04 1.311636826762210318e-04
-4.000000000000000000e+00 1.917739275604428775e-04 1.917739275604428775e-04
-2.000000000000000000e+00 1.723171175019296919e-04 1.723171175019296919e-04
-1.000000000000000000e+00 1.045554804110461266e-04 1.045554804110461266e-04
-9.000000000000000222e-01 2.571584457543899492e-04 2.571584457543899492e-04
-8.000000000000000444e-01 1.889506300524250665e-04 1.889506300524250665e-04
-6.999999999999999556e-01 1.180394523627618046e-04 1.180394523627618046e-04
-5.999999999999999778e-01 1.176321434499919580e-04 1.176321434499919580e-04
-5.000000000000000000e-01 1.842096904535223025e-04 1.842096904535223025e-04
-4.000000000000000222e-01 4.632573149434704592e-04 4.632573149434704592e-04
-2.999999999999999889e-01 1.311294284210458945e-03 1.311294284210458945e-03
-2.000000000000000111e-01 2.217868600222467224e-03 2.217868600222467224e-03
-1.000000000000000056e-01 2.694410896615656668e-03 2.694410896615656668e-03
0.000000000000000000e+00 2.704537658302520048e-03 2.704537658302520048e-03
1.000000000000000056e-01 2.515818625813244069e-03 2.515818625813244069e-03
2.000000000000000111e-01 2.450128802854237287e-03 2.450128802854237287e-03
2.999999999999999889e-01 2.346096670271986991e-03 2.346096670271986991e-03
4.000000000000000222e-01 2.321218529976858732e-03 2.321218529976858732e-03
5.000000000000000000e-01 2.299394438561431706e-03 2.299394438561431706e-03
5.999999999999999778e-01 2.301268970512867530e-03 2.301268970512867530e-03
6.999999999999999556e-01 2.244185290014257938e-03 2.244185290014257938e-03
8.000000000000000444e-01 2.202924809324878150e-03 2.202924809324878150e-03
9.000000000000000222e-01 2.236963249054120008e-03 2.236963249054120008e-03
1.000000000000000000e+00 2.223469174159233962e-03 2.223469174159233962e-03
1.100000000000000089e+00 2.210705020031847583e-03 2.210705020031847583e-03
1.199999999999999956e+00 2.299703993242241222e-03 2.299703993242241222e-03
1.300000000000000044e+00 2.241327805258527383e-03 2.241327805258527383e-03
1.399999999999999911e+00 2.233394871500518544e-03 2.233394871500518544e-03
1.500000000000000000e+00 2.269428465323622066e-03 2.269428465323622066e-03
1.600000000000000089e+00 2.192376411593471765e-03 2.192376411593471765e-03
1.699999999999999956e+00 2.225805307774544970e-03 2.225805307774544970e-03
1.800000000000000044e+00 2.308849868574240280e-03 2.308849868574240280e-03
1.899999999999999911e+00 2.446702928563403504e-03 2.446702928563403504e-03
2.000000000000000000e+00 2.425768151658705581e-03 2.425768151658705581e-03
3.000000000000000000e+00 2.758629147671339855e-03 2.758629147671339855e-03
4.000000000000000000e+00 2.793178196396265463e-03 2.793178196396265463e-03
5.000000000000000000e+00 3.054354320858872901e-03 3.054354320858872901e-03
6.000000000000000000e+00 3.189942128243252253e-03 3.189942128243252253e-03
7.000000000000000000e+00 3.242402652739586905e-03 3.242402652739586905e-03
8.000000000000000000e+00 3.277041371358506514e-03 3.277041371358506514e-03
9.000000000000000000e+00 3.359235115823391155e-03 3.359235115823391155e-03
1.000000000000000000e+01 3.436560618206770026e-03 3.436560618206770026e-03
1.100000000000000000e+01 3.625557738465220135e-03 3.625557738465220135e-03
1.200000000000000000e+01 3.778612692478722137e-03 3.778612692478722137e-03
1.300000000000000000e+01 3.811411405244121905e-03 3.811411405244121905e-03
1.400000000000000000e+01 4.036685897872187984e-03 4.036685897872187984e-03
1.500000000000000000e+01 4.039123231164321558e-03 4.039123231164321558e-03
1.600000000000000000e+01 4.122210086332071116e-03 4.122210086332071116e-03
1.700000000000000000e+01 4.267889308093119130e-03 4.267889308093119130e-03
1.800000000000000000e+01 4.412608075779465323e-03 4.412608075779465323e-03
1.900000000000000000e+01 4.295081867901542373e-03 4.295081867901542373e-03
2.000000000000000000e+01 4.415320178253628360e-03 4.415320178253628360e-03
2.100000000000000000e+01 4.373052283189533124e-03 4.373052283189533124e-03
2.200000000000000000e+01 4.294500579066068240e-03 4.294500579066068240e-03
2.300000000000000000e+01 4.294852954384857646e-03 4.294852954384857646e-03
2.400000000000000000e+01 4.259578501840988012e-03 4.259578501840988012e-03
2.500000000000000000e+01 4.415852178565341825e-03 4.415852178565341825e-03
2.600000000000000000e+01 4.157041872789505807e-03 4.157041872789505807e-03
2.700000000000000000e+01 4.157466022879282089e-03 4.157466022879282089e-03
2.800000000000000000e+01 4.140562575692170559e-03 4.140562575692170559e-03
2.900000000000000000e+01 3.994937274647294978e-03 3.994937274647294978e-03
3.000000000000000000e+01 3.956685344745141004e-03 3.956685344745141004e-03
3.100000000000000000e+01 3.961128582183587321e-03 3.961128582183587321e-03
3.200000000000000000e+01 3.786528463408842492e-03 3.786528463408842492e-03
3.300000000000000000e+01 3.820107456994346548e-03 3.820107456994346548e-03
3.400000000000000000e+01 3.521069108065410722e-03 3.521069108065410722e-03
3.500000000000000000e+01 3.534547832886200842e-03 3.534547832886200842e-03
3.600000000000000000e+01 3.504795663796306335e-03 3.504795663796306335e-03
3.700000000000000000e+01 3.418817372530318435e-03 3.418817372530318435e-03
3.800000000000000000e+01 3.257124977897895603e-03 3.257124977897895603e-03
3.900000000000000000e+01 3.276495993394311617e-03 3.276495993394311617e-03
4.000000000000000000e+01 3.228399140888721548e-03 3.228399140888721548e-03
4.100000000000000000e+01 3.142206312565879248e-03 3.142206312565879248e-03
4.200000000000000000e+01 3.048149071458499271e-03 3.048149071458499271e-03
4.300000000000000000e+01 3.002790932564949715e-03 3.002790932564949715e-03
4.400000000000000000e+01 2.945026378515571211e-03 2.945026378515571211e-03
4.500000000000000000e+01 3.000097006007746998e-03 3.000097006007746998e-03
4.600000000000000000e+01 2.903398121093671291e-03 2.903398121093671291e-03
4.700000000000000000e+01 2.923528750366170565e-03 2.923528750366170565e-03
4.800000000000000000e+01 2.906486525475493205e-03 2.906486525475493205e-03
4.900000000000000000e+01 2.826667824548904570e-03 2.826667824548904570e-03
5.000000000000000000e+01 2.838572572125934446e-03 2.838572572125934446e-03
5.100000000000000000e+01 2.762567755693253260e-03 2.762567755693253260e-03
5.200000000000000000e+01 2.728330976410858581e-03 2.728330976410858581e-03
5.300000000000000000e+01 2.769897107511000867e-03 2.769897107511000867e-03
5.400000000000000000e+01 2.879007924742530648e-03 2.879007924742530648e-03
5.500000000000000000e+01 2.847629398258143003e-03 2.847629398258143003e-03
5.600000000000000000e+01 2.866426641389050855e-03 2.866426641389050855e-03
5.700000000000000000e+01 2.832298632270109986e-03 2.832298632270109986e-03
5.800000000000000000e+01 2.766377234530382513e-03 2.766377234530382513e-03
5.900000000000000000e+01 2.788398192679860440e-03 2.788398192679860440e-03
6.000000000000000000e+01 2.717542621782447453e-03 2.717542621782447453e-03
6.100000000000000000e+01 2.689859677446960681e-03 2.689859677446960681e-03
6.200000000000000000e+01 2.735027410046702006e-03 2.735027410046702006e-03
6.300000000000000000e+01 2.779062706985110758e-03 2.779062706985110758e-03
6.400000000000000000e+01 2.807315885569542941e-03 2.807315885569542941e-03
6.500000000000000000e+01 2.713204744428925064e-03 2.713204744428925064e-03
6.600000000000000000e+01 2.767507030335593626e-03 2.767507030335593626e-03
6.700000000000000000e+01 2.703383139419206389e-03 2.703383139419206389e-03
6.800000000000000000e+01 2.733640482026919102e-03 2.733640482026919102e-03
6.900000000000000000e+01 2.685537961496974480e-03 2.685537961496974480e-03
7.000000000000000000e+01 2.682448289578114563e-03 2.682448289578114563e-03
7.100000000000000000e+01 2.671747737626880941e-03 2.671747737626880941e-03
7.200000000000000000e+01 2.532545325483193110e-03 2.532545325483193110e-03
7.300000000000000000e+01 2.414815895533992725e-03 2.414815895533992725e-03
7.400000000000000000e+01 2.435363114098565950e-03 2.435363114098565950e-03
7.500000000000000000e+01 2.431137727585761486e-03 2.431137727585761486e-03
7.600000000000000000e+01 2.304420628192013331e-03 2.304420628192013331e-03
7.700000000000000000e+01 2.388749748612206854e-03 2.388749748612206854e-03
7.800000000000000000e+01 2.302479564393359376e-03 2.302479564393359376e-03
7.900000000000000000e+01 2.344967920465036541e-03 2.344967920465036541e-03
8.000000000000000000e+01 2.374648456865726277e-03 2.374648456865726277e-03
8.100000000000000000e+01 2.421131080732088527e-03 2.421131080732088527e-03
8.200000000000000000e+01 2.472691210627015346e-03 2.472691210627015346e-03
8.300000000000000000e+01 2.345790126026370704e-03 2.345790126026370704e-03
8.400000000000000000e+01 2.382521032142058404e-03 2.382521032142058404e-03
8.500000000000000000e+01 2.367596427848416875e-03 2.367596427848416875e-03
8.600000000000000000e+01 2.403027908181355060e-03 2.403027908181355060e-03
8.700000000000000000e+01 2.426078842780573543e-03 2.426078842780573543e-03
8.800000000000000000e+01 2.422630661284717359e-03 2.422630661284717359e-03
8.900000000000000000e+01 2.270074525734106386e-03 2.270074525734106386e-03
9.000000000000000000e+01 2.360519877948180027e-03 2.360519877948180027e-03
9.100000000000000000e+01 2.353022225593782556e-03 2.353022225593782556e-03
9.200000000000000000e+01 2.303706569186468340e-03 2.303706569186468340e-03
9.300000000000000000e+01 2.278029650301331439e-03 2.278029650301331439e-03
9.400000000000000000e+01 2.197881014293120994e-03 2.197881014293120994e-03
9.500000000000000000e+01 2.171936018719620651e-03 2.171936018719620651e-03
9.600000000000000000e+01 2.186181625052262701e-03 2.186181625052262701e-03
9.700000000000000000e+01 2.254107813726827659e-03 2.254107813726827659e-03
9.800000000000000000e+01 2.148677367462480895e-03 2.148677367462480895e-03
9.900000000000000000e+01 2.053284893551784920e-03 2.053284893551784920e-03
1.000000000000000000e+02 1.929354144815537261e-03 1.929354144815537261e-03
1.010000000000000000e+02 2.023561607832764266e-03 2.023561607832764266e-03
1.020000000000000000e+02 1.965530033661075718e-03 1.965530033661075718e-03
1.030000000000000000e+02 1.896913254472714239e-03 1.896913254472714239e-03
1.040000000000000000e+02 1.870942691416014074e-03 1.870942691416014074e-03
1.050000000000000000e+02 1.878138300681309611e-03 1.878138300681309611e-03
1.060000000000000000e+02 1.859604776898602036e-03 1.859604776898602036e-03
1.070000000000000000e+02 1.917341188538542992e-03 1.917341188538542992e-03
1.080000000000000000e+02 1.880241680477106898e-03 1.880241680477106898e-03
1.090000000000000000e+02 1.933717914888426898e-03 1.933717914888426898e-03
1.100000000000000000e+02 1.880086672024559912e-03 1.880086672024559912e-03
1.110000000000000000e+02 1.822090275040476890e-03 1.822090275040476890e-03
1.120000000000000000e+02 1.823401568637619298e-03 1.823401568637619298e-03
1.130000000000000000e+02 1.706216637018992009e-03 1.706216637018992009e-03
1.140000000000000000e+02 1.836667416010877166e-03 1.836667416010877166e-03
1.150000000000000000e+02 1.680377307001392016e-03 1.680377307001392016e-03
1.160000000000000000e+02 1.648036789196101123e-03 1.648036789196101123e-03
1.170000000000000000e+02 1.657665147659569691e-03 1.657665147659569691e-03
1.180000000000000000e+02 1.573483623397311073e-03 1.573483623397311073e-03
1.190000000000000000e+02 1.612385909219379724e-03 1.612385909219379724e-03
1.200000000000000000e+02 1.504896002864010169e-03 1.504896002864010169e-03
1.210000000000000000e+02 1.500675575352847539e-03 1.500675575352847539e-03
1.220000000000000000e+02 1.384088601649373232e-03 1.384088601649373232e-03
1.230000000000000000e+02 1.352795298959580568e-03 1.352795298959580568e-03
1.240000000000000000e+02 1.332016798279625882e-03 1.332016798279625882e-03
1.250000000000000000e+02 1.142658675401850722e-03 1.142658675401850722e-03
1.260000000000000000e+02 1.100822254826960313e-03 1.100822254826960313e-03
1.270000000000000000e+02 1.134467684755490922e-03 1.134467684755490922e-03
1.280000000000000000e+02 1.138614479035131256e-03 1.138614479035131256e-03
1.290000000000000000e+02 1.148344016116926731e-03 1.148344016116926731e-03
1.300000000000000000e+02 1.243331881583036903e-03 1.243331881583036903e-03
1.310000000000000000e+02 1.324640140461916379e-03 1.324640140461916379e-03
1.320000000000000000e+02 1.361656666657666071e-03 1.361656666657666071e-03
1.330000000000000000e+02 1.460345580080630928e-03 1.460345580080630928e-03
1.340000000000000000e+02 1.559107566538821396e-03 1.559107566538821396e-03
1.350000000000000000e+02 1.555419678947135217e-03 1.555419678947135217e-03
1.360000000000000000e+02 1.554137400876402526e-03 1.554137400876402526e-03
1.370000000000000000e+02 1.650572670253821735e-03 1.650572670253821735e-03
1.380000000000000000e+02 1.651979677185694273e-03 1.651979677185694273e-03
1.390000000000000000e+02 1.705199084091646531e-03 1.705199084091646531e-03
1.400000000000000000e+02 1.739650724974424597e-03 1.739650724974424597e-03
1.410000000000000000e+02 1.637747092189007674e-03 1.637747092189007674e-03
1.420000000000000000e+02 1.722223476766053659e-03 1.722223476766053659e-03
1.430000000000000000e+02 1.620385247177330264e-03 1.620385247177330264e-03
1.440000000000000000e+02 1.585915825030788937e-03 1.585915825030788937e-03
1.450000000000000000e+02 1.556194588431940654e-03 1.556194588431940654e-03
1.460000000000000000e+02 1.560647024614362490e-03 1.560647024614362490e-03
1.470000000000000000e+02 1.610818835948218822e-03 1.610818835948218822e-03
1.480000000000000000e+02 1.499132717600367825e-03 1.499132717600367825e-03
1.490000000000000000e+02 1.470783490568139526e-03 1.470783490568139526e-03
1.500000000000000000e+02 1.514114277501817747e-03 1.514114277501817747e-03
1.510000000000000000e+02 1.517193703885946722e-03 1.517193703885946722e-03
1.520000000000000000e+02 1.463523384005217809e-03 1.463523384005217809e-03
1.530000000000000000e+02 1.425200565081750437e-03 1.425200565081750437e-03
1.540000000000000000e+02 1.429101660565810280e-03 1.429101660565810280e-03
1.550000000000000000e+02 1.390664696895878901e-03 1.390664696895878901e-03
1.560000000000000000e+02 1.373001082928907227e-03 1.373001082928907227e-03
1.570000000000000000e+02 1.436215211540177970e-03 1.436215211540177970e-03
1.580000000000000000e+02 1.329855740265739996e-03 1.329855740265739996e-03
1.590000000000000000e+02 1.251251233614960592e-03 1.251251233614960592e-03
1.600000000000000000e+02 1.275101987953454344e-03 1.275101987953454344e-03
1.610000000000000000e+02 1.304264405833239701e-03 1.304264405833239701e-03
1.620000000000000000e+02 1.232504219864596733e-03 1.232504219864596733e-03
1.630000000000000000e+02 1.198983758130729889e-03 1.198983758130729889e-03
1.640000000000000000e+02 1.192623224144956362e-03 1.192623224144956362e-03
1.650000000000000000e+02 1.255520635128006815e-03 1.255520635128006815e-03
1.660000000000000000e+02 1.224093282358739354e-03 1.224093282358739354e-03
1.670000000000000000e+02 1.328105160040208513e-03 1.328105160040208513e-03
1.680000000000000000e+02 1.322992504051035117e-03 1.322992504051035117e-03
1.690000000000000000e+02 1.343622617804037574e-03 1.343622617804037574e-03
1.700000000000000000e+02 1.385132676497873852e-03 1.385132676497873852e-03
1.710000000000000000e+02 1.300204223689159109e-03 1.300204223689159109e-03
1.720000000000000000e+02 1.357511730683493142e-03 1.357511730683493142e-03
1.730000000000000000e+02 1.336073022706105347e-03 1.336073022706105347e-03
1.740000000000000000e+02 1.328317114092667905e-03 1.328317114092667905e-03
1.750000000000000000e+02 1.393843798948104585e-03 1.393843798948104585e-03
1.760000000000000000e+02 1.425107835503594805e-03 1.425107835503594805e-03
1.770000000000000000e+02 1.325056170827027457e-03 1.325056170827027457e-03
1.780000000000000000e+02 1.471071117187251667e-03 1.471071117187251667e-03
1.790000000000000000e+02 1.364655836886028350e-03 1.364655836886028350e-03
1.800000000000000000e+02 1.337470123544905968e-03 1.337470123544905968e-03
1.810000000000000000e+02 1.265193520947435323e-03 1.265193520947435323e-03
1.820000000000000000e+02 1.306170473577670946e-03 1.306170473577670946e-03
1.830000000000000000e+02 1.287334518946026997e-03 1.287334518946026997e-03
1.840000000000000000e+02 1.309812404561603444e-03 1.309812404561603444e-03
1.850000000000000000e+02 1.225750821789627510e-03 1.225750821789627510e-03
1.860000000000000000e+02 1.203609927011442884e-03 1.203609927011442884e-03
1.870000000000000000e+02 1.238851228616329441e-03 1.238851228616329441e-03
1.880000000000000000e+02 1.170372384306730138e-03 1.170372384306730138e-03
1.890000000000000000e+02 1.157704117805006920e-03 1.157704117805006920e-03
1.900000000000000000e+02 1.138807903385086716e-03 1.138807903385086716e-03
1.910000000000000000e+02 1.094051182245577318e-03 1.094051182245577318e-03
1.920000000000000000e+02 1.125439933412708451e-03 1.125439933412708451e-03
1.930000000000000000e+02 1.079634372873384185e-03 1.079634372873384185e-03
1.940000000000000000e+02 1.148431612829768807e-03 1.148431612829768807e-03
1.950000000000000000e+02 1.108178833161207154e-03 1.108178833161207154e-03
1.960000000000000000e+02 1.043577875759948027e-03 1.043577875759948027e-03
1.970000000000000000e+02 1.133981763709152176e-03 1.133981763709152176e-03
1.980000000000000000e+02 1.105923602081874783e-03 1.105923602081874783e-03
1.990000000000000000e+02 1.106211139833800745e-03 1.106211139833800745e-03
2.000000000000000000e+02 1.145401513558045150e-03 1.145401513558045150e-03
2.010000000000000000e+02 1.177656778028161226e-03 1.177656778028161226e-03
2.020000000000000000e+02 1.109361886235904872e-03 1.109361886235904872e-03
2.030000000000000000e+02 1.171728567685599402e-03 1.171728567685599402e-03
2.040000000000000000e+02 1.153698267953112049e-03 1.153698267953112049e-03
2.050000000000000000e+02 1.250857292454738562e-03 1.250857292454738562e-03
2.060000000000000000e+02 1.102842778981806939e-03 1.102842778981806939e-03
2.070000000000000000e+02 1.077726965039487112e-03 1.077726965039487112e-03
2.080000000000000000e+02 1.180397710466234368e-03 1.180397710466234368e-03
2.090000000000000000e+02 1.140577333931831446e-03 1.140577333931831446e-03
2.100000000000000000e+02 1.092054355931365616e-03 1.092054355931365616e-03
2.110000000000000000e+02 1.133982053000323707e-03 1.133982053000323707e-03
2.120000000000000000e+02 1.068280502465448166e-03 1.068280502465448166e-03
2.130000000000000000e+02 1.122070863616679874e-03 1.122070863616679874e-03
2.140000000000000000e+02 1.051069828488926730e-03 1.051069828488926730e-03
2.150000000000000000e+02 9.991498776936074203e-04 9.991498776936074203e-04
2.160000000000000000e+02 9.842377515105289396e-04 9.842377515105289396e-04
2.170000000000000000e+02 1.003368934987365667e-03 1.003368934987365667e-03
2.180000000000000000e+02 1.054471228693972147e-03 1.054471228693972147e-03
2.190000000000000000e+02 1.009600021475372950e-03 1.009600021475372950e-03
2.200000000000000000e+02 9.452461571492886544e-04 9.452461571492886544e-04
2.210000000000000000e+02 1.073280983580925064e-03 1.073280983580925064e-03
2.220000000000000000e+02 1.007073886198000656e-03 1.007073886198000656e-03
2.230000000000000000e+02 1.032576676265846601e-03 1.032576676265846601e-03
2.240000000000000000e+02 8.965248046291939997e-04 8.965248046291939997e-04
2.250000000000000000e+02 1.021496354729433103e-03 1.021496354729433103e-03
2.260000000000000000e+02 9.504679314759236072e-04 9.504679314759236072e-04
2.270000000000000000e+02 1.077039399647905602e-03 1.077039399647905602e-03
2.280000000000000000e+02 1.002716816458749200e-03 1.002716816458749200e-03
2.290000000000000000e+02 1.028082782901898083e-03 1.028082782901898083e-03
2.300000000000000000e+02 1.147247906104448961e-03 1.147247906104448961e-03
2.310000000000000000e+02 9.937455863820261401e-04 9.937455863820261401e-04
2.320000000000000000e+02 9.673579418687457175e-04 9.673579418687457175e-04
2.330000000000000000e+02 1.116425392372049014e-03 1.116425392372049014e-03
2.340000000000000000e+02 1.064700940745186633e-03 1.064700940745186633e-03
2.350000000000000000e+02 1.082773592868642182e-03 1.082773592868642182e-03
2.360000000000000000e+02 1.044300559253222250e-03 1.044300559253222250e-03
2.370000000000000000e+02 1.069865718470826158e-03 1.069865718470826158e-03
2.380000000000000000e+02 1.127087321036671346e-03 1.127087321036671346e-03
2.390000000000000000e+02 1.094931309256757515e-03 1.094931309256757515e-03
2.400000000000000000e+02 1.132629867840447739e-03 1.132629867840447739e-03
2.410000000000000000e+02 1.204906287786384296e-03 1.204906287786384296e-03
2.420000000000000000e+02 1.120574255263885599e-03 1.120574255263885599e-03
2.430000000000000000e+02 1.161601839952928778e-03 1.161601839952928778e-03
2.440000000000000000e+02 1.126182935057503743e-03 1.126182935057503743e-03
2.450000000000000000e+02 1.204428534822163778e-03 1.204428534822163778e-03
2.460000000000000000e+02 1.175183920566870346e-03 1.175183920566870346e-03
2.470000000000000000e+02 1.161571308994389234e-03 1.161571308994389234e-03
2.480000000000000000e+02 1.149886945677377906e-03 1.149886945677377906e-03
2.490000000000000000e+02 1.164567919170996727e-03 1.164567919170996727e-03
2.500000000000000000e+02 1.255559218364476082e-03 1.255559218364476082e-03
2.510000000000000000e+02 1.204282621141137318e-03 1.204282621141137318e-03
2.520000000000000000e+02 1.331591656504364785e-03 1.331591656504364785e-03
2.530000000000000000e+02 1.205526568615128673e-03 1.205526568615128673e-03
2.540000000000000000e+02 1.239943133729579355e-03 1.239943133729579355e-03
2.550000000000000000e+02 1.274115591177818214e-03 1.274115591177818214e-03
2.560000000000000000e+02 1.311524194694319804e-03 1.311524194694319804e-03
2.570000000000000000e+02 1.290935692974691084e-03 1.290935692974691084e-03
2.580000000000000000e+02 1.325619813277474331e-03 1.325619813277474331e-03
2.590000000000000000e+02 1.275797382494304414e-03 1.275797382494304414e-03
2.600000000000000000e+02 1.310365415562486299e-03 1.310365415562486299e-03
2.610000000000000000e+02 1.321995071513821412e-03 1.321995071513821412e-03
2.620000000000000000e+02 1.317914593657805531e-03 1.317914593657805531e-03
2.630000000000000000e+02 1.292377488519441849e-03 1.292377488519441849e-03
2.640000000000000000e+02 1.236644797561128753e-03 1.236644797561128753e-03
2.650000000000000000e+02 1.339322255740925827e-03 1.339322255740925827e-03
2.660000000000000000e+02 1.296288185550908230e-03 1.296288185550908230e-03
2.670000000000000000e+02 1.229640703532208995e-03 1.229640703532208995e-03
2.680000000000000000e+02 1.252081830642013446e-03 1.252081830642013446e-03
2.690000000000000000e+02 1.310999593067411996e-03 1.310999593067411996e-03
2.700000000000000000e+02 1.317883547919238138e-03 1.317883547919238138e-03
2.710000000000000000e+02 1.248806276510714807e-03 1.248806276510714807e-03
2.720000000000000000e+02 1.404552409730889942e-03 1.404552409730889942e-03
2.730000000000000000e+02 1.242446111359757919e-03 1.242446111359757919e-03
2.740000000000000000e+02 1.373896367924819185e-03 1.373896367924819185e-03
2.750000000000000000e+02 1.332149328190754874e-03 1.332149328190754874e-03
2.760000000000000000e+02 1.457353083080875069e-03 1.457353083080875069e-03
2.770000000000000000e+02 1.458716611524698810e-03 1.458716611524698810e-03
2.780000000000000000e+02 1.432430727355400463e-03 1.432430727355400463e-03
2.790000000000000000e+02 1.385362177559702626e-03 1.385362177559702626e-03
2.800000000000000000e+02 1.423353437401160028e-03 1.423353437401160028e-03
2.810000000000000000e+02 1.399689372135856386e-03 1.399689372135856386e-03
2.820000000000000000e+02 1.527677115873383876e-03 1.527677115873383876e-03
2.830000000000000000e+02 1.548869167094797661e-03 1.548869167094797661e-03
2.840000000000000000e+02 1.554288669473057093e-03 1.554288669473057093e-03
2.850000000000000000e+02 1.566175880732577309e-03 1.566175880732577309e-03
2.860000000000000000e+02 1.651074756838164176e-03 1.651074756838164176e-03
2.870000000000000000e+02 1.574535398168051869e-03 1.574535398168051869e-03
2.880000000000000000e+02 1.625934668303038230e-03 1.625934668303038230e-03
2.890000000000000000e+02 1.691988471305021875e-03 1.691988471305021875e-03
2.900000000000000000e+02 1.646280221483247723e-03 1.646280221483247723e-03
2.910000000000000000e+02 1.686327384097048273e-03 1.686327384097048273e-03
2.920000000000000000e+02 1.776914884046999332e-03 1.776914884046999332e-03
2.930000000000000000e+02 1.696987673043996682e-03 1.696987673043996682e-03
2.940000000000000000e+02 1.730230883116145018e-03 1.730230883116145018e-03
2.950000000000000000e+02 1.817148262217384075e-03 1.817148262217384075e-03
2.960000000000000000e+02 1.762817654511847137e-03 1.762817654511847137e-03
2.970000000000000000e+02 1.841876948295852537e-03 1.841876948295852537e-03
2.980000000000000000e+02 1.738519767710560056e-03 1.738519767710560056e-03
2.990000000000000000e+02 1.731895324258976446e-03 1.731895324258976446e-03
3.000000000000000000e+02 1.675119276345476754e-03 1.675119276345476754e-03
3.010000000000000000e+02 1.706466124691209197e-03 1.706466124691209197e-03
3.020000000000000000e+02 1.822536944080338029e-03 1.822536944080338029e-03
3.030000000000000000e+02 1.791958287813546829e-03 1.791958287813546829e-03
3.040000000000000000e+02 1.833283757351688312e-03 1.833283757351688312e-03
3.050000000000000000e+02 1.735984165085262612e-03 1.735984165085262612e-03
3.060000000000000000e+02 1.756595310201184302e-03 1.756595310201184302e-03
3.070000000000000000e+02 1.835278596493220785e-03 1.835278596493220785e-03
3.080000000000000000e+02 1.863118060952250604e-03 1.863118060952250604e-03
3.090000000000000000e+02 1.826418472232734479e-03 1.826418472232734479e-03
3.100000000000000000e+02 1.768044882250282678e-03 1.768044882250282678e-03
3.110000000000000000e+02 1.825379616130175112e-03 1.825379616130175112e-03
3.120000000000000000e+02 1.844145906638687462e-03 1.844145906638687462e-03
3.130000000000000000e+02 1.813547869378718961e-03 1.813547869378718961e-03
3.140000000000000000e+02 1.840546302385887359e-03 1.840546302385887359e-03
3.150000000000000000e+02 1.797988066178209761e-03 1.797988066178209761e-03
3.160000000000000000e+02 1.902681426298382479e-03 1.902681426298382479e-03
3.170000000000000000e+02 1.857881023277622914e-03 1.857881023277622914e-03
3.180000000000000000e+02 1.882128767881326072e-03 1.882128767881326072e-03
3.190000000000000000e+02 2.020475513493193154e-03 2.020475513493193154e-03
3.200000000000000000e+02 1.924807903893496460e-03 1.924807903893496460e-03
3.210000000000000000e+02 1.903942632501565493e-03 1.903942632501565493e-03
3.220000000000000000e+02 1.920066262382811228e-03 1.920066262382811228e-03
3.230000000000000000e+02 1.974878841622488071e-03 1.974878841622488071e-03
3.240000000000000000e+02 1.929939647971587935e-03 1.929939647971587935e-03
3.250000000000000000e+02 1.952521625785677865e-03 1.952521625785677865e-03
3.260000000000000000e+02 1.951179955073117315e-03 1.951179955073117315e-03
3.270000000000000000e+02 2.013406763668766381e-03 2.013406763668766381e-03
3.280000000000000000e+02 1.958246155446273767e-03 1.958246155446273767e-03
3.290000000000000000e+02 1.977102313359042386e-03 1.977102313359042386e-03
3.300000000000000000e+02 1.980540396475189303e-03 1.980540396475189303e-03
3.310000000000000000e+02 2.013732045787072333e-03 2.013732045787072333e-03
3.320000000000000000e+02 2.066864720859873817e-03 2.066864720859873817e-03
3.330000000000000000e+02 2.006478903958243670e-03 2.006478903958243670e-03
3.340000000000000000e+02 2.074081056385186639e-03 2.074081056385186639e-03
3.350000000000000000e+02 2.047173208270980111e-03 2.047173208270980111e-03
3.360000000000000000e+02 2.199135553545793903e-03 2.199135553545793903e-03
3.370000000000000000e+02 2.079432026984614178e-03 2.079432026984614178e-03
3.380000000000000000e+02 2.086074391149027492e-03 2.086074391149027492e-03
3.390000000000000000e+02 2.132149823855870961e-03 2.132149823855870961e-03
3.400000000000000000e+02 2.128747654428503420e-03 2.128747654428503420e-03
3.410000000000000000e+02 2.131684559689035578e-03 2.131684559689035578e-03
3.420000000000000000e+02 2.122309981105939287e-03 2.122309981105939287e-03
3.430000000000000000e+02 2.072305798855960529e-03 2.072305798855960529e-03
3.440000000000000000e+02 2.160511447691335334e-03 2.160511447691335334e-03
3.450000000000000000e+02 2.108947998698245101e-03 2.108947998698245101e-03
3.460000000000000000e+02 2.171897901708581824e-03 2.171897901708581824e-03
3.470000000000000000e+02 2.157430342902116535e-03 2.157430342902116535e-03
3.480000000000000000e+02 2.113341257853505392e-03 2.113341257853505392e-03
3.490000000000000000e+02 2.167680292689082560e-03 2.167680292689082560e-03
3.500000000000000000e+02 2.262992758853131503e-03 2.262992758853131503e-03
3.510000000000000000e+02 2.161787940387776413e-03 2.161787940387776413e-03
3.520000000000000000e+02 2.237351446974973797e-03 2.237351446974973797e-03
3.530000000000000000e+02 2.265635530342691856e-03 2.265635530342691856e-03
3.540000000000000000e+02 2.206149919375864632e-03 2.206149919375864632e-03
3.550000000000000000e+02 2.210830797525278456e-03 2.210830797525278456e-03
3.560000000000000000e+02 2.196123923481380254e-03 2.196123923481380254e-03
3.570000000000000000e+02 2.245293219826765500e-03 2.245293219826765500e-03
3.580000000000000000e+02 2.187765397517494985e-03 2.187765397517494985e-03
3.590000000000000000e+02 2.244504161202649350e-03 2.244504161202649350e-03
3.600000000000000000e+02 2.297228529890333118e-03 2.297228529890333118e-03
3.610000000000000000e+02 2.215821289649491221e-03 2.215821289649491221e-03
3.620000000000000000e+02 2.333860548343509155e-03 2.333860548343509155e-03
3.630000000000000000e+02 2.267922680278204334e-03 2.267922680278204334e-03
3.640000000000000000e+02 2.351828271456458258e-03 2.351828271456458258e-03
3.650000000000000000e+02 2.316947222003971386e-03 2.316947222003971386e-03
3.660000000000000000e+02 2.272181159537390097e-03 2.272181159537390097e-03
3.670000000000000000e+02 2.343070285915782851e-03 2.343070285915782851e-03
3.680000000000000000e+02 2.354672684684850845e-03 2.354672684684850845e-03
3.690000000000000000e+02 2.338700719226757992e-03 2.338700719226757992e-03
3.700000000000000000e+02 2.310571515607759592e-03 2.310571515607759592e-03
3.710000000000000000e+02 2.352893927569791807e-03 2.352893927569791807e-03
3.720000000000000000e+02 2.379509692006818739e-03 2.379509692006818739e-03
3.730000000000000000e+02 2.317754536055283924e-03 2.317754536055283924e-03
3.740000000000000000e+02 2.313496756676258499e-03 2.313496756676258499e-03
3.750000000000000000e+02 2.388993677420631588e-03 2.388993677420631588e-03
3.760000000000000000e+02 2.430294700413572571e-03 2.430294700413572571e-03
3.770000000000000000e+02 2.310386650268120377e-03 2.310386650268120377e-03
3.780000000000000000e+02 2.437322741441385731e-03 2.437322741441385731e-03
3.790000000000000000e+02 2.379463623938002023e-03 2.379463623938002023e-03
3.800000000000000000e+02 2.533288268527562892e-03 2.533288268527562892e-03
3.810000000000000000e+02 2.429762743436052110e-03 2.429762743436052110e-03
3.820000000000000000e+02 2.426163379984576200e-03 2.426163379984576200e-03
3.830000000000000000e+02 2.405949111021875395e-03 2.405949111021875395e-03
3.840000000000000000e+02 2.388067942704141106e-03 2.388067942704141106e-03
3.850000000000000000e+02 2.426241459949983036e-03 2.426241459949983036e-03
3.860000000000000000e+02 2.455886257620304002e-03 2.455886257620304002e-03
3.870000000000000000e+02 2.476615218389285975e-03 2.476615218389285975e-03
3.880000000000000000e+02 2.490900915667833976e-03 2.490900915667833976e-03
3.890000000000000000e+02 2.334893915222410656e-03 2.334893915222410656e-03
3.900000000000000000e+02 2.434841452812222702e-03 2.434841452812222702e-03
3.910000000000000000e+02 2.396745224274380789e-03 2.396745224274380789e-03
3.920000000000000000e+02 2.363340676947370354e-03 2.363340676947370354e-03
3.930000000000000000e+02 2.456574203946950037e-03 2.456574203946950037e-03
3.940000000000000000e+02 2.444727401357546428e-03 2.444727401357546428e-03
3.950000000000000000e+02 2.453183078982035595e-03 2.453183078982035595e-03
3.960000000000000000e+02 2.443335520314728407e-03 2.443335520314728407e-03
3.970000000000000000e+02 2.533836631512356111e-03 2.533836631512356111e-03
3.980000000000000000e+02 2.497248164740033770e-03 2.497248164740033770e-03
3.990000000000000000e+02 2.511847225644995088e-03 2.511847225644995088e-03
4.000000000000000000e+02 2.493819176549468605e-03 2.493819176549468605e-03
4.010000000000000000e+02 2.488610144888963281e-03 2.488610144888963281e-03
4.020000000000000000e+02 2.455016387472450361e-03 2.455016387472450361e-03
4.030000000000000000e+02 2.459973458202277183e-03 2.459973458202277183e-03
4.040000000000000000e+02 2.428510849902416283e-03 2.428510849902416283e-03
4.050000000000000000e+02 2.514342126746693142e-03 2.514342126746693142e-03
4.060000000000000000e+02 2.525322500490244284e-03 2.525322500490244284e-03
4.070000000000000000e+02 2.506333743441117607e-03 2.506333743441117607e-03
4.080000000000000000e+02 2.456980086703284844e-03 2.456980086703284844e-03
4.090000000000000000e+02 2.447968638646104336e-03 2.447968638646104336e-03
4.100000000000000000e+02 2.391002751189291037e-03 2.391002751189291037e-03
4.110000000000000000e+02 2.425873596647271351e-03 2.425873596647271351e-03
4.120000000000000000e+02 2.400292626449690783e-03 2.400292626449690783e-03
4.130000000000000000e+02 2.345527782696251590e-03 2.345527782696251590e-03
4.140000000000000000e+02 2.431079980242729921e-03 2.431079980242729921e-03
4.150000000000000000e+02 2.414660812354813956e-03 2.414660812354813956e-03
4.160000000000000000e+02 2.288112136535182164e-03 2.288112136535182164e-03
4.170000000000000000e+02 2.358868421232793080e-03 2.358868421232793080e-03
4.180000000000000000e+02 2.376171526616200572e-03 2.376171526616200572e-03
4.190000000000000000e+02 2.386451570089985139e-03 2.386451570089985139e-03
4.200000000000000000e+02 2.292948520954658700e-03 2.292948520954658700e-03
4.210000000000000000e+02 2.321268747938177134e-03 2.321268747938177134e-03
4.220000000000000000e+02 2.232413262775066395e-03 2.232413262775066395e-03
4.230000000000000000e+02 2.188690326069802749e-03 2.188690326069802749e-03
4.240000000000000000e+02 2.290663657055059307e-03 2.290663657055059307e-03
4.250000000000000000e+02 2.314768155780245074e-03 2.314768155780245074e-03
4.260000000000000000e+02 2.288008632510483455e-03 2.288008632510483455e-03
4.270000000000000000e+02 2.231523990000932375e-03 2.231523990000932375e-03
4.280000000000000000e+02 2.205980656714097779e-03 2.205980656714097779e-03
4.290000000000000000e+02 2.264392578780303686e-03 2.264392578780303686e-03
4.300000000000000000e+02 2.251597384137618996e-03 2.251597384137618996e-03
4.310000000000000000e+02 2.233572465230340871e-03 2.233572465230340871e-03
4.320000000000000000e+02 2.322007659664057817e-03 2.322007659664057817e-03
4.330000000000000000e+02 2.179941679689452634e-03 2.179941679689452634e-03
4.340000000000000000e+02 2.244417458896044281e-03 2.244417458896044281e-03
4.350000000000000000e+02 2.185476484274148125e-03 2.185476484274148125e-03
4.360000000000000000e+02 2.206945407098166029e-03 2.206945407098166029e-03
4.370000000000000000e+02 2.277168560071793618e-03 2.277168560071793618e-03
4.380000000000000000e+02 2.142666348925979791e-03 2.142666348925979791e-03
4.390000000000000000e+02 2.153694350328800092e-03 2.153694350328800092e-03
4.400000000000000000e+02 2.165300173098516200e-03 2.165300173098516200e-03
4.410000000000000000e+02 2.176777859580834428e-03 2.176777859580834428e-03
4.420000000000000000e+02 2.154639208884652057e-03 2.154639208884652057e-03
4.430000000000000000e+02 2.157142746994621021e-03 2.157142746994621021e-03
4.440000000000000000e+02 2.052354001580622943e-03 2.052354001580622943e-03
4.450000000000000000e+02 2.083902239941419921e-03 2.083902239941419921e-03
4.460000000000000000e+02 2.049924287096154853e-03 2.049924287096154853e-03
4.470000000000000000e+02 2.049313420234681344e-03 2.049313420234681344e-03
4.480000000000000000e+02 1.975573236893734229e-03 1.975573236893734229e-03
4.490000000000000000e+02 1.995558406802553156e-03 1.995558406802553156e-03
4.500000000000000000e+02 2.014465922190779041e-03 2.014465922190779041e-03
4.510000000000000000e+02 2.028915839912814271e-03 2.028915839912814271e-03
4.520000000000000000e+02 1.965889501474321014e-03 1.965889501474321014e-03
4.530000000000000000e+02 1.912334962501905777e-03 1.912334962501905777e-03
4.540000000000000000e+02 1.864184110574169028e-03 1.864184110574169028e-03
4.550000000000000000e+02 2.012975630931247532e-03 2.012975630931247532e-03
4.560000000000000000e+02 1.947164885121591832e-03 1.947164885121591832e-03
4.570000000000000000e+02 1.877555047987517975e-03 1.877555047987517975e-03
4.580000000000000000e+02 1.918288270092616873e-03 1.918288270092616873e-03
4.590000000000000000e+02 1.914975997052849972e-03 1.914975997052849972e-03
4.600000000000000000e+02 1.840979548127124601e-03 1.840979548127124601e-03
4.610000000000000000e+02 1.855742834376465774e-03 1.855742834376465774e-03
4.620000000000000000e+02 1.905870612005939463e-03 1.905870612005939463e-03
4.630000000000000000e+02 1.845806995635606912e-03 1.845806995635606912e-03
4.640000000000000000e+02 2.075027150421355181e-03 2.075027150421355181e-03
4.650000000000000000e+02 1.894366438724783908e-03 1.894366438724783908e-03
4.660000000000000000e+02 1.905140283966958283e-03 1.905140283966958283e-03
4.670000000000000000e+02 1.887852449271501054e-03 1.887852449271501054e-03
4.680000000000000000e+02 1.849321203466673755e-03 1.849321203466673755e-03
4.690000000000000000e+02 1.809163784508468955e-03 1.809163784508468955e-03
4.700000000000000000e+02 1.838677806912164406e-03 1.838677806912164406e-03
4.710000000000000000e+02 1.745424796404791701e-03 1.745424796404791701e-03
4.720000000000000000e+02 1.731412058431656530e-03 1.731412058431656530e-03
4.730000000000000000e+02 1.717524681257848532e-03 1.717524681257848532e-03
4.740000000000000000e+02 1.765055644751556798e-03 1.765055644751556798e-03
4.750000000000000000e+02 1.655888973869388669e-03 1.655888973869388669e-03
4.760000000000000000e+02 1.704535390634554729e-03 1.704535390634554729e-03
4.770000000000000000e+02 1.730293531509136335e-03 1.730293531509136335e-03
4.780000000000000000e+02 1.677235127199977558e-03 1.677235127199977558e-03
4.790000000000000000e+02 1.618885005747608798e-03 1.618885005747608798e-03
4.800000000000000000e+02 1.637925694153736806e-03 1.637925694153736806e-03
4.810000000000000000e+02 1.563059389164534472e-03 1.563059389164534472e-03
4.820000000000000000e+02 1.636748674461997255e-03 1.636748674461997255e-03
4.830000000000000000e+02 1.675621830906459274e-03 1.675621830906459274e-03
4.840000000000000000e+02 1.594723977703445912e-03 1.594723977703445912e-03
4.850000000000000000e+02 1.508194043598549495e-03 1.508194043598549495e-03
4.860000000000000000e+02 1.581749694108751294e-03 1.581749694108751294e-03
4.870000000000000000e+02 1.562828418748190467e-03 1.562828418748190467e-03
4.880000000000000000e+02 1.500999866139767587e-03 1.500999866139767587e-03
4.890000000000000000e+02 1.585460677491298646e-03 1.585460677491298646e-03
4.900000000000000000e+02 1.438702399190955501e-03 1.438702399190955501e-03
4.910000000000000000e+02 1.488850066951584580e-03 1.488850066951584580e-03
4.920000000000000000e+02 1.495689388301031869e-03 1.495689388301031869e-03
4.930000000000000000e+02 1.486296082860664091e-03 1.486296082860664091e-03
4.940000000000000000e+02 1.395259165038792134e-03 1.395259165038792134e-03
4.950000000000000000e+02 1.498594762360350207e-03 1.498594762360350207e-03
4.960000000000000000e+02 1.506401351625955226e-03 1.506401351625955226e-03
4.970000000000000000e+02 1.426400475522748325e-03 1.426400475522748325e-03
4.980000000000000000e+02 1.549933454503770857e-03 1.549933454503770857e-03
4.990000000000000000e+02 1.492489859268444430e-03 1.492489859268444430e-03
5.000000000000000000e+02 1.499452837780035960e-03 1.499452837780035960e-03
