# delays[ps] pumped_signal, blocked_signal, pumped_reference, blocked_reference
-2.000000000000000000e+01 4.832534029585038304e+00 4.826163053531558056e+00 6.170086298807970770e+00 6.162332831256259524e+00
-1.800000000000000000e+01 4.845208960369929763e+00 4.840997836795311926e+00 6.185909548908992583e+00 6.180812424698780561e+00
-1.600000000000000000e+01 4.830698570961969196e+00 4.828992036409454514e+00 6.165163907727774451e+00 6.163620404858502155e+00
-1.400000000000000000e+01 4.831730371088791998e+00 4.833643024599019178e+00 6.165457553295657256e+00 6.168365342499052772e+00
-1.200000000000000000e+01 4.831232288119452711e+00 4.836656667606108684e+00 6.165904788532166947e+00 6.172998175601955850e+00
-1.000000000000000000e+01 4.831533379210775969e+00 4.829652036749945587e+00 6.164483883427586797e+00 6.163115113933168132e+00
-8.000000000000000000e+00 4.825620927890749812e+00 4.825094417924061574e+00 6.158094864960819592e+00 6.157835973950631647e+00
-6.000000000000000000e+00 4.830446005697658585e+00 4.831222678649454316e+00 6.161369892977905494e+00 6.162812737583222678e+00
-4.000000000000000000e+00 4.830582217782935395e+00 4.831045626703177831e+00 6.162246666652189120e+00 6.163546251296289746e+00
-2.000000000000000000e+00 4.829549377875223648e+00 4.831135154531259523e+00 6.161327134437138753e+00 6.164218668070399865e+00
-1.000000000000000000e+00 4.831787305642255781e+00 4.831038901266683894e+00 6.162928929829766922e+00 6.162076742649356120e+00
-9.000000000000000222e-01 4.830454894837879820e+00 4.833692193001852822e+00 6.160406155700355768e+00 6.164758952616850252e+00
-8.000000000000000444e-01 4.838656767237751843e+00 4.837325396196979987e+00 6.173684284485538853e+00 6.172427139948259978e+00
-6.999999999999999556e-01 4.826315921172220413e+00 4.825307664537013430e+00 6.158582298454349235e+00 6.157796655447140388e+00
-5.999999999999999778e-01 4.828315540792146088e+00 4.831277852478740975e+00 6.162805772513658908e+00 6.167055669651571925e+00
-5.000000000000000000e-01 4.820917808121715886e+00 4.819776701023587684e+00 6.153844406723839811e+00 6.153145484830806922e+00
-4.000000000000000222e-01 4.826007861955041278e+00 4.823154856321062667e+00 6.158819728496642831e+00 6.157014932232166338e+00
-2.999999999999999889e-01 4.821998295568732829e+00 4.823091355549738779e+00 6.154134769214412159e+00 6.156732979299682995e+00
-2.000000000000000111e-01 4.819686774338533652e+00 4.822076129985167547e+00 6.150627994470785787e+00 6.153724047284672594e+00
-1.000000000000000056e-01 4.816351540281720744e+00 4.821449925103027390e+00 6.147545472494436503e+00 6.152855125667996639e+00
0.000000000000000000e+00 4.818313683588220542e+00 4.822315242153587533e+00 6.152872821302345585e+00 6.155294376835743542e+00
1.000000000000000056e-01 4.820888419101327038e+00 4.817210214117936928e+00 6.156288144875311730e+00 6.148050686983647317e+00
2.000000000000000111e-01 4.819546398613796079e+00 4.825645591696258840e+00 6.154913287600507488e+00 6.158608404741331199e+00
2.999999999999999889e-01 4.816524668991942093e+00 4.820538559941721424e+00 6.151630411413623989e+00 6.151809224258497188e+00
4.000000000000000222e-01 4.820357345251175651e+00 4.821147711511208023e+00 6.158214182476780429e+00 6.154155270370068820e+00
5.000000000000000000e-01 4.810663627035954626e+00 4.820833727072069586e+00 6.145591092211698303e+00 6.153114577228215865e+00
5.999999999999999778e-01 4.820807461583616060e+00 4.828597493594057433e+00 6.156543035134238728e+00 6.160842900205087069e+00
6.999999999999999556e-01 4.823220039933755032e+00 4.833850187183110769e+00 6.158364887577728375e+00 6.166307662649623822e+00
8.000000000000000444e-01 4.820192224592754648e+00 4.828200067923218874e+00 6.156060244021353434e+00 6.160174488554030603e+00
9.000000000000000222e-01 4.826856045845858922e+00 4.832593367681818464e+00 6.162784071565365451e+00 6.164401644866916996e+00
1.000000000000000000e+00 4.829509578257894731e+00 4.833752892040578786e+00 6.164510632025415937e+00 6.163914210434851881e+00
1.100000000000000089e+00 4.828857105172118303e+00 4.834023074884801652e+00 6.165505920129271900e+00 6.165525861455356527e+00
1.199999999999999956e+00 4.828300325272830484e+00 4.831603448126474021e+00 6.164545384562379660e+00 6.162899302603032758e+00
1.300000000000000044e+00 4.836650021111742248e+00 4.837938789683268404e+00 6.174599734933928552e+00 6.170011345280979498e+00
1.399999999999999911e+00 4.826243371735714049e+00 4.838991011137491860e+00 6.162248830190254267e+00 6.171702834808937332e+00
1.500000000000000000e+00 4.838066755447179901e+00 4.841161275120398955e+00 6.176172627988493424e+00 6.174089718366539081e+00
1.600000000000000089e+00 4.834086335196020379e+00 4.835375345613911691e+00 6.172443394854760790e+00 6.167578499366157097e+00
1.699999999999999956e+00 4.836802488956402080e+00 4.839083580547332453e+00 6.174831560667191077e+00 6.171140046192193473e+00
1.800000000000000044e+00 4.836812900242100532e+00 4.839407575970819941e+00 6.175257578151500226e+00 6.172371007402272625e+00
1.899999999999999911e+00 4.838128573882715777e+00 4.834443882838076689e+00 6.177261685313855999e+00 6.166068950285048977e+00
2.000000000000000000e+00 4.830590865884097695e+00 4.836963845379275817e+00 6.167626304077431065e+00 6.169379772328472455e+00
3.000000000000000000e+00 4.831033775043304779e+00 4.830702974566992935e+00 6.169006047004379489e+00 6.162774620072482001e+00
4.000000000000000000e+00 4.831348560554179272e+00 4.833565350358894008e+00 6.169388660157707704e+00 6.166754095934236624e+00
5.000000000000000000e+00 4.821012940271171665e+00 4.827689493701123880e+00 6.157039597618680915e+00 6.160391661845593170e+00
6.000000000000000000e+00 4.831238775591595314e+00 4.835710469872251061e+00 6.168698230901260793e+00 6.169667171588306687e+00
7.000000000000000000e+00 4.835328659731560563e+00 4.836599892276161050e+00 6.170280569086362021e+00 6.168148573140997293e+00
8.000000000000000000e+00 4.834340742867430762e+00 4.842397032739290452e+00 6.168338119600631941e+00 6.175081162584487693e+00
9.000000000000000000e+00 4.827570419091047782e+00 4.830893080923760685e+00 6.162417876287659801e+00 6.163023186434816836e+00
1.000000000000000000e+01 4.841243354783880903e+00 4.844040466042039306e+00 6.178801746678085571e+00 6.179213345879240649e+00
1.100000000000000000e+01 4.836755643518561243e+00 4.831699941470959381e+00 6.173115730195045003e+00 6.164108559563365120e+00
1.200000000000000000e+01 4.833289402683627500e+00 4.842689156545690210e+00 6.168041268924749687e+00 6.177608584777793510e+00
1.300000000000000000e+01 4.842497770372809818e+00 4.841418404247577634e+00 6.180206233052252252e+00 6.176605767927850543e+00
1.400000000000000000e+01 4.835750668223871784e+00 4.837503247848210286e+00 6.168461756721817402e+00 6.168641852857277286e+00
1.500000000000000000e+01 4.843614453483154669e+00 4.840568380384364211e+00 6.177695548993617614e+00 6.172039962834054982e+00
1.600000000000000000e+01 4.842463657654925591e+00 4.838111198399962731e+00 6.177438338534800621e+00 6.170372099728005821e+00
1.700000000000000000e+01 4.836415392982315709e+00 4.836212476567236962e+00 6.171110976654359703e+00 6.169419009991323755e+00
1.800000000000000000e+01 4.833242236916177603e+00 4.831543230650400922e+00 6.166884142128376212e+00 6.163371444151851009e+00
1.900000000000000000e+01 4.833504413301481506e+00 4.834742010451821947e+00 6.168999966806804736e+00 6.169905803096261465e+00
2.000000000000000000e+01 4.830565882296288471e+00 4.832000633467654183e+00 6.161912421979884869e+00 6.163522629956359467e+00
2.100000000000000000e+01 4.825540049353065797e+00 4.829501089207369979e+00 6.155232237564461251e+00 6.160394302368652930e+00
2.200000000000000000e+01 4.832543159752419548e+00 4.836722011354694040e+00 6.162766214032476597e+00 6.168089797247739980e+00
2.300000000000000000e+01 4.842354672475598143e+00 4.836345485678888778e+00 6.177131560834279611e+00 6.170230520408244601e+00
2.400000000000000000e+01 4.831479967897077898e+00 4.829677100223724651e+00 6.161900569236661518e+00 6.160767226274246333e+00
2.500000000000000000e+01 4.825939798206531073e+00 4.824975821701860568e+00 6.156393290562087728e+00 6.156274531041223241e+00
2.600000000000000000e+01 4.831107207018023431e+00 4.834371970896333082e+00 6.160307659277503234e+00 6.165675362528348913e+00
2.700000000000000000e+01 4.841201954677633701e+00 4.839503508522388309e+00 6.169587895407202538e+00 6.168423883313836953e+00
2.800000000000000000e+01 4.840318697706601725e+00 4.836114783051749022e+00 6.168720169267665199e+00 6.164789785038756520e+00
2.900000000000000000e+01 4.835230805806913779e+00 4.837353903485751339e+00 6.166235112025284515e+00 6.170360246870706611e+00
3.000000000000000000e+01 4.845257406266363809e+00 4.840859863924367623e+00 6.178978557765125501e+00 6.174605823080478118e+00
3.100000000000000000e+01 4.847678553430204929e+00 4.844644812057204319e+00 6.181934074919144706e+00 6.179595958413255374e+00
3.200000000000000000e+01 4.837238510976333394e+00 4.835250503647359643e+00 6.168410106768522638e+00 6.167407050507852873e+00
3.300000000000000000e+01 4.832540037977002712e+00 4.829722663796177429e+00 6.161932685202687665e+00 6.159635082862585875e+00
3.400000000000000000e+01 4.845279988279734162e+00 4.839401968562980549e+00 6.176872107127718614e+00 6.170763758458806869e+00
3.500000000000000000e+01 4.842147672524319546e+00 4.841982390524617763e+00 6.173355005163651654e+00 6.174612225647225117e+00
3.600000000000000000e+01 4.837789444728429089e+00 4.841858591246560373e+00 6.168043589015111294e+00 6.173905939362017037e+00
3.700000000000000000e+01 4.845204955392367729e+00 4.845935024215259901e+00 6.174457996223631007e+00 6.176037936447435150e+00
3.800000000000000000e+01 4.841210283855110319e+00 4.843328736388207822e+00 6.170959873390982509e+00 6.173833548407571037e+00
3.900000000000000000e+01 4.840834718526016545e+00 4.840495749532590430e+00 6.170868261771843777e+00 6.170764800315144960e+00
4.000000000000000000e+01 4.842075201749333146e+00 4.837640581474293100e+00 6.173109965485457096e+00 6.167265393584942856e+00
4.100000000000000000e+01 4.840168392190583369e+00 4.840745111223353270e+00 6.170735651897802043e+00 6.170975805477997511e+00
4.200000000000000000e+01 4.833808548803149030e+00 4.834389989793507425e+00 6.162361344285253395e+00 6.162623113457178725e+00
4.300000000000000000e+01 4.826761714048345198e+00 4.831224922370356722e+00 6.155695408951631364e+00 6.160697241056828588e+00
4.400000000000000000e+01 4.829349662557140377e+00 4.825511783090946416e+00 6.161004576975837921e+00 6.155533813527068077e+00
4.500000000000000000e+01 4.828802572169346163e+00 4.831083024689931449e+00 6.158706179234954448e+00 6.160809430188217029e+00
4.600000000000000000e+01 4.835247060378117467e+00 4.830962106122979272e+00 6.167461503803789213e+00 6.161577775525070244e+00
4.700000000000000000e+01 4.839300271926593844e+00 4.838180945425486712e+00 6.171786197856762080e+00 6.169896114996564762e+00
4.800000000000000000e+01 4.839048507151282763e+00 4.834929072715767440e+00 6.169297052985481145e+00 6.163547614163205068e+00
4.900000000000000000e+01 4.848458349504312537e+00 4.846419573332550357e+00 6.181018223201308892e+00 6.177644459240404728e+00
5.000000000000000000e+01 4.832980623939094222e+00 4.833646950094464323e+00 6.159963405143949799e+00 6.159720288661868715e+00
5.100000000000000000e+01 4.832264888607980424e+00 4.831088628634030435e+00 6.160415122178002356e+00 6.157926940489685919e+00
5.200000000000000000e+01 4.842658726468724417e+00 4.844681808357450770e+00 6.171348568163723236e+00 6.173067522571753507e+00
5.300000000000000000e+01 4.838362320783063275e+00 4.844450864423258452e+00 6.168179322496495587e+00 6.174777667849491003e+00
5.400000000000000000e+01 4.831999752460919062e+00 4.836349171411520764e+00 6.160292444563404857e+00 6.164781939794907295e+00
5.500000000000000000e+01 4.834032525482364839e+00 4.833179536313705782e+00 6.165274820048987969e+00 6.163022462692548054e+00
5.600000000000000000e+01 4.833724223921257668e+00 4.835391921102272228e+00 6.166084562978044303e+00 6.167281568984852136e+00
5.700000000000000000e+01 4.827947824572430768e+00 4.833848264560870689e+00 6.160234389378844710e+00 6.166750251973501129e+00
5.800000000000000000e+01 4.825449161081669658e+00 4.830436476925776823e+00 6.155764435468229046e+00 6.160776356055922776e+00
5.900000000000000000e+01 4.822845036721437495e+00 4.828621756660704811e+00 6.152298501870427927e+00 6.158667741221928615e+00
6.000000000000000000e+01 4.827551119000698776e+00 4.832707318442634126e+00 6.159241660909004601e+00 6.164853845681058431e+00
6.100000000000000000e+01 4.829572519767451055e+00 4.835342514659763502e+00 6.159209231142127372e+00 6.165642135609740393e+00
6.200000000000000000e+01 4.835390800256507582e+00 4.834130458738644442e+00 6.165731500217342287e+00 6.163393704886499513e+00
6.300000000000000000e+01 4.838056024832349422e+00 4.833678901159539798e+00 6.170736534371140891e+00 6.164513836008199021e+00
6.400000000000000000e+01 4.835762520795293007e+00 4.843681958902539719e+00 6.167720637252204874e+00 6.176786824133530196e+00
6.500000000000000000e+01 4.833976628316762003e+00 4.829888265766833833e+00 6.162555045871524584e+00 6.156619669720413413e+00
6.600000000000000000e+01 4.832125555435573538e+00 4.837758855587933837e+00 6.159003672053373180e+00 6.165308767382764010e+00
6.700000000000000000e+01 4.831851849939901911e+00 4.832507684833311501e+00 6.157217452542181668e+00 6.157513338557257576e+00
6.800000000000000000e+01 4.836692461637110974e+00 4.829529756731772316e+00 6.166134771682732385e+00 6.156230327638606781e+00
6.900000000000000000e+01 4.832192017679236784e+00 4.835031732358296530e+00 6.160711650356256008e+00 6.163159156283906093e+00
7.000000000000000000e+01 4.825957734491998607e+00 4.824198828631775626e+00 6.152018468971037102e+00 6.148094967994583548e+00
7.100000000000000000e+01 4.820853905630510639e+00 4.824094167228657248e+00 6.145746361407298686e+00 6.148568549173425879e+00
7.200000000000000000e+01 4.819910831349798030e+00 4.824498640249256454e+00 6.145302409178255765e+00 6.149540297046175219e+00
7.300000000000000000e+01 4.833770830192124279e+00 4.829314750004507495e+00 6.160565992213895115e+00 6.153254473856468287e+00
7.400000000000000000e+01 4.822674230688406283e+00 4.825731034728483415e+00 6.148808623177290045e+00 6.150703428708339082e+00
7.500000000000000000e+01 4.821212254236602490e+00 4.826383587483777049e+00 6.148252083260616452e+00 6.152738770328851636e+00
7.600000000000000000e+01 4.829470259591835735e+00 4.833758176553509145e+00 6.157505169986666971e+00 6.160554057786254312e+00
7.700000000000000000e+01 4.827858296809703020e+00 4.830022235204935122e+00 6.154064940781116100e+00 6.154812869697090960e+00
7.800000000000000000e+01 4.834353874761953662e+00 4.835575459259596975e+00 6.160064222097060060e+00 6.159524897092498286e+00
7.900000000000000000e+01 4.832588883179441908e+00 4.835806163718258333e+00 6.159529380775810026e+00 6.160802542823200945e+00
8.000000000000000000e+01 4.834563357911753734e+00 4.832931856494066203e+00 6.163514061206655015e+00 6.158962510442214544e+00
8.100000000000000000e+01 4.821988286117779410e+00 4.821798502294449840e+00 6.147147727095272352e+00 6.143987931139845315e+00
8.200000000000000000e+01 4.826819850126754297e+00 4.830722994443351404e+00 6.151855189577487337e+00 6.154014011286292885e+00
8.300000000000000000e+01 4.832711562380434422e+00 4.831270805567384308e+00 6.158925673497817499e+00 6.154339928830370177e+00
8.400000000000000000e+01 4.834997218585453282e+00 4.833246321104393672e+00 6.163293766596606105e+00 6.158224110843713461e+00
8.500000000000000000e+01 4.839181114090203906e+00 4.838823807850881842e+00 6.166540285502713381e+00 6.163636979116080994e+00
8.600000000000000000e+01 4.831840717186873135e+00 4.836681090911972625e+00 6.158484762356298603e+00 6.162030295824133752e+00
8.700000000000000000e+01 4.834585298786928220e+00 4.837614876218053084e+00 6.162287345888260326e+00 6.163428857488863599e+00
8.800000000000000000e+01 4.829266863136462362e+00 4.837371440255583188e+00 6.159317015614927726e+00 6.167011786137128304e+00
8.900000000000000000e+01 4.831295308711631264e+00 4.830866493684697893e+00 6.161260745957635621e+00 6.158242208355513725e+00
9.000000000000000000e+01 4.839005423675081907e+00 4.841656635380458873e+00 6.170801394243455640e+00 6.171645818815392204e+00
9.100000000000000000e+01 4.828121352563936597e+00 4.836537831835847179e+00 6.158076608204748226e+00 6.166004485040921246e+00
9.200000000000000000e+01 4.838986526624261764e+00 4.834586179855714150e+00 6.171830558976785674e+00 6.163191586751597839e+00
9.300000000000000000e+01 4.824981987565441166e+00 4.827460231724414186e+00 6.154598659288851970e+00 6.153998798062529474e+00
9.400000000000000000e+01 4.838786011348414462e+00 4.834086895278458584e+00 6.172405036423795899e+00 6.162478811776765930e+00
9.500000000000000000e+01 4.830079730473768151e+00 4.830660533379343313e+00 6.161481921784282889e+00 6.157818834936154673e+00
9.600000000000000000e+01 4.831660223895238637e+00 4.834550465553323129e+00 6.164210420666626611e+00 6.163356628115390201e+00
9.700000000000000000e+01 4.834856202299234518e+00 4.838988368965632780e+00 6.168738028494253456e+00 6.168530867100094461e+00
9.800000000000000000e+01 4.828069622340842137e+00 4.829047210172279669e+00 6.160325277269168787e+00 6.156510443097556795e+00
9.900000000000000000e+01 4.829541208905915539e+00 4.836276778201122895e+00 6.162177400184920550e+00 6.165558850065519181e+00
1.000000000000000000e+02 4.821071877532886241e+00 4.824975422036557049e+00 6.152080129168672862e+00 6.151051527599540769e+00
1.010000000000000000e+02 4.825926824997213593e+00 4.833250165236231410e+00 6.158007500971236503e+00 6.161094426280927294e+00
1.020000000000000000e+02 4.828461761826752685e+00 4.835731529786707839e+00 6.158757669569236093e+00 6.162007873045299178e+00
1.030000000000000000e+02 4.817125170387899225e+00 4.825032998429463760e+00 6.145984112474320860e+00 6.150055198648163746e+00
1.040000000000000000e+02 4.822353039067025726e+00 4.826625901417075148e+00 6.150695339611612411e+00 6.149827453952307010e+00
1.050000000000000000e+02 4.835219754463791375e+00 4.834159526722824118e+00 6.168955119240671081e+00 6.161609727608400533e+00
1.060000000000000000e+02 4.831315247904476529e+00 4.836659310265192246e+00 6.163983876994925559e+00 6.164359444560018275e+00
1.070000000000000000e+02 4.834387907388650873e+00 4.835480647829201395e+00 6.168143287543596642e+00 6.162759407410039358e+00
1.080000000000000000e+02 4.831468597316765035e+00 4.835195650079392671e+00 6.163599023974027702e+00 6.162067130545540117e+00
1.090000000000000000e+02 4.821011017824355704e+00 4.824568787956143190e+00 6.150176834688509508e+00 6.148072307173751305e+00
1.100000000000000000e+02 4.829216253282743843e+00 4.834286288879402704e+00 6.160475341923857151e+00 6.159987907113094074e+00
1.110000000000000000e+02 4.825045008889625286e+00 4.834446284565726337e+00 6.157382570208179473e+00 6.161941890631132956e+00
1.120000000000000000e+02 4.832929053851533041e+00 4.838085011825158155e+00 6.167239529461341796e+00 6.166763944228368821e+00
1.130000000000000000e+02 4.827898495261055523e+00 4.834263786609951374e+00 6.159466518755931652e+00 6.160504729287051617e+00
1.140000000000000000e+02 4.823727732512502975e+00 4.823617384915148243e+00 6.153240699236016020e+00 6.145921732085840361e+00
1.150000000000000000e+02 4.822612811289659795e+00 4.829395628516906847e+00 6.154284274733956117e+00 6.154875812618229247e+00
1.160000000000000000e+02 4.833210846696214702e+00 4.838033122342928039e+00 6.168800088148704397e+00 6.166729352133917708e+00
1.170000000000000000e+02 4.832546041993362351e+00 4.837479465677155588e+00 6.166066866757726750e+00 6.164159250089313424e+00
1.180000000000000000e+02 4.839244856391907490e+00 4.844166108484255773e+00 6.175464976288270513e+00 6.173072407723431354e+00
1.190000000000000000e+02 4.841767221961410961e+00 4.842338898386880253e+00 6.179782380127741170e+00 6.171970698221943330e+00
1.200000000000000000e+02 4.839533136250691037e+00 4.844066813094911161e+00 6.175840783011453006e+00 6.172739525549386208e+00
1.210000000000000000e+02 4.836194539868308162e+00 4.844897297747687404e+00 6.169950569155644438e+00 6.171535231802599775e+00
1.220000000000000000e+02 4.834084012887349679e+00 4.840790115596079524e+00 6.167781896100382966e+00 6.166727270550680373e+00
1.230000000000000000e+02 4.843279087573320929e+00 4.853711843419076466e+00 6.179565208037596236e+00 6.182395084072951796e+00
1.240000000000000000e+02 4.841906877601207526e+00 4.851613408212213763e+00 6.179326656976458665e+00 6.180721132974297483e+00
1.250000000000000000e+02 4.844351647888779588e+00 4.850965580452963444e+00 6.183953882265628366e+00 6.180995961408707551e+00
1.260000000000000000e+02 4.836500195021333326e+00 4.847534815399502151e+00 6.176663502868188438e+00 6.178720388515892559e+00
1.270000000000000000e+02 4.828379522975346561e+00 4.835283736042085501e+00 6.167063758640502158e+00 6.163715696693021329e+00
1.280000000000000000e+02 4.832886451057341937e+00 4.844876316966103325e+00 6.171474049555113695e+00 6.174437016224178620e+00
1.290000000000000000e+02 4.844357573871867828e+00 4.853550727625459693e+00 6.186587967564267210e+00 6.185407778512307608e+00
1.300000000000000000e+02 4.847197687050796233e+00 4.854852149365062708e+00 6.189097209740635819e+00 6.185896814256950371e+00
1.310000000000000000e+02 4.846599266085140911e+00 4.856529374799904097e+00 6.187542414329265661e+00 6.187935037152965556e+00
1.320000000000000000e+02 4.833465974165561008e+00 4.848394367667815175e+00 6.171568143644142523e+00 6.178453406121587221e+00
1.330000000000000000e+02 4.828540397743425139e+00 4.837996366474900611e+00 6.165147970883883666e+00 6.165755603739819790e+00
1.340000000000000000e+02 4.836423082946414986e+00 4.848667672599054512e+00 6.173035656114239877e+00 6.177345367360787876e+00
1.350000000000000000e+02 4.840566537695540461e+00 4.846099583019531920e+00 6.177902629588828631e+00 6.173983934883648494e+00
1.360000000000000000e+02 4.839736452809149547e+00 4.846931349589263860e+00 6.175789291700611194e+00 6.174409869848623167e+00
1.370000000000000000e+02 4.843468951934153388e+00 4.847250378574564422e+00 6.179811528650774655e+00 6.174261004337450842e+00
1.380000000000000000e+02 4.838758546611874323e+00 4.848866906228290752e+00 6.173463270917480372e+00 6.175885786930721544e+00
1.390000000000000000e+02 4.836186771984008814e+00 4.848251189331386435e+00 6.170799955317456842e+00 6.176242534489085223e+00
1.400000000000000000e+02 4.838957617978390857e+00 4.846858318610881788e+00 6.172830891696339251e+00 6.173203975439040647e+00
1.410000000000000000e+02 4.839185519056639073e+00 4.846486118122386166e+00 6.173462867273023846e+00 6.172465256835351077e+00
1.420000000000000000e+02 4.841112027529535844e+00 4.845325632894042833e+00 6.177133322447274644e+00 6.172727832543255744e+00
1.430000000000000000e+02 4.842390226377003337e+00 4.846797700477837090e+00 6.178358434366589158e+00 6.174419720535770040e+00
1.440000000000000000e+02 4.841518102127085221e+00 4.851923629256400083e+00 6.176086624987717322e+00 6.179647447955464834e+00
1.450000000000000000e+02 4.841912724132535040e+00 4.849263770184078837e+00 6.174844934686361420e+00 6.174516932199710872e+00
1.460000000000000000e+02 4.845749242943234947e+00 4.851733285352308300e+00 6.180835325497676891e+00 6.178874056341109977e+00
1.470000000000000000e+02 4.848072856560889932e+00 4.857858504831387592e+00 6.185835875897216063e+00 6.188533142302244272e+00
1.480000000000000000e+02 4.839976125112720240e+00 4.845016213488571033e+00 6.175391304034185680e+00 6.172503135040194877e+00
1.490000000000000000e+02 4.835146403504786861e+00 4.843304953346323494e+00 6.169509178866264598e+00 6.170398603885725031e+00
1.500000000000000000e+02 4.839930560383055358e+00 4.846831413176071024e+00 6.176232361722477471e+00 6.175505977957818970e+00
1.510000000000000000e+02 4.833860516390598328e+00 4.841422089838435916e+00 6.167772527321176312e+00 6.167500586572708166e+00
1.520000000000000000e+02 4.840953073013041674e+00 4.846974750843174640e+00 6.176829025357307934e+00 6.174306007208666180e+00
1.530000000000000000e+02 4.839297788529642652e+00 4.848830150061290922e+00 6.174864233080652909e+00 6.176822137462939288e+00
1.540000000000000000e+02 4.837599180750342676e+00 4.845623442026864680e+00 6.173545907805187305e+00 6.173415863236457746e+00
1.550000000000000000e+02 4.845302890993689715e+00 4.852775175583025735e+00 6.183149820927351215e+00 6.182381631572265057e+00
1.560000000000000000e+02 4.835237932366819535e+00 4.846585493395659583e+00 6.170783459951848293e+00 6.174529664861261757e+00
1.570000000000000000e+02 4.837354784381589390e+00 4.850967182486176199e+00 6.174330833223483417e+00 6.180428529787181269e+00
1.580000000000000000e+02 4.841895825965639055e+00 4.851041975023294484e+00 6.180855103244592641e+00 6.181308106236941491e+00
1.590000000000000000e+02 4.835888803564298399e+00 4.845476899745762012e+00 6.171429048803175554e+00 6.172637264834196280e+00
1.600000000000000000e+02 4.836931014527946715e+00 4.841835769484864826e+00 6.173502588912731959e+00 6.168471689031589378e+00
1.610000000000000000e+02 4.841024580947502542e+00 4.848509039345594296e+00 6.178700845091292138e+00 6.176874189509315549e+00
1.620000000000000000e+02 4.839492936244197629e+00 4.845818029654527237e+00 6.177923208570804903e+00 6.174572987762291909e+00
1.630000000000000000e+02 4.834051101834075048e+00 4.840563255269784371e+00 6.170151084664039054e+00 6.166623088260021923e+00
1.640000000000000000e+02 4.841173046903857191e+00 4.839887400752167501e+00 6.175486279115003363e+00 6.162544959129959921e+00
1.650000000000000000e+02 4.834980644187640841e+00 4.842989767751548769e+00 6.168026137929002672e+00 6.166487595921315013e+00
1.660000000000000000e+02 4.844784787795111569e+00 4.849117389477741291e+00 6.182186881503411335e+00 6.176070847889508109e+00
1.670000000000000000e+02 4.842107631870190332e+00 4.848009754438431962e+00 6.180380802491561631e+00 6.176205777007869102e+00
1.680000000000000000e+02 4.831592158459566022e+00 4.840706514273553474e+00 6.169052496544412456e+00 6.169412284266805990e+00
1.690000000000000000e+02 4.838778323789438396e+00 4.850195953707924446e+00 6.178963822716371013e+00 6.181721466789602104e+00
1.700000000000000000e+02 4.835102439339834746e+00 4.841818152081965643e+00 6.172622367239536167e+00 6.169874254084032117e+00
1.710000000000000000e+02 4.825309345384649617e+00 4.834176822754514546e+00 6.158838468129547827e+00 6.159085908757719885e+00
1.720000000000000000e+02 4.831228123116113160e+00 4.836002434052148580e+00 6.166638941585118161e+00 6.161403367834109801e+00
1.730000000000000000e+02 4.839919350593202552e+00 4.840120347252994115e+00 6.177586162247552970e+00 6.167042299406944927e+00
1.740000000000000000e+02 4.845142334324637368e+00 4.850001446061249055e+00 6.184338816563158758e+00 6.179444131211547564e+00
1.750000000000000000e+02 4.840243184816259259e+00 4.846055459466973581e+00 6.178029554406434087e+00 6.174560414737348069e+00
1.760000000000000000e+02 4.841203315815532093e+00 4.853803452515128569e+00 6.180663078911698527e+00 6.185356368102178592e+00
1.770000000000000000e+02 4.844527579179136012e+00 4.853459679084784817e+00 6.182304357403662465e+00 6.182737657887833471e+00
1.780000000000000000e+02 4.845377602935379002e+00 4.848981977219095185e+00 6.182421590742667838e+00 6.175795137460158735e+00
1.790000000000000000e+02 4.838146592087932518e+00 4.850285001753581682e+00 6.174237862588384473e+00 6.178537329795008581e+00
1.800000000000000000e+02 4.839861935235352242e+00 4.848514964615551648e+00 6.174692945784947540e+00 6.174192857633276077e+00
1.810000000000000000e+02 4.841175528906007663e+00 4.853542399200572177e+00 6.176533377852583939e+00 6.180635290449695951e+00
1.820000000000000000e+02 4.843922430727121586e+00 4.854411001743858201e+00 6.180403943419759294e+00 6.182373543734255072e+00
1.830000000000000000e+02 4.848404216993575488e+00 4.857250154820976107e+00 6.186335480761908201e+00 6.186187978279863664e+00
1.840000000000000000e+02 4.848963960188774180e+00 4.854955529931722857e+00 6.188585992993950846e+00 6.184558792030951935e+00
1.850000000000000000e+02 4.851340344036745300e+00 4.865926888802232675e+00 6.191023806079185121e+00 6.197657868755408472e+00
1.860000000000000000e+02 4.837888581984174152e+00 4.847383788308312624e+00 6.175524475484158948e+00 6.175758543170465131e+00
1.870000000000000000e+02 4.843202854125532753e+00 4.848116339008537778e+00 6.182854492012562098e+00 6.177054045577258456e+00
1.880000000000000000e+02 4.835044945311637754e+00 4.848306602953951661e+00 6.172227746406157678e+00 6.177144932750803896e+00
1.890000000000000000e+02 4.837663562565068354e+00 4.847429031713196501e+00 6.172752734161987220e+00 6.172899438281177709e+00
1.900000000000000000e+02 4.834215100292774459e+00 4.842572324446559051e+00 6.168915240202450079e+00 6.167008986573246254e+00
1.910000000000000000e+02 4.836372151582039258e+00 4.843628788189302981e+00 6.170725722825261883e+00 6.167054870074654360e+00
1.920000000000000000e+02 4.846094137801465251e+00 4.852559526452733252e+00 6.181744531782595864e+00 6.177423684026833506e+00
1.930000000000000000e+02 4.843376783008798370e+00 4.852202459953287139e+00 6.178814158273287838e+00 6.177631005270860065e+00
1.940000000000000000e+02 4.843804558444762876e+00 4.848537147737312480e+00 6.182895653843115902e+00 6.176201697030619719e+00
1.950000000000000000e+02 4.841527230248597213e+00 4.847806759349892580e+00 6.179991145468682667e+00 6.175514147124186337e+00
1.960000000000000000e+02 4.841830403899349378e+00 4.852188525662947782e+00 6.180862553245316526e+00 6.181699605385971630e+00
1.970000000000000000e+02 4.840768494382341913e+00 4.851397359602145798e+00 6.180567786608349934e+00 6.181515908551426186e+00
1.980000000000000000e+02 4.845390414409614266e+00 4.856357609768733319e+00 6.185431079173524083e+00 6.187497174035941683e+00
1.990000000000000000e+02 4.852242899777470697e+00 4.862342293582512909e+00 6.193853442852127245e+00 6.194083669412107085e+00
2.000000000000000000e+02 4.841134610604787447e+00 4.852590436988143630e+00 6.177495917953847560e+00 6.179812170774016344e+00
2.010000000000000000e+02 4.843910500677662156e+00 4.854286400431766957e+00 6.181398114740054517e+00 6.182402050629261403e+00
2.020000000000000000e+02 4.842557268301270312e+00 4.852388000262664924e+00 6.177226291890339560e+00 6.178116118477553265e+00
2.030000000000000000e+02 4.842870771180966649e+00 4.846919658791756014e+00 6.177823190886612359e+00 6.171010641365677785e+00
2.040000000000000000e+02 4.837994685626789249e+00 4.843046303020308585e+00 6.171423604139825159e+00 6.165910635247211502e+00
2.050000000000000000e+02 4.835735932812442073e+00 4.847178948921015085e+00 6.166508813085176399e+00 6.168889453287574653e+00
2.060000000000000000e+02 4.838063390929234764e+00 4.844437491656534256e+00 6.170896368197888116e+00 6.167143434936002144e+00
2.070000000000000000e+02 4.847704819143951127e+00 4.853511810045618269e+00 6.184658488383226072e+00 6.179757877166769831e+00
2.080000000000000000e+02 4.839116331309514685e+00 4.849879087393726529e+00 6.174471528114734653e+00 6.175711937034015442e+00
2.090000000000000000e+02 4.844995951913424470e+00 4.853221768366282163e+00 6.182067564003308036e+00 6.179925799845260137e+00
2.100000000000000000e+02 4.839778894926936026e+00 4.854013256722083725e+00 6.177336480136781383e+00 6.182764726066347194e+00
2.110000000000000000e+02 4.836696786645743984e+00 4.844044390199598205e+00 6.175631860579984256e+00 6.171937782387103333e+00
2.120000000000000000e+02 4.831992544961450697e+00 4.840928327794981278e+00 6.169093252783825143e+00 6.167289814460153785e+00
2.130000000000000000e+02 4.831763443053763041e+00 4.842645753242766915e+00 6.169873212624799486e+00 6.170290016321167137e+00
2.140000000000000000e+02 4.838376494572934838e+00 4.847336142314296659e+00 6.176847202615536325e+00 6.174589084865456101e+00
2.150000000000000000e+02 4.836379440380541794e+00 4.846594863044122015e+00 6.173966882221093577e+00 6.173118852465122153e+00
2.160000000000000000e+02 4.832608022967935568e+00 4.844707433661366913e+00 6.169363438312426062e+00 6.170795551357685760e+00
2.170000000000000000e+02 4.834726235769619684e+00 4.842900402418768735e+00 6.171016245600350558e+00 6.167397604472724559e+00
2.180000000000000000e+02 4.837242995975148396e+00 4.849042836846354732e+00 6.175782646784482743e+00 6.176624185825739133e+00
2.190000000000000000e+02 4.833444992650698602e+00 4.848621788988309866e+00 6.169615119616080889e+00 6.174339001511658154e+00
2.200000000000000000e+02 4.844842924058561096e+00 4.856678240221303788e+00 6.181558589565204542e+00 6.182376026412708114e+00
2.210000000000000000e+02 4.835922996673755136e+00 4.847515996454506926e+00 6.170106241007837333e+00 6.170446891268452916e+00
2.220000000000000000e+02 4.840308929447732389e+00 4.853489548487369909e+00 6.179093392243863114e+00 6.181162444995648819e+00
2.230000000000000000e+02 4.840560931839232417e+00 4.848606173221207349e+00 6.176739736457441232e+00 6.172485115203019568e+00
2.240000000000000000e+02 4.838296898043447314e+00 4.852112373949737822e+00 6.176376905889077840e+00 6.179173069605408131e+00
2.250000000000000000e+02 4.846059464073116274e+00 4.860209744006986909e+00 6.184399596806715138e+00 6.187880425365403170e+00
2.260000000000000000e+02 4.839037695010014239e+00 4.855538734619060826e+00 6.176977488081045742e+00 6.183119388944829709e+00
2.270000000000000000e+02 4.842438914588329091e+00 4.861241945404538356e+00 6.183781636983309404e+00 6.192765022871141056e+00
2.280000000000000000e+02 4.838967387634511397e+00 4.852430681559891212e+00 6.177929696709005825e+00 6.180360863977781172e+00
2.290000000000000000e+02 4.837172208224505887e+00 4.846556506999617042e+00 6.175565637140393527e+00 6.172803587472582620e+00
2.300000000000000000e+02 4.838092941121727719e+00 4.849712686249842974e+00 6.176033533145413479e+00 6.176153167060678406e+00
2.310000000000000000e+02 4.833980633558250695e+00 4.850825925702586972e+00 6.170811888038643112e+00 6.177013524922040588e+00
2.320000000000000000e+02 4.835664104743345959e+00 4.854850948462008375e+00 6.173848282507806928e+00 6.182954349713255304e+00
2.330000000000000000e+02 4.843985132314062803e+00 4.857957800276792248e+00 6.185249223045363287e+00 6.187754302182995048e+00
2.340000000000000000e+02 4.853439659246634896e+00 4.860884078332241565e+00 6.197063607068429292e+00 6.191634962263566244e+00
2.350000000000000000e+02 4.845250760510729116e+00 4.855974757500713501e+00 6.187187993041667333e+00 6.185953188461848384e+00
2.360000000000000000e+02 4.847977723667472816e+00 4.860628951552308230e+00 6.190544780013461867e+00 6.191469522467464515e+00
2.370000000000000000e+02 4.840652864247419807e+00 4.859797904239784749e+00 6.180643624389294821e+00 6.189800454094934956e+00
2.380000000000000000e+02 4.843424268916892927e+00 4.854132815598015682e+00 6.184348426801536291e+00 6.182825030720790593e+00
2.390000000000000000e+02 4.842800543565634719e+00 4.861607019478754843e+00 6.181510462054924382e+00 6.190586821842678056e+00
2.400000000000000000e+02 4.852366859481589856e+00 4.863152197222039064e+00 6.190724394924652429e+00 6.189530992693872413e+00
2.410000000000000000e+02 4.851467747968609245e+00 4.862946397822319966e+00 6.188939297380136928e+00 6.188599606220266836e+00
2.420000000000000000e+02 4.843593632893851364e+00 4.855273918595050198e+00 6.180227373436220972e+00 6.179971605274054980e+00
2.430000000000000000e+02 4.855519677118974364e+00 4.865400457375779197e+00 6.194977577775429900e+00 6.192534157400539918e+00
2.440000000000000000e+02 4.844533264433364295e+00 4.853222888853554906e+00 6.181116079820134779e+00 6.177374834660770198e+00
2.450000000000000000e+02 4.846916134696570566e+00 4.856343515576622138e+00 6.183438821406401331e+00 6.180532391118494395e+00
2.460000000000000000e+02 4.840630040305086368e+00 4.845462165225418616e+00 6.176276568491555707e+00 6.167452696197103457e+00
2.470000000000000000e+02 4.844971688689470923e+00 4.853765014871247452e+00 6.181869612034667227e+00 6.178663690608870773e+00
2.480000000000000000e+02 4.841075590744556401e+00 4.851637672868202245e+00 6.177306768279422933e+00 6.176149323574000150e+00
2.490000000000000000e+02 4.841099135576540036e+00 4.851717190418344927e+00 6.176792351628016320e+00 6.175722749242040344e+00
2.500000000000000000e+02 4.832882288272430493e+00 4.839597278602883357e+00 6.164747262518030624e+00 6.158968515410556677e+00
2.510000000000000000e+02 4.844395291049151453e+00 4.859000332302450431e+00 6.180191100002480731e+00 6.184169373917257850e+00
2.520000000000000000e+02 4.846788730851691263e+00 4.857412711834696140e+00 6.183558376877634544e+00 6.182948742985231227e+00
2.530000000000000000e+02 4.848688173075728969e+00 4.860813530105088098e+00 6.185853652988303253e+00 6.186940311209964349e+00
2.540000000000000000e+02 4.838723071359932959e+00 4.853709280562891415e+00 6.173900494819428708e+00 6.178544373792341560e+00
2.550000000000000000e+02 4.840698586042322837e+00 4.855273838118490559e+00 6.177628523223710033e+00 6.182145881648105856e+00
2.560000000000000000e+02 4.836638330240187855e+00 4.849393977708924552e+00 6.173547591791493261e+00 6.175998057076488301e+00
2.570000000000000000e+02 4.838051939891903075e+00 4.849732384266109975e+00 6.175847509251915390e+00 6.176825499524247753e+00
2.580000000000000000e+02 4.834504740124948796e+00 4.847464025889252959e+00 6.170287053818142908e+00 6.173280610035669191e+00
2.590000000000000000e+02 4.841006003242962485e+00 4.849807497349170937e+00 6.178518748618704315e+00 6.176258628271342310e+00
2.600000000000000000e+02 4.843948217975903248e+00 4.861198783785669164e+00 6.181471948209214418e+00 6.189412318628980891e+00
2.610000000000000000e+02 4.837118795293423368e+00 4.847957224885247385e+00 6.173991302040369611e+00 6.174201027760201299e+00
2.620000000000000000e+02 4.842690757918879818e+00 4.853740591295991891e+00 6.180776308985555190e+00 6.181451044785488236e+00
2.630000000000000000e+02 4.846965942285856421e+00 4.855175502320631331e+00 6.184771157198491132e+00 6.181454407500572401e+00
2.640000000000000000e+02 4.851076649441753652e+00 4.858485512232755710e+00 6.187265428734925798e+00 6.182999913220487365e+00
2.650000000000000000e+02 4.853165554650764157e+00 4.857637329463656783e+00 6.188640287175489085e+00 6.180833242799157468e+00
2.660000000000000000e+02 4.849825274824016041e+00 4.859728637993267597e+00 6.184071756382123475e+00 6.183161591464646278e+00
2.670000000000000000e+02 4.845693189096705211e+00 4.855793462254760939e+00 6.180049121070954499e+00 6.179099155508642305e+00
2.680000000000000000e+02 4.850679463485742637e+00 4.862221936931208965e+00 6.187561795647461338e+00 6.188176477251498220e+00
2.690000000000000000e+02 4.846326923924483943e+00 4.855790900678649713e+00 6.181273353835366358e+00 6.179688531309728283e+00
2.700000000000000000e+02 4.849734227038258183e+00 4.855308751052916705e+00 6.186330917211543046e+00 6.180008038010395666e+00
2.710000000000000000e+02 4.849224772434290287e+00 4.854880497356600877e+00 6.187426062490677836e+00 6.181036722942419459e+00
2.720000000000000000e+02 4.841382608703641566e+00 4.848033457637222376e+00 6.178444196396002397e+00 6.173853166673302084e+00
2.730000000000000000e+02 4.837907800927848889e+00 4.850926504044308807e+00 6.173931725297121531e+00 6.177352897014270816e+00
2.740000000000000000e+02 4.840499352567120717e+00 4.850290926299654970e+00 6.176845199961769950e+00 6.175850390888887986e+00
2.750000000000000000e+02 4.840295475400052894e+00 4.851484884467264891e+00 6.176013110862212052e+00 6.176996708171412998e+00
2.760000000000000000e+02 4.840498232661744282e+00 4.851871900478892385e+00 6.175825889929430268e+00 6.176977571151931912e+00
2.770000000000000000e+02 4.841610831261810688e+00 4.858277390083713954e+00 6.176484611029845695e+00 6.185299031319552832e+00
2.780000000000000000e+02 4.855412211419305457e+00 4.869351166877536663e+00 6.192288636520697054e+00 6.197309204585654818e+00
2.790000000000000000e+02 4.857182889300715622e+00 4.865526258885627620e+00 6.195965658942833798e+00 6.194191370141078679e+00
2.800000000000000000e+02 4.840823667355120818e+00 4.858017779099548683e+00 6.175962741516300980e+00 6.185054955191608528e+00
2.810000000000000000e+02 4.844381197279311380e+00 4.848837519019753017e+00 6.178778204190653156e+00 6.172724391346076089e+00
2.820000000000000000e+02 4.845003400467454924e+00 4.859073122094662800e+00 6.179344195082477675e+00 6.185515082574535306e+00
2.830000000000000000e+02 4.843884235169288566e+00 4.852508840697313808e+00 6.177894703279893207e+00 6.177333603233027048e+00
2.840000000000000000e+02 4.848408380550516483e+00 4.854616882513423270e+00 6.184493766428389883e+00 6.181247809996630593e+00
2.850000000000000000e+02 4.846277595988192743e+00 4.856040741555476714e+00 6.181354712832764164e+00 6.182746786482288037e+00
2.860000000000000000e+02 4.846207687497982697e+00 4.857037787714760135e+00 6.181610160188982128e+00 6.184672580387117868e+00
2.870000000000000000e+02 4.844281980112127961e+00 4.852197417280161851e+00 6.179129584327707647e+00 6.178476312983473662e+00
2.880000000000000000e+02 4.852467197087365847e+00 4.861185490849802449e+00 6.190074723045142058e+00 6.190475594038245433e+00
2.890000000000000000e+02 4.851548386740664576e+00 4.858448516994771538e+00 6.187733804628916978e+00 6.186109982944579144e+00
2.900000000000000000e+02 4.857728939003366442e+00 4.865620911078946342e+00 6.195886382333019249e+00 6.195613075538221715e+00
2.910000000000000000e+02 4.855167735426451969e+00 4.865779464696272427e+00 6.192228820267864364e+00 6.195996568674336125e+00
2.920000000000000000e+02 4.855528565502281957e+00 4.861453509607730261e+00 6.192790807968251876e+00 6.190489525309073926e+00
2.930000000000000000e+02 4.845238108683897593e+00 4.854302575660103258e+00 6.178639350183853907e+00 6.180209034389945622e+00
2.940000000000000000e+02 4.854869285900692333e+00 4.856030651867806469e+00 6.190782852042486795e+00 6.182797876487220456e+00
2.950000000000000000e+02 4.851783013316540050e+00 4.856198494834698565e+00 6.185891528910988590e+00 6.182331903152351593e+00
2.960000000000000000e+02 4.857062933395139837e+00 4.864748465437260805e+00 6.193963309858638411e+00 6.193922790065584216e+00
2.970000000000000000e+02 4.853566342542108281e+00 4.856308522019904927e+00 6.187967390461131423e+00 6.182435925429643042e+00
2.980000000000000000e+02 4.864337506246202203e+00 4.863884587874388821e+00 6.201635979730863113e+00 6.192463209101623178e+00
2.990000000000000000e+02 4.849790282104534889e+00 4.864242855650903863e+00 6.182822462380029194e+00 6.191978337691810275e+00
3.000000000000000000e+02 4.855177103730924593e+00 4.864943694183819112e+00 6.189452435071587821e+00 6.192328916987158927e+00
3.010000000000000000e+02 4.853661715416150102e+00 4.859891275079262662e+00 6.188714198479960515e+00 6.187558271426629730e+00
3.020000000000000000e+02 4.846856796706910053e+00 4.852260996212001132e+00 6.181861844887506230e+00 6.179965597450851611e+00
3.030000000000000000e+02 4.855230355859147195e+00 4.859711981272836212e+00 6.192182214270740559e+00 6.188899657671791843e+00
3.040000000000000000e+02 4.851214302034676962e+00 4.851541339032568345e+00 6.185940296719786069e+00 6.177442581954288414e+00
3.050000000000000000e+02 4.852501870822766961e+00 4.863333173435173684e+00 6.187564038516246256e+00 6.192249401355330640e+00
3.060000000000000000e+02 4.846275673613218871e+00 4.848624191535531480e+00 6.179926521157153019e+00 6.173968721475323385e+00
3.070000000000000000e+02 4.848050754288146358e+00 4.855186073081097398e+00 6.180909317087662558e+00 6.181239399194696560e+00
3.080000000000000000e+02 4.853253799052373196e+00 4.857667679898129087e+00 6.188439128855357296e+00 6.185203019819089931e+00
3.090000000000000000e+02 4.855278562640938489e+00 4.862537360596612679e+00 6.191396249064697876e+00 6.191773895834406183e+00
3.100000000000000000e+02 4.854104944943918198e+00 4.857982304147526520e+00 6.188945703387055630e+00 6.185019879801899378e+00
3.110000000000000000e+02 4.844037823609546045e+00 4.855439518154133438e+00 6.175442554561436204e+00 6.181063786775401248e+00
3.120000000000000000e+02 4.850930266705019811e+00 4.851641597323097521e+00 6.184648799305802136e+00 6.176800198758402693e+00
3.130000000000000000e+02 4.850766748253532157e+00 4.855099189051394148e+00 6.183798211226290142e+00 6.180353416915673748e+00
3.140000000000000000e+02 4.853817305253289582e+00 4.856454983587974894e+00 6.187918301309625058e+00 6.182620504087260827e+00
3.150000000000000000e+02 4.844760844645073838e+00 4.853576591655595074e+00 6.177249914396783836e+00 6.179244414950344932e+00
3.160000000000000000e+02 4.849489830718388461e+00 4.853348532339621713e+00 6.184151997056864580e+00 6.180607185586125318e+00
3.170000000000000000e+02 4.847325171839995228e+00 4.855627380679059968e+00 6.181764391977580431e+00 6.183724218058456401e+00
3.180000000000000000e+02 4.844636806330161249e+00 4.852250669114545722e+00 6.177279547222318534e+00 6.178277879997791544e+00
3.190000000000000000e+02 4.860506913703446230e+00 4.862084282488654097e+00 6.194871235870321513e+00 6.188643409990953970e+00
3.200000000000000000e+02 4.856390682904897282e+00 4.864457223646683204e+00 6.188334711740139049e+00 6.190105153970305807e+00
3.210000000000000000e+02 4.861476652175931612e+00 4.868724159771057991e+00 6.193353113934978005e+00 6.194546996361586011e+00
3.220000000000000000e+02 4.858832248724380243e+00 4.864715072462733936e+00 6.192066822663455206e+00 6.191343557411717491e+00
3.230000000000000000e+02 4.864936887401172250e+00 4.868801595964209916e+00 6.200032578282937301e+00 6.196656172637436732e+00
3.240000000000000000e+02 4.854839176554201607e+00 4.860065764737022675e+00 6.187464340174323674e+00 6.186147218421334415e+00
3.250000000000000000e+02 4.861970891241504056e+00 4.869606375409179400e+00 6.196476715350513587e+00 6.197927088454464162e+00
3.260000000000000000e+02 4.849291877448134613e+00 4.856540107471730039e+00 6.179418745242333699e+00 6.180896107896455050e+00
3.270000000000000000e+02 4.857045395511259578e+00 4.865612182052847956e+00 6.188407978607679993e+00 6.191831311704934393e+00
3.280000000000000000e+02 4.853463842572485198e+00 4.862606867744648120e+00 6.186497718140013369e+00 6.190575929043105496e+00
3.290000000000000000e+02 4.857843930051185311e+00 4.862878732460544029e+00 6.190606279636969411e+00 6.189729907384858620e+00
3.300000000000000000e+02 4.859126053464216888e+00 4.864717315683086518e+00 6.194396130614333806e+00 6.193873943439069052e+00
3.310000000000000000e+02 4.857443061228128300e+00 4.862367836883320749e+00 6.192737074286702281e+00 6.192009886947650976e+00
3.320000000000000000e+02 4.849505045105153123e+00 4.859319842075010776e+00 6.180664039695615841e+00 6.186152184367993634e+00
3.330000000000000000e+02 4.848831191391888673e+00 4.852236013046427487e+00 6.181334852288666859e+00 6.178697324581030159e+00
3.340000000000000000e+02 4.860825059456717057e+00 4.860490096760180734e+00 6.195840734441710573e+00 6.188174313320727649e+00
3.350000000000000000e+02 4.848846167009312147e+00 4.857011203210559458e+00 6.179416106261396813e+00 6.182600965832278028e+00
3.360000000000000000e+02 4.863379376375854157e+00 4.869378795016147343e+00 6.198506370379464059e+00 6.199544744215963910e+00
3.370000000000000000e+02 4.858689390509789874e+00 4.867316394550049274e+00 6.192071387789860104e+00 6.196036446554214372e+00
3.380000000000000000e+02 4.856246941355441216e+00 4.859418577157659236e+00 6.188681925508088710e+00 6.186006841536546119e+00
3.390000000000000000e+02 4.850680344836135305e+00 4.859105312944969945e+00 6.181724032314119377e+00 6.185923479592490892e+00
3.400000000000000000e+02 4.852535022595072967e+00 4.856747506790427771e+00 6.184819605402649856e+00 6.183036588596634964e+00
3.410000000000000000e+02 4.851209817043976358e+00 4.859339219952485855e+00 6.183239986029034796e+00 6.187176379864465225e+00
3.420000000000000000e+02 4.850971346757212643e+00 4.857833440421776672e+00 6.181841586310356185e+00 6.184493608682145371e+00
3.430000000000000000e+02 4.850847786124318439e+00 4.855636429844076396e+00 6.181696483273436016e+00 6.181239079025873551e+00
3.440000000000000000e+02 4.849664721168218229e+00 4.854262857690758715e+00 6.179958395282137751e+00 6.179546710649911567e+00
3.450000000000000000e+02 4.849245754639270878e+00 4.852634880027340003e+00 6.179090909830470935e+00 6.176592796108333339e+00
3.460000000000000000e+02 4.857562458020165508e+00 4.859833139400349111e+00 6.189957169464347153e+00 6.186607266720482556e+00
3.470000000000000000e+02 4.858389900376339554e+00 4.864752309480473436e+00 6.189993044512466014e+00 6.191744990223389422e+00
3.480000000000000000e+02 4.854674938314357924e+00 4.862241714771353251e+00 6.184340980982574898e+00 6.187850156897833465e+00
3.490000000000000000e+02 4.862769747396066933e+00 4.869922762507703951e+00 6.195001281645325264e+00 6.198092049628583844e+00
3.500000000000000000e+02 4.858626448296201161e+00 4.858960852901312855e+00 6.190488163722342563e+00 6.184975036014433769e+00
3.510000000000000000e+02 4.847785858663653968e+00 4.859658248635885691e+00 6.177898948295867498e+00 6.187065790839580970e+00
3.520000000000000000e+02 4.853735867137126014e+00 4.857171197272632135e+00 6.183031144345232377e+00 6.181845107670363326e+00
3.530000000000000000e+02 4.848218277486848748e+00 4.860944936414576034e+00 6.178646315240705178e+00 6.188751752885749191e+00
3.540000000000000000e+02 4.859155122603479704e+00 4.858983516296750516e+00 6.192385614736228838e+00 6.186483307547022470e+00
3.550000000000000000e+02 4.851066798785743650e+00 4.854998130947671520e+00 6.181150592382069320e+00 6.180514933914861508e+00
3.560000000000000000e+02 4.855173982342539496e+00 4.861564657882735396e+00 6.186490114033365906e+00 6.189090323737438837e+00
3.570000000000000000e+02 4.845869760586149155e+00 4.852604450162984584e+00 6.175871213420225381e+00 6.179184678927072127e+00
3.580000000000000000e+02 4.849582882623057145e+00 4.856648291424265018e+00 6.178786535749517306e+00 6.182512079440476427e+00
3.590000000000000000e+02 4.845516618353249427e+00 4.854424775741646769e+00 6.172732717874366948e+00 6.178780526528983685e+00
3.600000000000000000e+02 4.852020603714441549e+00 4.854270865910573995e+00 6.180780632394380802e+00 6.178856199029920226e+00
3.610000000000000000e+02 4.858949081438225015e+00 4.863479314339357984e+00 6.185807046212259408e+00 6.186620718781874473e+00
3.620000000000000000e+02 4.863099907608020800e+00 4.869164266894122406e+00 6.192305857169627004e+00 6.195005203586839038e+00
3.630000000000000000e+02 4.857735184262032213e+00 4.855480919953206076e+00 6.182790588614026639e+00 6.175694882456000734e+00
3.640000000000000000e+02 4.856516323076910169e+00 4.854823561315591007e+00 6.184662172407411340e+00 6.177973738709246376e+00
3.650000000000000000e+02 4.843776851686097729e+00 4.850338973793088648e+00 6.167858692741662985e+00 6.171957802852094943e+00
3.660000000000000000e+02 4.857080469558601621e+00 4.861988990149547440e+00 6.184910733342897871e+00 6.186544005969661697e+00
3.670000000000000000e+02 4.855222670064433643e+00 4.858618761681187337e+00 6.184353554492119542e+00 6.184256096877290609e+00
3.680000000000000000e+02 4.859234158822439476e+00 4.862478504686122527e+00 6.187848716070274868e+00 6.187562517323441647e+00
3.690000000000000000e+02 4.872208738748815549e+00 4.876949976709336276e+00 6.206139805775528373e+00 6.207643991579021581e+00
3.700000000000000000e+02 4.868070246165952852e+00 4.873461473140045186e+00 6.202278926769628775e+00 6.204716819203086153e+00
3.710000000000000000e+02 4.852009954512467083e+00 4.861518613800513755e+00 6.180540080416326632e+00 6.188435206875470662e+00
3.720000000000000000e+02 4.852930045661407732e+00 4.855501980089328207e+00 6.181007653667363932e+00 6.180651388124360324e+00
3.730000000000000000e+02 4.852726569198853035e+00 4.860647128279804718e+00 6.181216819134950136e+00 6.186998927497338485e+00
3.740000000000000000e+02 4.861525180191153872e+00 4.866329678860641827e+00 6.193216262655409032e+00 6.195521307201628858e+00
3.750000000000000000e+02 4.860458465681655404e+00 4.860722561762453431e+00 6.190919305498013614e+00 6.187562356613842240e+00
3.760000000000000000e+02 4.857563499454512268e+00 4.862093090670231987e+00 6.186575477521151889e+00 6.188737420927484578e+00
3.770000000000000000e+02 4.855577732140665681e+00 4.859454851848601820e+00 6.185645127615646111e+00 6.186985633668990125e+00
3.780000000000000000e+02 4.852881197589234752e+00 4.854670293471540887e+00 6.180145132371443140e+00 6.178740006526035167e+00
3.790000000000000000e+02 4.852231767380462912e+00 4.850126767572013442e+00 6.177314375040827699e+00 6.171273695730130626e+00
3.800000000000000000e+02 4.856610895425306218e+00 4.861244027130113388e+00 6.181495009703323440e+00 6.183833285082552145e+00
3.810000000000000000e+02 4.859964786442045437e+00 4.861417475723611936e+00 6.185607331926987307e+00 6.184211173874198941e+00
3.820000000000000000e+02 4.859331052782191129e+00 4.861665475962897887e+00 6.187159725087749251e+00 6.186831244560822896e+00
3.830000000000000000e+02 4.855589424848228752e+00 4.862074592530301942e+00 6.183485667720622914e+00 6.188213950801096708e+00
3.840000000000000000e+02 4.848623951619452477e+00 4.848059804989976129e+00 6.175848552609306097e+00 6.171809740795130672e+00
3.850000000000000000e+02 4.850084325572330712e+00 4.849975581435334249e+00 6.177106012938771151e+00 6.173935808683916449e+00
3.860000000000000000e+02 4.860025164647111318e+00 4.859797825426827700e+00 6.188974449944081080e+00 6.185581949071060848e+00
3.870000000000000000e+02 4.848474846444227104e+00 4.856335908394710188e+00 6.174163630726472896e+00 6.181267427181879270e+00
3.880000000000000000e+02 4.860938290698136655e+00 4.859423702722910576e+00 6.189440985507491888e+00 6.184723753431724980e+00
3.890000000000000000e+02 4.864564046239376438e+00 4.864224677897809102e+00 6.192922935762346981e+00 6.189741199032993357e+00
3.900000000000000000e+02 4.855816924821807490e+00 4.862699197763098447e+00 6.182158133891598517e+00 6.187810677296087469e+00
3.910000000000000000e+02 4.865386763975821260e+00 4.863975795660842927e+00 6.192064179612828845e+00 6.187887472129967037e+00
3.920000000000000000e+02 4.852645611314978069e+00 4.854479228063691920e+00 6.178189792799098967e+00 6.177553250459359546e+00
3.930000000000000000e+02 4.854514382824519636e+00 4.862025746362418133e+00 6.179231446095384328e+00 6.186074910364951052e+00
3.940000000000000000e+02 4.866542123598997627e+00 4.864709306667953648e+00 6.194958676750349724e+00 6.189976626036754581e+00
3.950000000000000000e+02 4.856718923135748156e+00 4.860323295509186181e+00 6.182279059214478956e+00 6.184445403379987383e+00
3.960000000000000000e+02 4.859045095078150744e+00 4.855278404790928093e+00 6.184900324391477966e+00 6.178254417169664947e+00
3.970000000000000000e+02 4.861501635939958099e+00 4.859988970676186959e+00 6.188259593237556366e+00 6.183896868090958066e+00
3.980000000000000000e+02 4.869901302548540478e+00 4.868977686213165512e+00 6.199310998384850002e+00 6.196078729430535503e+00
3.990000000000000000e+02 4.857105135215913805e+00 4.864010149013584083e+00 6.183607067523638534e+00 6.190091298101265238e+00
4.000000000000000000e+02 4.868417062549801777e+00 4.868994662764034587e+00 6.196651446992253121e+00 6.195389738600145968e+00
4.010000000000000000e+02 4.866331039785557699e+00 4.866619399336439500e+00 6.195799176954315257e+00 6.194043306996364073e+00
4.020000000000000000e+02 4.870879048324463056e+00 4.870452235140381170e+00 6.202454054230538638e+00 6.199938085731560022e+00
4.030000000000000000e+02 4.861513648510557672e+00 4.863980200733133863e+00 6.191086347490474928e+00 6.192111266653105517e+00
4.040000000000000000e+02 4.856063004299007169e+00 4.858464692115640915e+00 6.181995657503566832e+00 6.183075667227461381e+00
4.050000000000000000e+02 4.866160714371189577e+00 4.870877127212825286e+00 6.196675950122611631e+00 6.200532825025891093e+00
4.060000000000000000e+02 4.868439003865254300e+00 4.869381518072466442e+00 6.197740107298511880e+00 6.196678994719342803e+00
4.070000000000000000e+02 4.869111976324973945e+00 4.868404410075152455e+00 6.197158180453341991e+00 6.194239097539588457e+00
4.080000000000000000e+02 4.871614802994423066e+00 4.873844323870465622e+00 6.198394663977942365e+00 6.199201687799750005e+00
4.090000000000000000e+02 4.865627076712403465e+00 4.868471675983185420e+00 6.190233436371705977e+00 6.191980659715376589e+00
4.100000000000000000e+02 4.862034875636395803e+00 4.860785103096089799e+00 6.185868389995906824e+00 6.182237332848916189e+00
4.110000000000000000e+02 4.867220782299828130e+00 4.868947416266155237e+00 6.192946478629290041e+00 6.193125772659814565e+00
4.120000000000000000e+02 4.874792443653871210e+00 4.866438343509464914e+00 6.203420196552459132e+00 6.190940765426677039e+00
4.130000000000000000e+02 4.862102780463359863e+00 4.863120487369873679e+00 6.188279455785495209e+00 6.187535691705087437e+00
4.140000000000000000e+02 4.874629966374497414e+00 4.875518907795219015e+00 6.203342761650386450e+00 6.202340344331960686e+00
4.150000000000000000e+02 4.868710788292681002e+00 4.871755658669053801e+00 6.195882620315413369e+00 6.197465277112002013e+00
4.160000000000000000e+02 4.865234937073811494e+00 4.866095211066187254e+00 6.187919023772797900e+00 6.187395633908741921e+00
4.170000000000000000e+02 4.872535855911261038e+00 4.870653070008316377e+00 6.198693594652491257e+00 6.194125465736380676e+00
4.180000000000000000e+02 4.867291651386024931e+00 4.873495667432169220e+00 6.191758762884505884e+00 6.197176518986853289e+00
4.190000000000000000e+02 4.866942511936056981e+00 4.870385770931458858e+00 6.190829376080121627e+00 6.192794810251348814e+00
4.200000000000000000e+02 4.867535647621490824e+00 4.878680854685575774e+00 6.192050806459592494e+00 6.203422679944494256e+00
4.210000000000000000e+02 4.874768100960801931e+00 4.878613349793531562e+00 6.199619617355892842e+00 6.201803023947092264e+00
4.220000000000000000e+02 4.870926535664830581e+00 4.873223082803685990e+00 6.196505784554607210e+00 6.196654089537440235e+00
4.230000000000000000e+02 4.866466451049697106e+00 4.870256686070380425e+00 6.191900580633167728e+00 6.193831340189533741e+00
4.240000000000000000e+02 4.857870995735820152e+00 4.858349220399973412e+00 6.181812515733674296e+00 6.179832830152460765e+00
4.250000000000000000e+02 4.861093881144646467e+00 4.869430846175461625e+00 6.187946969923254770e+00 6.195632135602403778e+00
4.260000000000000000e+02 4.866420405652799985e+00 4.867937877757187337e+00 6.194941380076630644e+00 6.194339595556406231e+00
4.270000000000000000e+02 4.865027856004989992e+00 4.863632902579682948e+00 6.193356157829323472e+00 6.188968844019670179e+00
4.280000000000000000e+02 4.855921666901804379e+00 4.859925308598811888e+00 6.182806846691163649e+00 6.184944046991065925e+00
4.290000000000000000e+02 4.857241106225001381e+00 4.865795560728225944e+00 6.184237359444459514e+00 6.191804647700650754e+00
4.300000000000000000e+02 4.860289102698617469e+00 4.866894145074070366e+00 6.187365447611340663e+00 6.192632572092042764e+00
4.310000000000000000e+02 4.862170925401847477e+00 4.865246788232266972e+00 6.185943419013048228e+00 6.187057784787037384e+00
4.320000000000000000e+02 4.850879179872020330e+00 4.860542866396712292e+00 6.174174686068551132e+00 6.183124833481206117e+00
4.330000000000000000e+02 4.864672872715240182e+00 4.868859171708167288e+00 6.189728947578046814e+00 6.191761566295991059e+00
4.340000000000000000e+02 4.861831396685119877e+00 4.863008377713746277e+00 6.188079820201600967e+00 6.186279987158507687e+00
4.350000000000000000e+02 4.851639434434440012e+00 4.857639893101286077e+00 6.177926413696924968e+00 6.181984606370478197e+00
4.360000000000000000e+02 4.868186678750340057e+00 4.871257977185677213e+00 6.198537122343826589e+00 6.198796735731676222e+00
4.370000000000000000e+02 4.860390159588564352e+00 4.863226429814489826e+00 6.188420392522933966e+00 6.188176795423417254e+00
4.380000000000000000e+02 4.857885810148120598e+00 4.861373433315713477e+00 6.185238812305600575e+00 6.185792153979241981e+00
4.390000000000000000e+02 4.859581775059396591e+00 4.859097786815532061e+00 6.186005479699740128e+00 6.181640831828198124e+00
4.400000000000000000e+02 4.868238409669287670e+00 4.871176138058801897e+00 6.196127978172532913e+00 6.196014427098043953e+00
4.410000000000000000e+02 4.869363099537216577e+00 4.872721075765085175e+00 6.198113430008653779e+00 6.198321072488704786e+00
4.420000000000000000e+02 4.866440588714969984e+00 4.871392667348066752e+00 6.196247058813243669e+00 6.198363993612380440e+00
4.430000000000000000e+02 4.858590254323989832e+00 4.862452077806317163e+00 6.187395554578418277e+00 6.187812438303686768e+00
4.440000000000000000e+02 4.865940260547506391e+00 4.872475397533638564e+00 6.195766424476293999e+00 6.199597435337961038e+00
4.450000000000000000e+02 4.863079486667201579e+00 4.872697052888940838e+00 6.192593094479413196e+00 6.200138042589946608e+00
4.460000000000000000e+02 4.873813895222049553e+00 4.875411844966545338e+00 6.203642574128251042e+00 6.200782189124482535e+00
4.470000000000000000e+02 4.862672772462557802e+00 4.864597037759336828e+00 6.190896722932945018e+00 6.188788909426901519e+00
4.480000000000000000e+02 4.862442708968913507e+00 4.868337464379772328e+00 6.189123395438294928e+00 6.191438689102080062e+00
4.490000000000000000e+02 4.875228786461903496e+00 4.874755367259681726e+00 6.206189212393292465e+00 6.200633001519284981e+00
4.500000000000000000e+02 4.869488741568384071e+00 4.873714118496166314e+00 6.199444726746188294e+00 6.199493894241588698e+00
4.510000000000000000e+02 4.863868333748208705e+00 4.869477850957452780e+00 6.194071578698857827e+00 6.195546931142413172e+00
4.520000000000000000e+02 4.864000701290340345e+00 4.870914604324709352e+00 6.192284797263866380e+00 6.195664646161724853e+00
4.530000000000000000e+02 4.868222152901538813e+00 4.873213714368689331e+00 6.196572248621825096e+00 6.197304724551298882e+00
4.540000000000000000e+02 4.869928608529522585e+00 4.876967674475348957e+00 6.197084029010173190e+00 6.200315496376141766e+00
4.550000000000000000e+02 4.871063708741565357e+00 4.870909319799969772e+00 6.200500795124903597e+00 6.194038663975318215e+00
4.560000000000000000e+02 4.870279267745267759e+00 4.875596343533394439e+00 6.199682717778843610e+00 6.200586878097969823e+00
4.570000000000000000e+02 4.866374521486081406e+00 4.875310146844371140e+00 6.195933226634954494e+00 6.200907031631045285e+00
4.580000000000000000e+02 4.863075242783519769e+00 4.869781905265292643e+00 6.192848223422901199e+00 6.195131085039913721e+00
4.590000000000000000e+02 4.859016507065543777e+00 4.871264143128491320e+00 6.188572219255884299e+00 6.197324582271183324e+00
4.600000000000000000e+02 4.869724970219306392e+00 4.872928637558316289e+00 6.202658175236516414e+00 6.200158863134650922e+00
4.610000000000000000e+02 4.867717023654864583e+00 4.876586103428921071e+00 6.199515676031699840e+00 6.204275270201042858e+00
4.620000000000000000e+02 4.866548610409997977e+00 4.874279946350596582e+00 6.198013012071784011e+00 6.200977817478800169e+00
4.630000000000000000e+02 4.866807661974023702e+00 4.873847447420081025e+00 6.199530330417647228e+00 6.201562387660893627e+00
4.640000000000000000e+02 4.870509010293512020e+00 4.877797597838879007e+00 6.204390101496686682e+00 6.206353052857784824e+00
4.650000000000000000e+02 4.863756063187373080e+00 4.870210401477730322e+00 6.193028799889071401e+00 6.193936002836917254e+00
4.660000000000000000e+02 4.874642618279356299e+00 4.882115384320923290e+00 6.206166630939009110e+00 6.208318646122205742e+00
4.670000000000000000e+02 4.881294108712308955e+00 4.884042213253903419e+00 6.215322428433477597e+00 6.211085741881715805e+00
4.680000000000000000e+02 4.871541452012144724e+00 4.879612320159245620e+00 6.201934351226267239e+00 6.204106950994055403e+00
4.690000000000000000e+02 4.880795944823969279e+00 4.884344344914570257e+00 6.214133588899140470e+00 6.210493962899085396e+00
4.700000000000000000e+02 4.876729362876718099e+00 4.889498544153108028e+00 6.209758050700568077e+00 6.217335667983550529e+00
4.710000000000000000e+02 4.875029954547917654e+00 4.879979554040264844e+00 6.208358126519545550e+00 6.205535217270627513e+00
4.720000000000000000e+02 4.863632182088658773e+00 4.877501470437302089e+00 6.194430803178774703e+00 6.203279659545127167e+00
4.730000000000000000e+02 4.873275533266488324e+00 4.881903739894763561e+00 6.205301710007724125e+00 6.207177136306024856e+00
4.740000000000000000e+02 4.873623069792739848e+00 4.884932036507058761e+00 6.206897583025821064e+00 6.211645167387013444e+00
4.750000000000000000e+02 4.869248108149214715e+00 4.879844623528395431e+00 6.201140538024128901e+00 6.205408374488007084e+00
4.760000000000000000e+02 4.867993851807983496e+00 4.877086908820944089e+00 6.202303430181280497e+00 6.203842848733459370e+00
4.770000000000000000e+02 4.877786146954658619e+00 4.877642968012798619e+00 6.214279732451819527e+00 6.204302496333474082e+00
4.780000000000000000e+02 4.881176313966468783e+00 4.887378809302837190e+00 6.215640657083278953e+00 6.213197159219069121e+00
4.790000000000000000e+02 4.873989986556923171e+00 4.879481072792680507e+00 6.208103078921806350e+00 6.204913015640512342e+00
4.800000000000000000e+02 4.872103596706961248e+00 4.881101681835686712e+00 6.205815009447723796e+00 6.206772101066889924e+00
4.810000000000000000e+02 4.879868005175498347e+00 4.888000291641112049e+00 6.215714248598388281e+00 6.215155385403315691e+00
4.820000000000000000e+02 4.878411634435675381e+00 4.891527632810764636e+00 6.212655112425186310e+00 6.218802138115538725e+00
4.830000000000000000e+02 4.871150992282212933e+00 4.882006079080809968e+00 6.204984118845088936e+00 6.207695240800778613e+00
4.840000000000000000e+02 4.871104147599359280e+00 4.879965700996152123e+00 6.206063331319375820e+00 6.206145812770284209e+00
4.850000000000000000e+02 4.867234396315467393e+00 4.878427408194776937e+00 6.201492402321613362e+00 6.204522950055600283e+00
4.860000000000000000e+02 4.869897058414279556e+00 4.877038301968898537e+00 6.204768793436731045e+00 6.202466388927854624e+00
4.870000000000000000e+02 4.880114965204700894e+00 4.885254589782125123e+00 6.218484307208277606e+00 6.213169693120124570e+00
4.880000000000000000e+02 4.877357411898887385e+00 4.884623737488145601e+00 6.213573125957289278e+00 6.211348798779244618e+00
4.890000000000000000e+02 4.865025693759571723e+00 4.874518898637832720e+00 6.199255101811988133e+00 6.199211698844861118e+00
4.900000000000000000e+02 4.868948137539313770e+00 4.879067709549644860e+00 6.203495151485296510e+00 6.204487076064721940e+00
4.910000000000000000e+02 4.866322711920348709e+00 4.872740296245509306e+00 6.200296997618265138e+00 6.196717835050633560e+00
4.920000000000000000e+02 4.867574005687441030e+00 4.878503082610556874e+00 6.203928374594604556e+00 6.205757514413527964e+00
4.930000000000000000e+02 4.871491963706291450e+00 4.880437517416950755e+00 6.209467126034744489e+00 6.208625745471892721e+00
4.940000000000000000e+02 4.871341499144939746e+00 4.881031054086682808e+00 6.209835007126916828e+00 6.209774466458518383e+00
4.950000000000000000e+02 4.870243792815331929e+00 4.874516417302704241e+00 6.202727041254783913e+00 6.195887343841041783e+00
4.960000000000000000e+02 4.878396498519581570e+00 4.889831026854672302e+00 6.212793644746196442e+00 6.214956711895962549e+00
4.970000000000000000e+02 4.872330776971513622e+00 4.879411242928172854e+00 6.210871933777511344e+00 6.207905845777629494e+00
4.980000000000000000e+02 4.864549391569311432e+00 4.873938175165407394e+00 6.198576760598968782e+00 6.198407074628701885e+00
4.990000000000000000e+02 4.874822952700106349e+00 4.884756425803107760e+00 6.206131075437926192e+00 6.206756245717920173e+00
5.000000000000000000e+02 4.876943729564205299e+00 4.888412211525812623e+00 6.210332207360100831e+00 6.212670246203040314e+00
