# delays[ps] pumped_signal, blocked_signal, pumped_reference, blocked_reference
-2.000000000000000000e+01 4.728853760824136998e+00 4.726602858893627968e+00 6.230442114102528350e+00 6.228292740492172186e+00
-1.800000000000000000e+01 4.744181418042831666e+00 4.740932348302242083e+00 6.251021196739530161e+00 6.247498725267378816e+00
-1.600000000000000000e+01 4.735112387541434487e+00 4.737565004590618578e+00 6.239745255173023253e+00 6.243758763367876163e+00
-1.400000000000000000e+01 4.741474073490364205e+00 4.738983018445368067e+00 6.247678180265087811e+00 6.245231075834305479e+00
-1.200000000000000000e+01 4.735134167288323148e+00 4.733322572209331724e+00 6.239596627395825656e+00 6.237747948973837886e+00
-1.000000000000000000e+01 4.735053450115925600e+00 4.733044063246589772e+00 6.239093820033585480e+00 6.236971835329366165e+00
-8.000000000000000000e+00 4.745077645360620267e+00 4.737725158277716453e+00 6.253089287940390761e+00 6.243943900369984590e+00
-6.000000000000000000e+00 4.740117878410199381e+00 4.744848383837949157e+00 6.245634508696521259e+00 6.252197621031391428e+00
-4.000000000000000000e+00 4.740738480123691367e+00 4.740842421003762297e+00 6.246033457547084389e+00 6.246472765779715886e+00
-2.000000000000000000e+00 4.744369199310914276e+00 4.741756266785531082e+00 6.251806119580706422e+00 6.248756189610376488e+00
-1.000000000000000000e+00 4.738125467159212789e+00 4.735650107610244852e+00 6.243439971309757475e+00 6.240609854608461404e+00
-9.000000000000000222e-01 4.730437776633966251e+00 4.736684230562191900e+00 6.232452873392274384e+00 6.240842962961511198e+00
-8.000000000000000444e-01 4.740344018961408779e+00 4.739528027332604587e+00 6.245222110051512843e+00 6.244307377581363561e+00
-6.999999999999999556e-01 4.741205492931207743e+00 4.737721315441786096e+00 6.246506798883638467e+00 6.242236319129938593e+00
-5.999999999999999778e-01 4.746448654126762534e+00 4.743882329426220679e+00 6.253369240132750306e+00 6.250523514916711321e+00
-5.000000000000000000e-01 4.748309178613051351e+00 4.746869383984836155e+00 6.257710831083066694e+00 6.255991238502863538e+00
-4.000000000000000222e-01 4.737533773878092269e+00 4.738044988855814488e+00 6.241633091960151702e+00 6.242521235779157962e+00
-2.999999999999999889e-01 4.748178331269135022e+00 4.751637284139487605e+00 6.256836618411846906e+00 6.259424498870815867e+00
-2.000000000000000111e-01 4.742770850101766023e+00 4.743534389734715084e+00 6.254058873913239225e+00 6.250889706169467708e+00
-1.000000000000000056e-01 4.742343075290029297e+00 4.743097005964354906e+00 6.256426459579492061e+00 6.250265658889726517e+00
0.000000000000000000e+00 4.740021064860444611e+00 4.751740184003302225e+00 6.254882476453768270e+00 6.260978733012463771e+00
1.000000000000000056e-01 4.734925567109570466e+00 4.741446926959890007e+00 6.249794644256001952e+00 6.248026999527875880e+00
2.000000000000000111e-01 4.726427568112660182e+00 4.738754796959296023e+00 6.238769822240254115e+00 6.244058333207642697e+00
2.999999999999999889e-01 4.734595405296769144e+00 4.740587132810038185e+00 6.250416285667899530e+00 6.246810693193755704e+00
4.000000000000000222e-01 4.733024362007706820e+00 4.743581074877441850e+00 6.249381516809724424e+00 6.251258705404300287e+00
5.000000000000000000e-01 4.728149556491520578e+00 4.738255192424869477e+00 6.242182424246535355e+00 6.243741223784133432e+00
5.999999999999999778e-01 4.735247878763664708e+00 4.744493880279216924e+00 6.251202653894550210e+00 6.251084537091695204e+00
6.999999999999999556e-01 4.739972456674150791e+00 4.749168651239902061e+00 6.257865379435970432e+00 6.257434320517571535e+00
8.000000000000000444e-01 4.741665778728100022e+00 4.748450996650523059e+00 6.259022187634247558e+00 6.255302326493540122e+00
9.000000000000000222e-01 4.744824520262307388e+00 4.754960587170376840e+00 6.263024244988233846e+00 6.263699946699206933e+00
1.000000000000000000e+00 4.747165669914013009e+00 4.757542527988935177e+00 6.266720566047053076e+00 6.267341168697334375e+00
1.100000000000000089e+00 4.741728079318451528e+00 4.752156909888095804e+00 6.259659608988918045e+00 6.260419392588687515e+00
1.199999999999999956e+00 4.740171289876616179e+00 4.749519551234163472e+00 6.258164391759297729e+00 6.257377625058127002e+00
1.300000000000000044e+00 4.735115188378065554e+00 4.747686493810655328e+00 6.252993674206797081e+00 6.255555128731503878e+00
1.399999999999999911e+00 4.742103321726390597e+00 4.745904206857139762e+00 6.262390505913134398e+00 6.253298212021876523e+00
1.500000000000000000e+00 4.740733914844151187e+00 4.745722991619304665e+00 6.259082084621588216e+00 6.252636128119747561e+00
1.600000000000000089e+00 4.740320794645968228e+00 4.752941027524120621e+00 6.258799890331796512e+00 6.261111501205252061e+00
1.699999999999999956e+00 4.729292585723387177e+00 4.747892774801985460e+00 6.244360788781492921e+00 6.254835550172423986e+00
1.800000000000000044e+00 4.731931862725415883e+00 4.742652495329150675e+00 6.247605706412379334e+00 6.247463250000023116e+00
1.899999999999999911e+00 4.742728807783017864e+00 4.748412798271325563e+00 6.261560096542143405e+00 6.255224167280302616e+00
2.000000000000000000e+00 4.735228899172614803e+00 4.748856028676473606e+00 6.251743257584851499e+00 6.255166112530136324e+00
3.000000000000000000e+00 4.740103864451122639e+00 4.752686702574030697e+00 6.259483596518363058e+00 6.261330117702510023e+00
4.000000000000000000e+00 4.739051885373099182e+00 4.744885379706549777e+00 6.257752471775784642e+00 6.251210579646395260e+00
5.000000000000000000e+00 4.732722230022805121e+00 4.748983352611554132e+00 6.249610061267851790e+00 6.257077655429800878e+00
6.000000000000000000e+00 4.744936549314092922e+00 4.752224494221180429e+00 6.265114361867198056e+00 6.261360706674605758e+00
7.000000000000000000e+00 4.735205677143225600e+00 4.747079185532367518e+00 6.251985494658144127e+00 6.254169780302507142e+00
8.000000000000000000e+00 4.738201299784470244e+00 4.753007891607746949e+00 6.255475131140952882e+00 6.261864232688445497e+00
9.000000000000000000e+00 4.740578003650599115e+00 4.751341798594546084e+00 6.257542024488213173e+00 6.258920089561195610e+00
1.000000000000000000e+01 4.725425877273944586e+00 4.737179751775390635e+00 6.238798570378206954e+00 6.241498483470092395e+00
1.100000000000000000e+01 4.724118049980575051e+00 4.738811490828203965e+00 6.237179874687390324e+00 6.243521808161989206e+00
1.200000000000000000e+01 4.736652041199803875e+00 4.740695558613266414e+00 6.252859710955066319e+00 6.246014158988234755e+00
1.300000000000000000e+01 4.729358249476703691e+00 4.741926832555745541e+00 6.243361575845075784e+00 6.247692114241830019e+00
1.400000000000000000e+01 4.725956872670378672e+00 4.736515826892957470e+00 6.239115680912313167e+00 6.240381472718427247e+00
1.500000000000000000e+01 4.728981884099343169e+00 4.737002698988340477e+00 6.242971835010707515e+00 6.240683046629823316e+00
1.600000000000000000e+01 4.727148507840563063e+00 4.730014244202375373e+00 6.241333120894891451e+00 6.232363181803453500e+00
1.700000000000000000e+01 4.730534830165529669e+00 4.736290568721640781e+00 6.246010636364866642e+00 6.240948985634675594e+00
1.800000000000000000e+01 4.732257699703608544e+00 4.735816349597997466e+00 6.247832569942948666e+00 6.240249505711539690e+00
1.900000000000000000e+01 4.730658308603945095e+00 4.735822675848499586e+00 6.244203433532986125e+00 6.238960570657773097e+00
2.000000000000000000e+01 4.730444581972262696e+00 4.738863222501286110e+00 6.244310659077411785e+00 6.243838680180178180e+00
2.100000000000000000e+01 4.728510467422752050e+00 4.741211738486919458e+00 6.242517312833276044e+00 6.247358827669320824e+00
2.200000000000000000e+01 4.726676369820094870e+00 4.735234105728814313e+00 6.239252053025909461e+00 6.239189514420574234e+00
2.300000000000000000e+01 4.723421615419407082e+00 4.734899139657778200e+00 6.234131707187343885e+00 6.238674930132544816e+00
2.400000000000000000e+01 4.742881997620006729e+00 4.747856739899260603e+00 6.258225491668389040e+00 6.254442046999109550e+00
2.500000000000000000e+01 4.729051631463801364e+00 4.734427643515711992e+00 6.240538184282871548e+00 6.237732334117264799e+00
2.600000000000000000e+01 4.731435304276289777e+00 4.738499753956102900e+00 6.243265886046838631e+00 6.242630712153901307e+00
2.700000000000000000e+01 4.731229743453877923e+00 4.743317299187741476e+00 6.242820008398040521e+00 6.248894883009215917e+00
2.800000000000000000e+01 4.731386135219467270e+00 4.744489716023830184e+00 6.242576331408463908e+00 6.250273426478406336e+00
2.900000000000000000e+01 4.741122051733105636e+00 4.744037438332034284e+00 6.255511968898001207e+00 6.250356549053510236e+00
3.000000000000000000e+01 4.730219724452075170e+00 4.740249927782253181e+00 6.240843523382147318e+00 6.244947282500839414e+00
3.100000000000000000e+01 4.741461100313270727e+00 4.746318929914253637e+00 6.255722013485711663e+00 6.253102904108883919e+00
3.200000000000000000e+01 4.734643853088156717e+00 4.738167588980906508e+00 6.246598248892147431e+00 6.242508426358051032e+00
3.300000000000000000e+01 4.731564628592162869e+00 4.736569559851433908e+00 6.242585781504823572e+00 6.240571339369172854e+00
3.400000000000000000e+01 4.745142909226507832e+00 4.747524257604893272e+00 6.260631034743275869e+00 6.254788544384133786e+00
3.500000000000000000e+01 4.732913536030544321e+00 4.740051494552624867e+00 6.246167429470234289e+00 6.246541873630494734e+00
3.600000000000000000e+01 4.733559441438477400e+00 4.736467621573207332e+00 6.245290333886983625e+00 6.240677924366110574e+00
3.700000000000000000e+01 4.732080567858676368e+00 4.742618542483056920e+00 6.243539508414192696e+00 6.248419381323976118e+00
3.800000000000000000e+01 4.736137701404858014e+00 4.741360683462148451e+00 6.247960696616975618e+00 6.245704497773350461e+00
3.900000000000000000e+01 4.729932806562883840e+00 4.730001753415177035e+00 6.239609441881675878e+00 6.230788451176054288e+00
4.000000000000000000e+01 4.729667029557722557e+00 4.738685450563958845e+00 6.238784079528757687e+00 6.241708446379789166e+00
4.100000000000000000e+01 4.735750445922738194e+00 4.743420760822853133e+00 6.246604575550358085e+00 6.247543089526708115e+00
4.200000000000000000e+01 4.740395347509546831e+00 4.746859772892017659e+00 6.253158877411115313e+00 6.252413750086699196e+00
4.300000000000000000e+01 4.731508813671349678e+00 4.737074129165264935e+00 6.241692029106470585e+00 6.239870177159895448e+00
4.400000000000000000e+01 4.731488316076318590e+00 4.742678040810446305e+00 6.241646309740948695e+00 6.246766973369016540e+00
4.500000000000000000e+01 4.732507541848417709e+00 4.744299691924354079e+00 6.242554309193330653e+00 6.248490169896232516e+00
4.600000000000000000e+01 4.730031862429152412e+00 4.738130752098628662e+00 6.239867853258524555e+00 6.241247835963673829e+00
4.700000000000000000e+01 4.729050991976674112e+00 4.739659434279991146e+00 6.239615608270502101e+00 6.244032148572938645e+00
4.800000000000000000e+01 4.736198719483389219e+00 4.744998689739061248e+00 6.248751144114686795e+00 6.250338290650204520e+00
4.900000000000000000e+01 4.734690618656868466e+00 4.744247882157039520e+00 6.246695223924155549e+00 6.249933176436289095e+00
5.000000000000000000e+01 4.732246248690765711e+00 4.739550048591712361e+00 6.243906025967516982e+00 6.244335565034973001e+00
5.100000000000000000e+01 4.735268296880607686e+00 4.744736916166877982e+00 6.247230701557564103e+00 6.249963766254486686e+00
5.200000000000000000e+01 4.736062507255603293e+00 4.743808415401068679e+00 6.247259130512060388e+00 6.248047017714690732e+00
5.300000000000000000e+01 4.724715189171287300e+00 4.731881656133460901e+00 6.233113115042976382e+00 6.233522154710321672e+00
5.400000000000000000e+01 4.738512963004651191e+00 4.744542488151997972e+00 6.250155472498549081e+00 6.249273254566947600e+00
5.500000000000000000e+01 4.729891326248522709e+00 4.738654861058575918e+00 6.239321321189007286e+00 6.241573114976105785e+00
5.600000000000000000e+01 4.736115277942177570e+00 4.737114567719466152e+00 6.247383250371225216e+00 6.239656607682083411e+00
5.700000000000000000e+01 4.731286918892601889e+00 4.732750978293079669e+00 6.241393579270144265e+00 6.234313884806527817e+00
5.800000000000000000e+01 4.726063054299280530e+00 4.733847880910248662e+00 6.235011040472745236e+00 6.236274592970526776e+00
5.900000000000000000e+01 4.728708338859514804e+00 4.733624704495474234e+00 6.237336025968597930e+00 6.235433453524271030e+00
6.000000000000000000e+01 4.735798891692176937e+00 4.741070482280945519e+00 6.246924884899932806e+00 6.245456816836333580e+00
6.100000000000000000e+01 4.726846695864771242e+00 4.735945274282681972e+00 6.235171681420199619e+00 6.238658515575354890e+00
6.200000000000000000e+01 4.722454677653490585e+00 4.727384095394556063e+00 6.229317257146833597e+00 6.227402752292498178e+00
6.300000000000000000e+01 4.722635173481878113e+00 4.732251132664770488e+00 6.229112099328192542e+00 6.233281116584434400e+00
6.400000000000000000e+01 4.721516728966121512e+00 4.732060948473464812e+00 6.227473622684081001e+00 6.232976259870263824e+00
6.500000000000000000e+01 4.725926764072022834e+00 4.731471498621649729e+00 6.234040419320341364e+00 6.232977624644781223e+00
6.600000000000000000e+01 4.736786969780824030e+00 4.740951247062535678e+00 6.247231263956477321e+00 6.244309780421380296e+00
6.700000000000000000e+01 4.727617202178272748e+00 4.740721023154650382e+00 6.234825583093827284e+00 6.243537186347635881e+00
6.800000000000000000e+01 4.725530940695787052e+00 4.734777743330650601e+00 6.232505725422480936e+00 6.235940750380501107e+00
6.900000000000000000e+01 4.733426273496537995e+00 4.742440690158785443e+00 6.243572183092428673e+00 6.246476369178287413e+00
7.000000000000000000e+01 4.734109494603498725e+00 4.742331944574473823e+00 6.244667086938329170e+00 6.246539310063409900e+00
7.100000000000000000e+01 4.725313771111244954e+00 4.738231730133828812e+00 6.233504620300065469e+00 6.241633732210193131e+00
7.200000000000000000e+01 4.723220619790278185e+00 4.733205338243243965e+00 6.230684588227042298e+00 6.234711070641756336e+00
7.300000000000000000e+01 4.720466510949514749e+00 4.727531358182230470e+00 6.227471700555157419e+00 6.227774954814922381e+00
7.400000000000000000e+01 4.722291721019928445e+00 4.729587511958547097e+00 6.230336172536170558e+00 6.230550299461910413e+00
7.500000000000000000e+01 4.731899593515533020e+00 4.738147649657998173e+00 6.242642156912325824e+00 6.241280110087714661e+00
7.600000000000000000e+01 4.728162289759036518e+00 4.736569959498313054e+00 6.237562406958357286e+00 6.239355994187534726e+00
7.700000000000000000e+01 4.724191241087345006e+00 4.725328583635650226e+00 6.231698617022559006e+00 6.223669197537223141e+00
7.800000000000000000e+01 4.728772401923015956e+00 4.737059233646534473e+00 6.237761562569158258e+00 6.238808580847157614e+00
7.900000000000000000e+01 4.729823580768996116e+00 4.738756159040395488e+00 6.239367366449434904e+00 6.241191062384845445e+00
8.000000000000000000e+01 4.723011298431440963e+00 4.729400210537231253e+00 6.230220940118557316e+00 6.228829824079628708e+00
8.100000000000000000e+01 4.724878388092474957e+00 4.734455029576847274e+00 6.232188055673526073e+00 6.234668709255815067e+00
8.200000000000000000e+01 4.730334635010695621e+00 4.734896737437217062e+00 6.240983577967659457e+00 6.237335465965746728e+00
8.300000000000000000e+01 4.734370467034803021e+00 4.743349890899148491e+00 6.245185831012949329e+00 6.246972771340801422e+00
8.400000000000000000e+01 4.729702102963505794e+00 4.742265320418121100e+00 6.238661478834798935e+00 6.244849825475125016e+00
8.500000000000000000e+01 4.739419281426288322e+00 4.743908913298587215e+00 6.250416046184471774e+00 6.246789634186705520e+00
8.600000000000000000e+01 4.736212011775145392e+00 4.744124401388408963e+00 6.246394847881134638e+00 6.247172004926865974e+00
8.700000000000000000e+01 4.724127338951771726e+00 4.733124939421793798e+00 6.230777719561048755e+00 6.232928933035196017e+00
8.800000000000000000e+01 4.736737082220735751e+00 4.738761523699934308e+00 6.246563975881486819e+00 6.240084703642120978e+00
8.900000000000000000e+01 4.735086601707283904e+00 4.741841709054014586e+00 6.245979324979575864e+00 6.245136583078517489e+00
9.000000000000000000e+01 4.730387967284483075e+00 4.738129230993052943e+00 6.240063162816042563e+00 6.240499027584300862e+00
9.100000000000000000e+01 4.736633542363868798e+00 4.743195021325318450e+00 6.248104677731912915e+00 6.246852655605373172e+00
9.200000000000000000e+01 4.733658096849254981e+00 4.737626904740555922e+00 6.243493943868276830e+00 6.238545686557348979e+00
9.300000000000000000e+01 4.729288581719530704e+00 4.730987188005133959e+00 6.239716745575569767e+00 6.231469272859739839e+00
9.400000000000000000e+01 4.730325987341235106e+00 4.736230431144642594e+00 6.241388854277517773e+00 6.237650655136448563e+00
9.500000000000000000e+01 4.729903097361105146e+00 4.737780253213761839e+00 6.239812999298764318e+00 6.238134645971965320e+00
9.600000000000000000e+01 4.724425548368133221e+00 4.729161819378281173e+00 6.233340135995292464e+00 6.227503572369967877e+00
9.700000000000000000e+01 4.718992763211844910e+00 4.733529412518641344e+00 6.226667158710132988e+00 6.233263180850461715e+00
9.800000000000000000e+01 4.723087290657669080e+00 4.731219413101354299e+00 6.232766295960264102e+00 6.230617323237943594e+00
9.900000000000000000e+01 4.730151738024083841e+00 4.737233402204894972e+00 6.242388546986936682e+00 6.238396098549163327e+00
1.000000000000000000e+02 4.713538117997037702e+00 4.721462196463600769e+00 6.220908274286564676e+00 6.217753116990785145e+00
1.010000000000000000e+02 4.718196150311364967e+00 4.730199463797967852e+00 6.226144407937820091e+00 6.228273679427796417e+00
1.020000000000000000e+02 4.722796209660075739e+00 4.732735763708084242e+00 6.232505164059275238e+00 6.231955748551302854e+00
1.030000000000000000e+02 4.720921031201940288e+00 4.734397134356941095e+00 6.231442206873938794e+00 6.234499106240908972e+00
1.040000000000000000e+02 4.718393221293466944e+00 4.728402443250033116e+00 6.228219789011077090e+00 6.227421412181877614e+00
1.050000000000000000e+02 4.719496130045953031e+00 4.732788774359002026e+00 6.229483579217118816e+00 6.232109496691893291e+00
1.060000000000000000e+02 4.712513042174380828e+00 4.722776269389577841e+00 6.221102378063902094e+00 6.220129749760231697e+00
1.070000000000000000e+02 4.721096079757553632e+00 4.734141685693413315e+00 6.232875199918487930e+00 6.235130999153145837e+00
1.080000000000000000e+02 4.732285886257280083e+00 4.739357782811431719e+00 6.246112653198058418e+00 6.240736541213811606e+00
1.090000000000000000e+02 4.726386729995658342e+00 4.739268574363873832e+00 6.238882495343711199e+00 6.240843761089570840e+00
1.100000000000000000e+02 4.729235169710825026e+00 4.736616003969897015e+00 6.241270498317801341e+00 6.236156157394376898e+00
1.110000000000000000e+02 4.730494309792238283e+00 4.743921645453665015e+00 6.243863582890562647e+00 6.245881629468929219e+00
1.120000000000000000e+02 4.722992558784030237e+00 4.735839410906874214e+00 6.234570132518761021e+00 6.236029233172422082e+00
1.130000000000000000e+02 4.728457776506820309e+00 4.739675770977338054e+00 6.240421111811078170e+00 6.239890677151371357e+00
1.140000000000000000e+02 4.728150357068109599e+00 4.743404424006956610e+00 6.241159187379341944e+00 6.245187753457425828e+00
1.150000000000000000e+02 4.733155290121937142e+00 4.743622315869816752e+00 6.248447890226359824e+00 6.246264883815284996e+00
1.160000000000000000e+02 4.733940290361608128e+00 4.745165651188970379e+00 6.249037903373936942e+00 6.248140308972530477e+00
1.170000000000000000e+02 4.731325276062177565e+00 4.745657969194190251e+00 6.245736128506952589e+00 6.247780840623684995e+00
1.180000000000000000e+02 4.734433007912987712e+00 4.746068045492787491e+00 6.250162598588742568e+00 6.248535813185471355e+00
1.190000000000000000e+02 4.730905989334972972e+00 4.750378784147616607e+00 6.245338460469604946e+00 6.253913290864288044e+00
1.200000000000000000e+02 4.735909077903104780e+00 4.747632841699615192e+00 6.251727801252498828e+00 6.250269660543110284e+00
1.210000000000000000e+02 4.740771071976779716e+00 4.751696621674025067e+00 6.258102813450574509e+00 6.254970800958279398e+00
1.220000000000000000e+02 4.735565865847075173e+00 4.749869810783176938e+00 6.250355265981003328e+00 6.251185434071726554e+00
1.230000000000000000e+02 4.728669661484624420e+00 4.735404510286372215e+00 6.245078767145707310e+00 6.234938492898405293e+00
1.240000000000000000e+02 4.720591032109043184e+00 4.740121080499581474e+00 6.234087985217893646e+00 6.240544188803998971e+00
1.250000000000000000e+02 4.730207071850335510e+00 4.745910052034974846e+00 6.248877427194240219e+00 6.249551441745142988e+00
1.260000000000000000e+02 4.725542550636887995e+00 4.744783120980799573e+00 6.241612431652345805e+00 6.246310287899276226e+00
1.270000000000000000e+02 4.732167931733751054e+00 4.746381710182389746e+00 6.250606149113352217e+00 6.247867243472811083e+00
1.280000000000000000e+02 4.724110362522476514e+00 4.733656494918530910e+00 6.240825985820357857e+00 6.232354694247868032e+00
1.290000000000000000e+02 4.718853666964789362e+00 4.735710166273446653e+00 6.233999656636278530e+00 6.234910144736333315e+00
1.300000000000000000e+02 4.733904174591460290e+00 4.751304399898636177e+00 6.254011305729851422e+00 6.255433408185972155e+00
1.310000000000000000e+02 4.727955369236566341e+00 4.744215850209658747e+00 6.244637217265291085e+00 6.245309471185400696e+00
1.320000000000000000e+02 4.730372831809565248e+00 4.751739142852595243e+00 6.248402322960418864e+00 6.254723840450956196e+00
1.330000000000000000e+02 4.724747380910613082e+00 4.745525199423565432e+00 6.240126987176336293e+00 6.247043239789837443e+00
1.340000000000000000e+02 4.730006557590640703e+00 4.746305315613030373e+00 6.245673106657616103e+00 6.247614035836163815e+00
1.350000000000000000e+02 4.725739060956238191e+00 4.745745734662419224e+00 6.239814840526886286e+00 6.246246547182122022e+00
1.360000000000000000e+02 4.728060590650668082e+00 4.740260095452213385e+00 6.243189646215927979e+00 6.239848792007578915e+00
1.370000000000000000e+02 4.721148451302362936e+00 4.737824375595346638e+00 6.234452257562378641e+00 6.237060639137842699e+00
1.380000000000000000e+02 4.723252490160638750e+00 4.736874654794858586e+00 6.237320970266291731e+00 6.236336493322758301e+00
1.390000000000000000e+02 4.727927982668626683e+00 4.741538936555868666e+00 6.242794062202680294e+00 6.242118205565817313e+00
1.400000000000000000e+02 4.733566728425599557e+00 4.745955056358259760e+00 6.249622793436505397e+00 6.247650311621220531e+00
1.410000000000000000e+02 4.725106607812340265e+00 4.739481021165168784e+00 6.237735935523661901e+00 6.238506206391195796e+00
1.420000000000000000e+02 4.726146496822562604e+00 4.744571155484258007e+00 6.239964268256920299e+00 6.246029534465998623e+00
1.430000000000000000e+02 4.726374637524591193e+00 4.739042835619673433e+00 6.239622254105829491e+00 6.238661635985938148e+00
1.440000000000000000e+02 4.735750845804219011e+00 4.743334996335690334e+00 6.251878591138544827e+00 6.244748765039617844e+00
1.450000000000000000e+02 4.733832985278024097e+00 4.752968575312950250e+00 6.248671143781313830e+00 6.256093736395241578e+00
1.460000000000000000e+02 4.725387520733510982e+00 4.738119060408423344e+00 6.238442545311510656e+00 6.237501306329519046e+00
1.470000000000000000e+02 4.728699210424884392e+00 4.743586841651010744e+00 6.242783812746794503e+00 6.244702322459470878e+00
1.480000000000000000e+02 4.723662567575364513e+00 4.739596172192690915e+00 6.235789478639838457e+00 6.238724577832231333e+00
1.490000000000000000e+02 4.729859373784859322e+00 4.743942624913984218e+00 6.242416812590207087e+00 6.243312485157214375e+00
1.500000000000000000e+02 4.730832077893402321e+00 4.749136219320488017e+00 6.244132006022944381e+00 6.250716336381232807e+00
1.510000000000000000e+02 4.733883514914164259e+00 4.749154878391514956e+00 6.249076660122808491e+00 6.250732113945606905e+00
1.520000000000000000e+02 4.732129014515713550e+00 4.748042839710069352e+00 6.245767117373979715e+00 6.248971998021126240e+00
1.530000000000000000e+02 4.730117225129130354e+00 4.742624307123772809e+00 6.243626794262974400e+00 6.242142625960350522e+00
1.540000000000000000e+02 4.735189901510545418e+00 4.748614514146058951e+00 6.250029188662137081e+00 6.249531904039206331e+00
1.550000000000000000e+02 4.730742873706258678e+00 4.744208803400757901e+00 6.244399151335945142e+00 6.244094207650990214e+00
1.560000000000000000e+02 4.729356566725250843e+00 4.743005397615198682e+00 6.243145843348950841e+00 6.242965670189687621e+00
1.570000000000000000e+02 4.736380896258657991e+00 4.746593355262657354e+00 6.252499034895996566e+00 6.247568232113452247e+00
1.580000000000000000e+02 4.729805081885229967e+00 4.748464368976184957e+00 6.243416908341556493e+00 6.248945013340605925e+00
1.590000000000000000e+02 4.728815882796876480e+00 4.739774506153594302e+00 6.242643033967857136e+00 6.238311217642813489e+00
1.600000000000000000e+02 4.725351645481346452e+00 4.734586677756677631e+00 6.237612535794763602e+00 6.231622864382834415e+00
1.610000000000000000e+02 4.723259138151799874e+00 4.738356971303910647e+00 6.235381244713423143e+00 6.236235834588540250e+00
1.620000000000000000e+02 4.718713131040996878e+00 4.736739644726576159e+00 6.229953396652493147e+00 6.234203778072567204e+00
1.630000000000000000e+02 4.731296046511799247e+00 4.746318448086251252e+00 6.245873539725132595e+00 6.246249426252817649e+00
1.640000000000000000e+02 4.731563986243471298e+00 4.746272965567303714e+00 6.246118178026109469e+00 6.246572784587113070e+00
1.650000000000000000e+02 4.720982049614830700e+00 4.735086441565692361e+00 6.232517812705400395e+00 6.231960631941661610e+00
1.660000000000000000e+02 4.728867853531028231e+00 4.740060622996579376e+00 6.242073680408578795e+00 6.237611735385465650e+00
1.670000000000000000e+02 4.724455176799938094e+00 4.740055337514830214e+00 6.236196036696498801e+00 6.238148577335671519e+00
1.680000000000000000e+02 4.728706016961650604e+00 4.739381004316732593e+00 6.242542697783506789e+00 6.238200308823268259e+00
1.690000000000000000e+02 4.728540015169943267e+00 4.748444348885392685e+00 6.241915284603468450e+00 6.249542713911059977e+00
1.700000000000000000e+02 4.729050431194687931e+00 4.747559010990958228e+00 6.241818633454004228e+00 6.247518262863888339e+00
1.710000000000000000e+02 4.723913531387887055e+00 4.737982769222837121e+00 6.235898946564041978e+00 6.236514667599759143e+00
1.720000000000000000e+02 4.736470742160562075e+00 4.751618466253403561e+00 6.252943144852853408e+00 6.253881100583857489e+00
1.730000000000000000e+02 4.724355960534833088e+00 4.742813291157706779e+00 6.236735441910235878e+00 6.242672904360573760e+00
1.740000000000000000e+02 4.730271373076324615e+00 4.740849146794190894e+00 6.243686449094556501e+00 6.239222823208503854e+00
1.750000000000000000e+02 4.732236318184213530e+00 4.741958382852508258e+00 6.245754624457721782e+00 6.240429280110346255e+00
1.760000000000000000e+02 4.730829755945369364e+00 4.742254189917704643e+00 6.244246598403668358e+00 6.241010887378360295e+00
1.770000000000000000e+02 4.726446627596374128e+00 4.741993215226048441e+00 6.237622146817942692e+00 6.239938238832399620e+00
1.780000000000000000e+02 4.735149862174630186e+00 4.748252803774692055e+00 6.248822011753732752e+00 6.247813671071109631e+00
1.790000000000000000e+02 4.737159250484070050e+00 4.751576425763897049e+00 6.251940730682421510e+00 6.252427124990814100e+00
1.800000000000000000e+02 4.736259257906024089e+00 4.747848731950695012e+00 6.250225299268090673e+00 6.247592655612979939e+00
1.810000000000000000e+02 4.737237246017678594e+00 4.749129092965212351e+00 6.252309409535961926e+00 6.249438052668314647e+00
1.820000000000000000e+02 4.731516341086417832e+00 4.745088217131753439e+00 6.244451517107571625e+00 6.244316186865679796e+00
1.830000000000000000e+02 4.728290494229873353e+00 4.745406363270236128e+00 6.241272100294630754e+00 6.245529923739139733e+00
1.840000000000000000e+02 4.725916192264981497e+00 4.741118689655016816e+00 6.238258924330240873e+00 6.240057800012871247e+00
1.850000000000000000e+02 4.730060849846861259e+00 4.739027462729862528e+00 6.243350043310092801e+00 6.236749378179783143e+00
1.860000000000000000e+02 4.733716474249298756e+00 4.748150544693529262e+00 6.248037330866651473e+00 6.248394717153212596e+00
1.870000000000000000e+02 4.731604265462157954e+00 4.747884047268533969e+00 6.245215058919168172e+00 6.247616601293062288e+00
1.880000000000000000e+02 4.732242325376062375e+00 4.744254367301763864e+00 6.245179267287272573e+00 6.241978466422501093e+00
1.890000000000000000e+02 4.734209190959806079e+00 4.748673450698750464e+00 6.248605322019036734e+00 6.248760191167421318e+00
1.900000000000000000e+02 4.736443916504089024e+00 4.751662989456415964e+00 6.252292832240866183e+00 6.252952196071302815e+00
1.910000000000000000e+02 4.738479969655926105e+00 4.748367635631668193e+00 6.254657934923042895e+00 6.248392476175244070e+00
1.920000000000000000e+02 4.727758779024943792e+00 4.743754283782263492e+00 6.241837851831612660e+00 6.243722327735212296e+00
1.930000000000000000e+02 4.725767648991674008e+00 4.744026627425965259e+00 6.239035362162251630e+00 6.243861422276679285e+00
1.940000000000000000e+02 4.726583799777999140e+00 4.743678690614797411e+00 6.240429359346566507e+00 6.243521572379784779e+00
1.950000000000000000e+02 4.724256263443836090e+00 4.739964209448799259e+00 6.237149364018727660e+00 6.238229937224232025e+00
1.960000000000000000e+02 4.729930162678821937e+00 4.740892307722820220e+00 6.243302155662417086e+00 6.238218963558938235e+00
1.970000000000000000e+02 4.730925688537727325e+00 4.739044519534258093e+00 6.245170297141170224e+00 6.236857163678198646e+00
1.980000000000000000e+02 4.735101095701182317e+00 4.748725021190892903e+00 6.250489958051846706e+00 6.249272931580353685e+00
1.990000000000000000e+02 4.727200078111591708e+00 4.745967629237627605e+00 6.239788016755239752e+00 6.245678232554539910e+00
2.000000000000000000e+02 4.731641181983235356e+00 4.754641075861017363e+00 6.245136183658124729e+00 6.256138898768089263e+00
2.010000000000000000e+02 4.729958590943133423e+00 4.739199789013802011e+00 6.243121421167747265e+00 6.236871975790434064e+00
2.020000000000000000e+02 4.734421316696809434e+00 4.746163817955396880e+00 6.248482963080840946e+00 6.245740530016406389e+00
2.030000000000000000e+02 4.740316790863954743e+00 4.752020856102977753e+00 6.256540009781232925e+00 6.253392544276059617e+00
2.040000000000000000e+02 4.739779790464821119e+00 4.756471970234274593e+00 6.255697269177217024e+00 6.258571907695497316e+00
2.050000000000000000e+02 4.737386270985592063e+00 4.755869626817409213e+00 6.252935780816678779e+00 6.258922410080520748e+00
2.060000000000000000e+02 4.731600823205151407e+00 4.743026779273059823e+00 6.245565322442761413e+00 6.241751930154925354e+00
2.070000000000000000e+02 4.723181782317988464e+00 4.734808972567823737e+00 6.234442888919269343e+00 6.230954051521515602e+00
2.080000000000000000e+02 4.732973593123068312e+00 4.747242624894865592e+00 6.246853375324971758e+00 6.246421035453261439e+00
2.090000000000000000e+02 4.726494353756384825e+00 4.741160409524835195e+00 6.238398022383409902e+00 6.238395379636473059e+00
2.100000000000000000e+02 4.727830369029066837e+00 4.748684262394976763e+00 6.240086147113012238e+00 6.247818236418583027e+00
2.110000000000000000e+02 4.734136800513433663e+00 4.749605475476014860e+00 6.249098681905054242e+00 6.249645936776113686e+00
2.120000000000000000e+02 4.730907111421161382e+00 4.744218893574005946e+00 6.243933814857351550e+00 6.241667044640865747e+00
2.130000000000000000e+02 4.740666489293824171e+00 4.757079840383124925e+00 6.257580061535458427e+00 6.258852422829587425e+00
2.140000000000000000e+02 4.739135324607989475e+00 4.755409340336195001e+00 6.255805932291860216e+00 6.256949688011352428e+00
2.150000000000000000e+02 4.744153388977067287e+00 4.759435162848443035e+00 6.262287445856095758e+00 6.261652508557222774e+00
2.160000000000000000e+02 4.742909543116383908e+00 4.757844020057905965e+00 6.260902096265478001e+00 6.259888229218084632e+00
2.170000000000000000e+02 4.747405501673894967e+00 4.760684375373130273e+00 6.267197028705377093e+00 6.263841604418199260e+00
2.180000000000000000e+02 4.725433965227898270e+00 4.738393086759560724e+00 6.237587711662320622e+00 6.233759744129427460e+00
2.190000000000000000e+02 4.716317929604707082e+00 4.735621439867663263e+00 6.225656011889310726e+00 6.230153831750842031e+00
2.200000000000000000e+02 4.725620785610824548e+00 4.740867644965126360e+00 6.236958297024577824e+00 6.235856265046428426e+00
2.210000000000000000e+02 4.726267252263999019e+00 4.743815622766472728e+00 6.238736348786970254e+00 6.240337670105223111e+00
2.220000000000000000e+02 4.728870895756546844e+00 4.741758107821852697e+00 6.242068233406286915e+00 6.237827704307885135e+00
2.230000000000000000e+02 4.725844202721677156e+00 4.741941727194423528e+00 6.238945994190978617e+00 6.238279427401188570e+00
2.240000000000000000e+02 4.730310852396664600e+00 4.747475731033685697e+00 6.244255405651369273e+00 6.244653714686267953e+00
2.250000000000000000e+02 4.730913515458225582e+00 4.744102540900221321e+00 6.244733228471393893e+00 6.240241416476838943e+00
2.260000000000000000e+02 4.731991443744449022e+00 4.743593649917985822e+00 6.245969320449601625e+00 6.239676791884698481e+00
2.270000000000000000e+02 4.733216950294841574e+00 4.749974151752829776e+00 6.247779880607940761e+00 6.248273317512667013e+00
2.280000000000000000e+02 4.732442518183636260e+00 4.749975995668163087e+00 6.247164397993882012e+00 6.248170742332430194e+00
2.290000000000000000e+02 4.717327388488403273e+00 4.731323354433692785e+00 6.227291365498417441e+00 6.224064703172259350e+00
2.300000000000000000e+02 4.726214641503254654e+00 4.742658900480217099e+00 6.238535833977037370e+00 6.238584440293998057e+00
2.310000000000000000e+02 4.722972782763123156e+00 4.739062695296962779e+00 6.234922242714683094e+00 6.234597519005943056e+00
2.320000000000000000e+02 4.724694370221468098e+00 4.743305287578719387e+00 6.236607080790066426e+00 6.239113516885556265e+00
2.330000000000000000e+02 4.726331554925756961e+00 4.738601768003221082e+00 6.239311549801472623e+00 6.233638263567880422e+00
2.340000000000000000e+02 4.726193661437611659e+00 4.738038101875692298e+00 6.239429585058918093e+00 6.233042003391131125e+00
2.350000000000000000e+02 4.719108794661333484e+00 4.740343777342345355e+00 6.230593300246222377e+00 6.236493526116697161e+00
2.360000000000000000e+02 4.725055519737381360e+00 4.742816813501571360e+00 6.238290879524880594e+00 6.239876498548286854e+00
2.370000000000000000e+02 4.724382066084328535e+00 4.742119659326706760e+00 6.236392388455924696e+00 6.237984499472251976e+00
2.380000000000000000e+02 4.727393464729284567e+00 4.740461491600338917e+00 6.240183119762733988e+00 6.235423364217726139e+00
2.390000000000000000e+02 4.731457563283722578e+00 4.750118692438151768e+00 6.246039061356793987e+00 6.248135504488643299e+00
2.400000000000000000e+02 4.743597972361787818e+00 4.757153911713798422e+00 6.262152598563164752e+00 6.257767685325696050e+00
2.410000000000000000e+02 4.726515333387287576e+00 4.752889697659276713e+00 6.240011912506475689e+00 6.252228128634343740e+00
2.420000000000000000e+02 4.739542760542218680e+00 4.757961895106720185e+00 6.256934473735997315e+00 6.259147829956748232e+00
2.430000000000000000e+02 4.735203033445100296e+00 4.750705020733394512e+00 6.250576119556759735e+00 6.248711265034558870e+00
2.440000000000000000e+02 4.732742169331713988e+00 4.750728323307867207e+00 6.247422891208229245e+00 6.248917545998613043e+00
2.450000000000000000e+02 4.737144195860830465e+00 4.757177775467549274e+00 6.251030804416587650e+00 6.255276700474007079e+00
2.460000000000000000e+02 4.737957383926375776e+00 4.760722730825864168e+00 6.253252727975072034e+00 6.260867423553272637e+00
2.470000000000000000e+02 4.734047754029331756e+00 4.748129163305702782e+00 6.247649510172606391e+00 6.244565466088560335e+00
2.480000000000000000e+02 4.735543043469547797e+00 4.752289356512388707e+00 6.250834211983081090e+00 6.250568594146256096e+00
2.490000000000000000e+02 4.730875800652254881e+00 4.743643375200570667e+00 6.243985704513077550e+00 6.239177178629338627e+00
2.500000000000000000e+02 4.730498153015341600e+00 4.747267207627389851e+00 6.242975757244114021e+00 6.243061441061025896e+00
2.510000000000000000e+02 4.720822615327906036e+00 4.745103190176112484e+00 6.230956773126679948e+00 6.241129880263643237e+00
2.520000000000000000e+02 4.724052305313218625e+00 4.741105715754835082e+00 6.235163108553170019e+00 6.235876284511046919e+00
2.530000000000000000e+02 4.729643244116067180e+00 4.743905069520422124e+00 6.241594811603745185e+00 6.238991158848509855e+00
2.540000000000000000e+02 4.737957864345295533e+00 4.750858048962496305e+00 6.252704593898000596e+00 6.247936750466533518e+00
2.550000000000000000e+02 4.738355770537095779e+00 4.755440971265964656e+00 6.252022490866377957e+00 6.252852658095443772e+00
2.560000000000000000e+02 4.744179093837700201e+00 4.760211515696594731e+00 6.259105386321246023e+00 6.258961328040547833e+00
2.570000000000000000e+02 4.738112172965975866e+00 4.754261826801197799e+00 6.250801538356034470e+00 6.251435594797892570e+00
2.580000000000000000e+02 4.732955655754236268e+00 4.755408939552795644e+00 6.246733578723047131e+00 6.254933243060756709e+00
2.590000000000000000e+02 4.736825806190971377e+00 4.752393696926702660e+00 6.251102311662545929e+00 6.250385293997468672e+00
2.600000000000000000e+02 4.733492335278250529e+00 4.750983690719727370e+00 6.245514710018528426e+00 6.247724543878566905e+00
2.610000000000000000e+02 4.731325674919660607e+00 4.747560132087870421e+00 6.242789895685811885e+00 6.243528457035592893e+00
2.620000000000000000e+02 4.735178450012192286e+00 4.750227838085805843e+00 6.249430044241422344e+00 6.248174422126501426e+00
2.630000000000000000e+02 4.739139090431799595e+00 4.759523408939697831e+00 6.252982707327477740e+00 6.258839609917620450e+00
2.640000000000000000e+02 4.742695175570953658e+00 4.756409909968017935e+00 6.259081763548614674e+00 6.255850616899839345e+00
2.650000000000000000e+02 4.742399530099164373e+00 4.767242089771984048e+00 6.257996068710341753e+00 6.269663669527067995e+00
2.660000000000000000e+02 4.740612998193139305e+00 4.753964500066600429e+00 6.253828088763325965e+00 6.250407636717407733e+00
2.670000000000000000e+02 4.748944113597348249e+00 4.761534798615204345e+00 6.265294856910873733e+00 6.261240428121220170e+00
2.680000000000000000e+02 4.740540047400351398e+00 4.760788874692913453e+00 6.254269318417149393e+00 6.259900000786283059e+00
2.690000000000000000e+02 4.742697740070154211e+00 4.758523719738457558e+00 6.256452887760995729e+00 6.256762546747068221e+00
2.700000000000000000e+02 4.731540444333056428e+00 4.749996493360932881e+00 6.241517379059429160e+00 6.245312433578876998e+00
2.710000000000000000e+02 4.737112003427728979e+00 4.744324355662890014e+00 6.247877410257052233e+00 6.237099075395295955e+00
2.720000000000000000e+02 4.734441815612562721e+00 4.750052868252573113e+00 6.244657154781067199e+00 6.244648587573074394e+00
2.730000000000000000e+02 4.731577118751365774e+00 4.748102176833754129e+00 6.241855946272290900e+00 6.243305197917909055e+00
2.740000000000000000e+02 4.725111012567846380e+00 4.739288915684677583e+00 6.234555238993539916e+00 6.232933340616102491e+00
2.750000000000000000e+02 4.729826221859099178e+00 4.741344346997304449e+00 6.240046824962949934e+00 6.235086955672709763e+00
2.760000000000000000e+02 4.732571763072360937e+00 4.748044281196247773e+00 6.242979841401821162e+00 6.243189406214073145e+00
2.770000000000000000e+02 4.734344201360239701e+00 4.748642700892785840e+00 6.244266935588689726e+00 6.243586352090140679e+00
2.780000000000000000e+02 4.734395451252878750e+00 4.752387370523205590e+00 6.244544886795767802e+00 6.248375575870559473e+00
2.790000000000000000e+02 4.732004173084781051e+00 4.748519060722958152e+00 6.240300352118806515e+00 6.242976237106496740e+00
2.800000000000000000e+02 4.745538732228359535e+00 4.753323960109289814e+00 6.257781137523203085e+00 6.249121025704035937e+00
2.810000000000000000e+02 4.744715854535676236e+00 4.757643505886023583e+00 6.256825086242465694e+00 6.255240742980999968e+00
2.820000000000000000e+02 4.743405225651352808e+00 4.760654264934208513e+00 6.255536074222542098e+00 6.259291970090289148e+00
2.830000000000000000e+02 4.743008119739730688e+00 4.758714063972321995e+00 6.254685323449745482e+00 6.256888028319518291e+00
2.840000000000000000e+02 4.736363358621135333e+00 4.751757720875264823e+00 6.246153012666169069e+00 6.248241206607366038e+00
2.850000000000000000e+02 4.737108720878453028e+00 4.751295832937507235e+00 6.246885645668805331e+00 6.247606668163660615e+00
2.860000000000000000e+02 4.730865389122843823e+00 4.740584971017730354e+00 6.238047677942569536e+00 6.233577085386092342e+00
2.870000000000000000e+02 4.731309019840201913e+00 4.744333243913006370e+00 6.238461842818197489e+00 6.237861737420877795e+00
2.880000000000000000e+02 4.743056086282822825e+00 4.754060031890439575e+00 6.252187130274164950e+00 6.249597245832623216e+00
2.890000000000000000e+02 4.742516763846150951e+00 4.754211140154555260e+00 6.251513194622286385e+00 6.250066666887870603e+00
2.900000000000000000e+02 4.746844558734740538e+00 4.753275592104037273e+00 6.256772556797817408e+00 6.248784295333003946e+00
2.910000000000000000e+02 4.738531700655481238e+00 4.751400654349054342e+00 6.246245343036272324e+00 6.246930649263757296e+00
2.920000000000000000e+02 4.742395125768336328e+00 4.755131871925082798e+00 6.251018952843151233e+00 6.251090702626895812e+00
2.930000000000000000e+02 4.739156466044365246e+00 4.755893729821370819e+00 6.247647508381545478e+00 6.253343935933149744e+00
2.940000000000000000e+02 4.742035736864443685e+00 4.751613100124506772e+00 6.250759579061502258e+00 6.247224615384308954e+00
2.950000000000000000e+02 4.744764702005780599e+00 4.754832860883512424e+00 6.252757044366155093e+00 6.250002039682996724e+00
2.960000000000000000e+02 4.741196683525507716e+00 4.749647836137769197e+00 6.247936109142957939e+00 6.243441573065582340e+00
2.970000000000000000e+02 4.740955649754123868e+00 4.752894662649590707e+00 6.247161274176991519e+00 6.247225416551842159e+00
2.980000000000000000e+02 4.742574018685495219e+00 4.756379000652137812e+00 6.249697905160251921e+00 6.252074700622214820e+00
2.990000000000000000e+02 4.741022916051420566e+00 4.754134584812423903e+00 6.248871582514167855e+00 6.250393462710024828e+00
3.000000000000000000e+02 4.742855411453930969e+00 4.750445969236885446e+00 6.250757417156830087e+00 6.245297059080788138e+00
3.010000000000000000e+02 4.756951474672131752e+00 4.767192282558482042e+00 6.269136356725092618e+00 6.267123357462494937e+00
3.020000000000000000e+02 4.752532711989855940e+00 4.765852022654732956e+00 6.262865850517535193e+00 6.265028916112655111e+00
3.030000000000000000e+02 4.752525984793537717e+00 4.762070516662403108e+00 6.262371367408271716e+00 6.259639265836736577e+00
3.040000000000000000e+02 4.749485278432122648e+00 4.760341801038960874e+00 6.258071261635076432e+00 6.256413804599326056e+00
3.050000000000000000e+02 4.754056348433207013e+00 4.759116133980390906e+00 6.265290050650038189e+00 6.257007505150771642e+00
3.060000000000000000e+02 4.741349872076947136e+00 4.752984990129912823e+00 6.248352354712919166e+00 6.248494812813058630e+00
3.070000000000000000e+02 4.740580245992192410e+00 4.753400512963459335e+00 6.247480465270096595e+00 6.248765236256802247e+00
3.080000000000000000e+02 4.737534813275570578e+00 4.747192975082970889e+00 6.243906022357005092e+00 6.241526905060851504e+00
3.090000000000000000e+02 4.743876401009156751e+00 4.759874627910476441e+00 6.252393250089977705e+00 6.257719075276023446e+00
3.100000000000000000e+02 4.745105832792919642e+00 4.754590226135787745e+00 6.254350676759798944e+00 6.251700815215497364e+00
3.110000000000000000e+02 4.743828355087156723e+00 4.760236339462881716e+00 6.251894525728096674e+00 6.258058608005111267e+00
3.120000000000000000e+02 4.741834420962359076e+00 4.749937957069376715e+00 6.248596830949105119e+00 6.243918276635585407e+00
3.130000000000000000e+02 4.751475607425510006e+00 4.764134037212782502e+00 6.261234742141195575e+00 6.262470023444572043e+00
3.140000000000000000e+02 4.748008326377802568e+00 4.759540305268638249e+00 6.256573482019926580e+00 6.256675101567714670e+00
3.150000000000000000e+02 4.747918078065836767e+00 4.758288771093232228e+00 6.255847012469285318e+00 6.254186115239801502e+00
3.160000000000000000e+02 4.754081573011084139e+00 4.762562354132989562e+00 6.263553079110474542e+00 6.259474546904550074e+00
3.170000000000000000e+02 4.753055778096894279e+00 4.767949817176220684e+00 6.262598548000935850e+00 6.266582751670418006e+00
3.180000000000000000e+02 4.754220667546518619e+00 4.761224256665367527e+00 6.263665347807412687e+00 6.258033622698602194e+00
3.190000000000000000e+02 4.742519246159307755e+00 4.758517072495444644e+00 6.248322807288399616e+00 6.254617255329561587e+00
3.200000000000000000e+02 4.741700772915605100e+00 4.756231817371951998e+00 6.246695782911391603e+00 6.251298102890109121e+00
3.210000000000000000e+02 4.746893805521017029e+00 4.757082882287560821e+00 6.253415044637561593e+00 6.251952820449571568e+00
3.220000000000000000e+02 4.747135399174966075e+00 4.759796232189193788e+00 6.254320004814758249e+00 6.256270064616319182e+00
3.230000000000000000e+02 4.740359631745621805e+00 4.754596232571663528e+00 6.245907812711971374e+00 6.250132649228324233e+00
3.240000000000000000e+02 4.740244640797145692e+00 4.755277612157826184e+00 6.245181666687808608e+00 6.250324994477263196e+00
3.250000000000000000e+02 4.751084427722918058e+00 4.755210427381445726e+00 6.257976127069099448e+00 6.249447260513637303e+00
3.260000000000000000e+02 4.752455515639399941e+00 4.762263824583445881e+00 6.260361167558563089e+00 6.259470702702958356e+00
3.270000000000000000e+02 4.751901779187486241e+00 4.765770422379278060e+00 6.259715259179593261e+00 6.264032903253035300e+00
3.280000000000000000e+02 4.756603537914515734e+00 4.762728755600859287e+00 6.265735925719106980e+00 6.260355405193346101e+00
3.290000000000000000e+02 4.755023205464289582e+00 4.765429052769276197e+00 6.262592462673360671e+00 6.262763029198795017e+00
3.300000000000000000e+02 4.756193059374513865e+00 4.762012540285764040e+00 6.264542121517772344e+00 6.258992315342707613e+00
3.310000000000000000e+02 4.740335930202854264e+00 4.752551528682745996e+00 6.243584112763056915e+00 6.246558123753327862e+00
3.320000000000000000e+02 4.746342471219683112e+00 4.759083143115510950e+00 6.250835892830454377e+00 6.254355644811834480e+00
3.330000000000000000e+02 4.744134091389382135e+00 4.753538006100471058e+00 6.247358267538154486e+00 6.247331199212782238e+00
3.340000000000000000e+02 4.746530494296925973e+00 4.755480689700299912e+00 6.251187677362055162e+00 6.250223377175446515e+00
3.350000000000000000e+02 4.744219933220579222e+00 4.749852993771645160e+00 6.247784039224269392e+00 6.242741608657365049e+00
3.360000000000000000e+02 4.743364305412756998e+00 4.758352912998545570e+00 6.246600169796987068e+00 6.253777156467071663e+00
3.370000000000000000e+02 4.747397814748373968e+00 4.752299206753395566e+00 6.251891642392469528e+00 6.245530809131329519e+00
3.380000000000000000e+02 4.745860643754242325e+00 4.751996672299821256e+00 6.249266283217393969e+00 6.245124170422899468e+00
3.390000000000000000e+02 4.740755695950435111e+00 4.749381017044003173e+00 6.243008589611286574e+00 6.241909519960511687e+00
3.400000000000000000e+02 4.741772922673102464e+00 4.752594052027304450e+00 6.245414294308946346e+00 6.247176891196019710e+00
3.410000000000000000e+02 4.744085803821294078e+00 4.755228044802162657e+00 6.248337379462002517e+00 6.250295367129447222e+00
3.420000000000000000e+02 4.739299484455211875e+00 4.747043391543105173e+00 6.240930165615186098e+00 6.238911881480784238e+00
3.430000000000000000e+02 4.742037338201433805e+00 4.755857615371703595e+00 6.243236731756859115e+00 6.249293191891110766e+00
3.440000000000000000e+02 4.749388543600940871e+00 4.759486652233213988e+00 6.252227327477612562e+00 6.253087605355285739e+00
3.450000000000000000e+02 4.754776727510140688e+00 4.762898119744153114e+00 6.259801986988402511e+00 6.258594169770936411e+00
3.460000000000000000e+02 4.752248278660228920e+00 4.759870144822234472e+00 6.255876648477006086e+00 6.254244734148214135e+00
3.470000000000000000e+02 4.745997337310530639e+00 4.754610648193393629e+00 6.248484564171130629e+00 6.247721744818249157e+00
3.480000000000000000e+02 4.740976311242190988e+00 4.752344210002464209e+00 6.241257047056532059e+00 6.244531595106693089e+00
3.490000000000000000e+02 4.755104404016103459e+00 4.754876744301112623e+00 6.259501371758016575e+00 6.247931224841395625e+00
3.500000000000000000e+02 4.745773119119880867e+00 4.753912209649093334e+00 6.247434419503552050e+00 6.246537147767320164e+00
3.510000000000000000e+02 4.752965853395309637e+00 4.755996709332218408e+00 6.256707455842797749e+00 6.249148328721713774e+00
3.520000000000000000e+02 4.746744380685871789e+00 4.752210399740865121e+00 6.248635509486224926e+00 6.244478101767915845e+00
3.530000000000000000e+02 4.747229732755682718e+00 4.757574879390200628e+00 6.249088273956247441e+00 6.251337181261078513e+00
3.540000000000000000e+02 4.749131976230761332e+00 4.755882438707961235e+00 6.251217066300881697e+00 6.248892079550135925e+00
3.550000000000000000e+02 4.746230603483319932e+00 4.760134801635438784e+00 6.247351300482128167e+00 6.254570652204112235e+00
3.560000000000000000e+02 4.743061050973208737e+00 4.754606242075546163e+00 6.242624456484433537e+00 6.246828630866993137e+00
3.570000000000000000e+02 4.737255423561962608e+00 4.744098456739828329e+00 6.235379400514142745e+00 6.233528798463134457e+00
3.580000000000000000e+02 4.737277765259760187e+00 4.749783887514042569e+00 6.235543480419971196e+00 6.241378202394073149e+00
3.590000000000000000e+02 4.738669836612031894e+00 4.745143549930772586e+00 6.237645131793128961e+00 6.235596652636927750e+00
3.600000000000000000e+02 4.750710384646152029e+00 4.755444574408464575e+00 6.252753038833197330e+00 6.248447566934657083e+00
3.610000000000000000e+02 4.739664718866708704e+00 4.746522726395749459e+00 6.238869599616245765e+00 6.237744423484852696e+00
3.620000000000000000e+02 4.744958330498761256e+00 4.752936784054483610e+00 6.245744456191012262e+00 6.245658211617549860e+00
3.630000000000000000e+02 4.740637341854553988e+00 4.750323850716337226e+00 6.240187763879058380e+00 6.242672902866857498e+00
3.640000000000000000e+02 4.743997718323477386e+00 4.752121914142191095e+00 6.244433096740032774e+00 6.245081970356164192e+00
3.650000000000000000e+02 4.746845679235298654e+00 4.754008223317090831e+00 6.247796533209140968e+00 6.247409198481287618e+00
3.660000000000000000e+02 4.751768851162127660e+00 4.756940425795693983e+00 6.253559825782318171e+00 6.250573400513927069e+00
3.670000000000000000e+02 4.748020898769763853e+00 4.756975258052150934e+00 6.248536374509297886e+00 6.250360549819161449e+00
3.680000000000000000e+02 4.741992013912290638e+00 4.746563165543785878e+00 6.240185198912958420e+00 6.236902643707513683e+00
3.690000000000000000e+02 4.740108429018230041e+00 4.745366166113694106e+00 6.238652988680825295e+00 6.236076080510882136e+00
3.700000000000000000e+02 4.748530753669147231e+00 4.754141631429724235e+00 6.248426028571275381e+00 6.246397730661138681e+00
3.710000000000000000e+02 4.750330096781590683e+00 4.756139249996060414e+00 6.250598702317394562e+00 6.249162348073158846e+00
3.720000000000000000e+02 4.749240721312044222e+00 4.762627938161767993e+00 6.248439800732427329e+00 6.256844786517520518e+00
3.730000000000000000e+02 4.746782018599229325e+00 4.758993375471252563e+00 6.245439600052892892e+00 6.252263605786964717e+00
3.740000000000000000e+02 4.750391516295787042e+00 4.759939652419332035e+00 6.247987198725440727e+00 6.251573893257850401e+00
3.750000000000000000e+02 4.759680841472870405e+00 4.764434008271494214e+00 6.259757864247657011e+00 6.257225395848113436e+00
3.760000000000000000e+02 4.754538495834944811e+00 4.758061750892826680e+00 6.253166802695939275e+00 6.249511001493612383e+00
3.770000000000000000e+02 4.746733090489131612e+00 4.753120561508231923e+00 6.244401467464389732e+00 6.244086038714518949e+00
3.780000000000000000e+02 4.745972114015763132e+00 4.755342956634186713e+00 6.243363499122049909e+00 6.247024822921643405e+00
3.790000000000000000e+02 4.744923096585639932e+00 4.751847648677598457e+00 6.240944742092904285e+00 6.241910322027362845e+00
3.800000000000000000e+02 4.750872222700227354e+00 4.756668320830256036e+00 6.248432993797909063e+00 6.247493998546543637e+00
3.810000000000000000e+02 4.747121386586402814e+00 4.755084064915536146e+00 6.244140252401053637e+00 6.246236133107696986e+00
3.820000000000000000e+02 4.742049430603372251e+00 4.750445328672010525e+00 6.238029581797676748e+00 6.240699221096474680e+00
3.830000000000000000e+02 4.749948207144605306e+00 4.754322447684081077e+00 6.248079289679825621e+00 6.245728841266974918e+00
3.840000000000000000e+02 4.753163643445461162e+00 4.756811339681673800e+00 6.251620417372205196e+00 6.248151839849009015e+00
3.850000000000000000e+02 4.749875336674156401e+00 4.758586339559509604e+00 6.247278350031074012e+00 6.250805702861102375e+00
3.860000000000000000e+02 4.750048864813920524e+00 4.758978560139251357e+00 6.247534599408299805e+00 6.251202970662137481e+00
3.870000000000000000e+02 4.754901888445178137e+00 4.757956209640386014e+00 6.254404649174155395e+00 6.250522709294711987e+00
3.880000000000000000e+02 4.754609925679845972e+00 4.761011490895001863e+00 6.253502250768156578e+00 6.254105878169624155e+00
3.890000000000000000e+02 4.749625013550115682e+00 4.755067648751568399e+00 6.247787725013465909e+00 6.247040996361032938e+00
3.900000000000000000e+02 4.747484458302823285e+00 4.757619802231560335e+00 6.244751006675632432e+00 6.250296406126521376e+00
3.910000000000000000e+02 4.753309864462536005e+00 4.763154127803595372e+00 6.251836386214401742e+00 6.257342630599124433e+00
3.920000000000000000e+02 4.752556655315819611e+00 4.757542208226786862e+00 6.251242770062948928e+00 6.250453281363785862e+00
3.930000000000000000e+02 4.745888432249746103e+00 4.755759439739077443e+00 6.242325686875878077e+00 6.247733191363712635e+00
3.940000000000000000e+02 4.747142046595739906e+00 4.756191618666769649e+00 6.243319292631069217e+00 6.247724062554548929e+00
3.950000000000000000e+02 4.751496828218691348e+00 4.756089119516895281e+00 6.248103553090107454e+00 6.247239671205021772e+00
3.960000000000000000e+02 4.754336300662351356e+00 4.764038824871355438e+00 6.252396694532891708e+00 6.258026014945779814e+00
3.970000000000000000e+02 4.758335136354022943e+00 4.760179964554194676e+00 6.257507430902176537e+00 6.253176892766909134e+00
3.980000000000000000e+02 4.763218349607700297e+00 4.760000831179062253e+00 6.263679201403308028e+00 6.252592163782047407e+00
3.990000000000000000e+02 4.755469318834765424e+00 4.758119327298812706e+00 6.252899824331559664e+00 6.249872715233465215e+00
4.000000000000000000e+02 4.755676559764995481e+00 4.756966689642490032e+00 6.254455819984455545e+00 6.249534224772371083e+00
4.010000000000000000e+02 4.753782563573722975e+00 4.763871783484245448e+00 6.251411654354685155e+00 6.257871705859685107e+00
4.020000000000000000e+02 4.753971466522378009e+00 4.758097305655173415e+00 6.250308419575461905e+00 6.249016120309279110e+00
4.030000000000000000e+02 4.754382345716829938e+00 4.760363822616602292e+00 6.250775836859858714e+00 6.251769041286062922e+00
4.040000000000000000e+02 4.759699178012360754e+00 4.763023281195524206e+00 6.256711294106768406e+00 6.254432116340227665e+00
4.050000000000000000e+02 4.758169696395314396e+00 4.763346073905541544e+00 6.255261324101222264e+00 6.255569783854269872e+00
4.060000000000000000e+02 4.760741148937568390e+00 4.761265096206417802e+00 6.258306289665179101e+00 6.252923605584451927e+00
4.070000000000000000e+02 4.757173050597664599e+00 4.760497874064563817e+00 6.254386792957436825e+00 6.252390369740257192e+00
4.080000000000000000e+02 4.755824463830251148e+00 4.763271202893618828e+00 6.253410242999967394e+00 6.256491645185686679e+00
4.090000000000000000e+02 4.757648311828412524e+00 4.759684684909569974e+00 6.254580903286002247e+00 6.250675977922739435e+00
4.100000000000000000e+02 4.754278084064283760e+00 4.757166244076108441e+00 6.250602947041866919e+00 6.247873809837593662e+00
4.110000000000000000e+02 4.758801188077192101e+00 4.762567319283758316e+00 6.256572440102525334e+00 6.254838432153928096e+00
4.120000000000000000e+02 4.759196371725351149e+00 4.761462808645553046e+00 6.257948341578306817e+00 6.254110443259953911e+00
4.130000000000000000e+02 4.758554789677645225e+00 4.764948989262603796e+00 6.256548978264024896e+00 6.258256404019053143e+00
4.140000000000000000e+02 4.763285534929936560e+00 4.762692480716748555e+00 6.262132815646774375e+00 6.254820174629369234e+00
4.150000000000000000e+02 4.767146878882651428e+00 4.770191030727551684e+00 6.267536560756362896e+00 6.264712131762457226e+00
4.160000000000000000e+02 4.760461358237400020e+00 4.767403688075780188e+00 6.258952039682677437e+00 6.260713355508153555e+00
4.170000000000000000e+02 4.767266033663099201e+00 4.767673229277719749e+00 6.265794782679956043e+00 6.259968469689266790e+00
4.180000000000000000e+02 4.761475220550337006e+00 4.765540360970195621e+00 6.256704489471597519e+00 6.255106132198414493e+00
4.190000000000000000e+02 4.748271060828271217e+00 4.758560314484854281e+00 6.242561434377860152e+00 6.249124065401438166e+00
4.200000000000000000e+02 4.748326715209524984e+00 4.752973459038019044e+00 6.243483533244728712e+00 6.242897841786234636e+00
4.210000000000000000e+02 4.752762293427147178e+00 4.760031260158729793e+00 6.249523332795186015e+00 6.252123386257051330e+00
4.220000000000000000e+02 4.759955507582644962e+00 4.756619955431093949e+00 6.258605701676446031e+00 6.247410320278488527e+00
4.230000000000000000e+02 4.758208934049596550e+00 4.761955126333289989e+00 6.255687898826510995e+00 6.253344498103953875e+00
4.240000000000000000e+02 4.760645056286235466e+00 4.766371968008251692e+00 6.258006799034799172e+00 6.257930645179094142e+00
4.250000000000000000e+02 4.756937381954397637e+00 4.757978870894759460e+00 6.254407532778572865e+00 6.248482880962501262e+00
4.260000000000000000e+02 4.755283218053220295e+00 4.758326969212316904e+00 6.252203625251669727e+00 6.248988815597050994e+00
4.270000000000000000e+02 4.764397492828309488e+00 4.764281141108641648e+00 6.264148378664220473e+00 6.256504936334003730e+00
4.280000000000000000e+02 4.751654661832613868e+00 4.760091558985117821e+00 6.247319030400743323e+00 6.250678860086091859e+00
4.290000000000000000e+02 4.761558340903271791e+00 4.765730465398166693e+00 6.259656163893327019e+00 6.257395722514889513e+00
4.300000000000000000e+02 4.753414767007099861e+00 4.758479677057565027e+00 6.250084441600225027e+00 6.248584661628646231e+00
4.310000000000000000e+02 4.771412853084599170e+00 4.772329822344340222e+00 6.272359575926965469e+00 6.265790057573605409e+00
4.320000000000000000e+02 4.765849861068238269e+00 4.770947683254722627e+00 6.264391336204594651e+00 6.262628339886216366e+00
4.330000000000000000e+02 4.759565849370523516e+00 4.765386131027296912e+00 6.258133160372016057e+00 6.257488852041997340e+00
4.340000000000000000e+02 4.756869075933189528e+00 4.760333074741851078e+00 6.254179070712535093e+00 6.250091251251291169e+00
4.350000000000000000e+02 4.755097678341014600e+00 4.760457914121554168e+00 6.251622499520106402e+00 6.250150104971074150e+00
4.360000000000000000e+02 4.751548638337389718e+00 4.762969708957981219e+00 6.248222228424781477e+00 6.254196045661173819e+00
4.370000000000000000e+02 4.757304137449883896e+00 4.766921219462295412e+00 6.256227705571410169e+00 6.260116211679794596e+00
4.380000000000000000e+02 4.751224323627772250e+00 4.758134943773686842e+00 6.248994740081180055e+00 6.249575468600587769e+00
4.390000000000000000e+02 4.753986120296922913e+00 4.761702880533632332e+00 6.252745111727134208e+00 6.254034367237325753e+00
4.400000000000000000e+02 4.760721929246615858e+00 4.758639030827874983e+00 6.259600267686439956e+00 6.248219664510126670e+00
4.410000000000000000e+02 4.766102986629882743e+00 4.777102849622235858e+00 6.267094369426693845e+00 6.272282221874521113e+00
4.420000000000000000e+02 4.755324858325715276e+00 4.765631889416526157e+00 6.253599544803495114e+00 6.257663342390841876e+00
4.430000000000000000e+02 4.758217021906722799e+00 4.763572614832781049e+00 6.256546254751363279e+00 6.254291662052787082e+00
4.440000000000000000e+02 4.754599035489242453e+00 4.764848249717660522e+00 6.253986723528341507e+00 6.257725082223120516e+00
4.450000000000000000e+02 4.757805904782756556e+00 4.764872435428931574e+00 6.258088399985994421e+00 6.257670153861358386e+00
4.460000000000000000e+02 4.758912416486841046e+00 4.769935260652319542e+00 6.258833443586860668e+00 6.263414943456589334e+00
4.470000000000000000e+02 4.763348156431445268e+00 4.768978092868921159e+00 6.264731748728914695e+00 6.262184465116381382e+00
4.480000000000000000e+02 4.765336162335546355e+00 4.773410630190004333e+00 6.265799105670883939e+00 6.266517486507980905e+00
4.490000000000000000e+02 4.764127230791040724e+00 4.775823129087279462e+00 6.264562862371430896e+00 6.269800444538277340e+00
4.500000000000000000e+02 4.765634612844556806e+00 4.774055335000146449e+00 6.266727372425513920e+00 6.267433898758524968e+00
4.510000000000000000e+02 4.758467584507003245e+00 4.765141975434200816e+00 6.258630924529403394e+00 6.256561310911282092e+00
4.520000000000000000e+02 4.756965648226739951e+00 4.759827143092207891e+00 6.257241730820746639e+00 6.250454562471397857e+00
4.530000000000000000e+02 4.744143220353527646e+00 4.756079750465472600e+00 6.242072559822462452e+00 6.246898458928686892e+00
4.540000000000000000e+02 4.743189975419978666e+00 4.754427027134839889e+00 6.240875551982038694e+00 6.244533112499314420e+00
4.550000000000000000e+02 4.744544888743932098e+00 4.757037158491229434e+00 6.241696111080094589e+00 6.246988706782860667e+00
4.560000000000000000e+02 4.750656012338632550e+00 4.762311471198559687e+00 6.248580736004720748e+00 6.252469004228055738e+00
4.570000000000000000e+02 4.752580519068689391e+00 4.756589524755825416e+00 6.250837016237336563e+00 6.244925257369249749e+00
4.580000000000000000e+02 4.756640934850707936e+00 4.764640289219676639e+00 6.256095337303148263e+00 6.254982333312069542e+00
4.590000000000000000e+02 4.742512118713064773e+00 4.749400556111005756e+00 6.239941923587793760e+00 6.237360930206885534e+00
4.600000000000000000e+02 4.743070259696092528e+00 4.755644127957759260e+00 6.241045317954974081e+00 6.245509105157143637e+00
4.610000000000000000e+02 4.749595704301846411e+00 4.756493271178445781e+00 6.249459030829767947e+00 6.246149168865686718e+00
4.620000000000000000e+02 4.753974989880819457e+00 4.754595192348994637e+00 6.254932282839549273e+00 6.243553763364246834e+00
4.630000000000000000e+02 4.755103202830106568e+00 4.762138823250719355e+00 6.255000828178468808e+00 6.252260319716539172e+00
4.640000000000000000e+02 4.756691143261619459e+00 4.766538608798183141e+00 6.258085835493861104e+00 6.257793630046112554e+00
4.650000000000000000e+02 4.756409989877201205e+00 4.765856907201366788e+00 6.257951943184200339e+00 6.257430794947590691e+00
4.660000000000000000e+02 4.752585563897466336e+00 4.763898690576594319e+00 6.252978301641805459e+00 6.254452938129226425e+00
4.670000000000000000e+02 4.751928285859200685e+00 4.761295926216711827e+00 6.253119877586293285e+00 6.251809400652224902e+00
4.680000000000000000e+02 4.746768965278901575e+00 4.752939747311525132e+00 6.246509360354297158e+00 6.240987343236811036e+00
4.690000000000000000e+02 4.747670959807231306e+00 4.753850789525176701e+00 6.248924993539424655e+00 6.243336589225049416e+00
4.700000000000000000e+02 4.748315345312781766e+00 4.757616279592878250e+00 6.249039987472999158e+00 6.247299729014617498e+00
4.710000000000000000e+02 4.751039184364613810e+00 4.759689409291058659e+00 6.252763451109885295e+00 6.250012211059238432e+00
4.720000000000000000e+02 4.749346664349723746e+00 4.762390027773375500e+00 6.249637608166498381e+00 6.252344884315923501e+00
4.730000000000000000e+02 4.741801190562015655e+00 4.755737739051208557e+00 6.241259769146004999e+00 6.245001331453569726e+00
4.740000000000000000e+02 4.745124011231877326e+00 4.751313369952984367e+00 6.245134982920102829e+00 6.238140568920762519e+00
4.750000000000000000e+02 4.740194513351992711e+00 4.754258945816062010e+00 6.238711447655084896e+00 6.242031479489047463e+00
4.760000000000000000e+02 4.749883664829200214e+00 4.757642544697426423e+00 6.253203160711375830e+00 6.248048057073071426e+00
4.770000000000000000e+02 4.741109079436826690e+00 4.753396589563015695e+00 6.242060868851948996e+00 6.242248650388004805e+00
4.780000000000000000e+02 4.740012415438932258e+00 4.754750381261579228e+00 6.240730050405984386e+00 6.244135446564818892e+00
4.790000000000000000e+02 4.741922587938693923e+00 4.759569693248859146e+00 6.242974798847157558e+00 6.249785270033789253e+00
4.800000000000000000e+02 4.744632733519576817e+00 4.753630096171939101e+00 6.245849115070235769e+00 6.241430333978430056e+00
4.810000000000000000e+02 4.741873338991352327e+00 4.751906665112768380e+00 6.243032932642675448e+00 6.239466420266170488e+00
4.820000000000000000e+02 4.752650506298065736e+00 4.761307538425437080e+00 6.256665171507253653e+00 6.251187356880960166e+00
4.830000000000000000e+02 4.759384154095394059e+00 4.771600958100197687e+00 6.267647949788033301e+00 6.266734342518939016e+00
4.840000000000000000e+02 4.761744841760080504e+00 4.771976680513839497e+00 6.267457442497029518e+00 6.263706909900323971e+00
4.850000000000000000e+02 4.754584139979792567e+00 4.767131823946390234e+00 6.259779803493289663e+00 6.258752003789790130e+00
4.860000000000000000e+02 4.750592991013236066e+00 4.764040667098182524e+00 6.254162251855548860e+00 6.254399363649334909e+00
4.870000000000000000e+02 4.750964951688363413e+00 4.763617456137166251e+00 6.252985425810922315e+00 6.252448021461697536e+00
4.880000000000000000e+02 4.751878398441586882e+00 4.770496525727915937e+00 6.255670123596654975e+00 6.261873924758632803e+00
4.890000000000000000e+02 4.749000008506642168e+00 4.767037252305372341e+00 6.250294248141678999e+00 6.256293529312278778e+00
4.900000000000000000e+02 4.765170803649753317e+00 4.779282802730618229e+00 6.274677837535135971e+00 6.274655252953110995e+00
4.910000000000000000e+02 4.752901629855100119e+00 4.764665113565841992e+00 6.256942561842061323e+00 6.254040296513572628e+00
4.920000000000000000e+02 4.752570589246935207e+00 4.769773424767305592e+00 6.257351280608938637e+00 6.261859110314526689e+00
4.930000000000000000e+02 4.751211110251399639e+00 4.763931121043351702e+00 6.254946776062630498e+00 6.253472861424886453e+00
4.940000000000000000e+02 4.746672391144203473e+00 4.762147873871064974e+00 6.249070253421356469e+00 6.250901480356207074e+00
4.950000000000000000e+02 4.748946517338912265e+00 4.760236340424338408e+00 6.252180406546807845e+00 6.248660336454088693e+00
4.960000000000000000e+02 4.747404621946150982e+00 4.761560342943981894e+00 6.249926529798237596e+00 6.250047445343044572e+00
4.970000000000000000e+02 4.750925955747907103e+00 4.769923009626792165e+00 6.254335865231166025e+00 6.260330821455406536e+00
4.980000000000000000e+02 4.757331763885729536e+00 4.769386489911500604e+00 6.263243818529032225e+00 6.260539905866222554e+00
4.990000000000000000e+02 4.752459521458871627e+00 4.766328805409366431e+00 6.256531361764321453e+00 6.255852459413702604e+00
5.000000000000000000e+02 4.752866315460074986e+00 4.767824815556295448e+00 6.257820776809295715e+00 6.258931458174973983e+00
