# delays[ps] delta_averaged scan 0 scan 1
-2.000000000000000000e+01 7.312006756504786729e-06 5.688916567024171619e-05 -4.226515215723214273e-05
-1.800000000000000000e+01 2.373696000850039625e-05 1.054376657991740165e-05 3.693015343708339255e-05
-1.600000000000000000e+01 9.347642749847640822e-05 1.317712025738777663e-04 5.518165242307504335e-05
-1.400000000000000000e+01 1.405066918989443200e-04 1.127224373775593776e-04 1.682909464203292624e-04
-1.200000000000000000e+01 6.877713483417397292e-05 7.361519588254682883e-05 6.393907378580110346e-05
-1.000000000000000000e+01 1.294215049770845683e-04 1.300971312046569461e-04 1.287458787495121635e-04
-8.000000000000000000e+00 2.057843671727386994e-04 2.344192133435172296e-04 1.771495210019601420e-04
-6.000000000000000000e+00 1.800895384602753131e-04 2.286993381605423336e-04 1.314797387600082925e-04
-4.000000000000000000e+00 1.280274959312615647e-04 1.732131913728553033e-04 8.284180048966782598e-05
-2.000000000000000000e+00 1.493842423724886612e-04 1.650628559331530757e-04 1.337056288118242467e-04
-1.899999999999999911e+00 1.997717990522150286e-04 2.281101547684862853e-04 1.714334433359437991e-04
-1.800000000000000044e+00 6.168652438513927969e-05 -3.549606958931672448e-05 1.588691183595952771e-04
-1.699999999999999956e+00 2.474268407024317416e-04 2.429546661760386816e-04 2.518990152288247473e-04
-1.600000000000000089e+00 1.610723422491405733e-04 1.854204921195500228e-04 1.367241923787311238e-04
-1.500000000000000000e+00 2.005889709765443642e-04 2.597250204094847417e-04 1.414529215436040137e-04
-1.399999999999999911e+00 1.964848289124599637e-04 2.448997238979079539e-04 1.480699339270119465e-04
-1.300000000000000044e+00 1.525172364748628205e-04 1.467237103733410946e-04 1.583107625763845465e-04
-1.199999999999999956e+00 1.644436969647190491e-04 1.517363775129792905e-04 1.771510164164588077e-04
-1.100000000000000089e+00 1.579420673440434819e-04 1.973774515567718914e-04 1.185066831313150723e-04
-1.000000000000000000e+00 1.948573930330637716e-04 1.961333197295141867e-04 1.935814663366133294e-04
-9.000000000000000222e-01 1.133386198834576252e-04 8.618684814919019409e-05 1.404903916177250428e-04
-8.000000000000000444e-01 9.489911310469177782e-05 8.833843775606741832e-05 1.014597884533161509e-04
-6.999999999999999556e-01 1.805760566389399578e-04 1.797420991040805612e-04 1.814100141737993272e-04
-5.999999999999999778e-01 1.867090456560579993e-04 2.048005445523953816e-04 1.686175467597206170e-04
-5.000000000000000000e-01 1.459409091682174384e-04 1.264609787428374601e-04 1.654208395935974438e-04
-4.000000000000000222e-01 4.040024291624896022e-04 3.488640109685328303e-04 4.591408473564464283e-04
-2.999999999999999889e-01 1.262949278560356395e-03 1.232679598086828957e-03 1.293218959033883833e-03
-2.000000000000000111e-01 2.242977151782549802e-03 2.182616987885639681e-03 2.303337315679459922e-03
-1.000000000000000056e-01 2.857978507305628663e-03 2.772910622011268839e-03 2.943046392599988053e-03
-0.000000000000000000e+00 3.231677126217282793e-03 3.159946204617133849e-03 3.303408047817431737e-03
1.000000000000000056e-01 3.186111307247905654e-03 3.191976084043900326e-03 3.180246530451910983e-03
2.000000000000000111e-01 3.241172895359427722e-03 3.117733670583805634e-03 3.364612120135049809e-03
2.999999999999999889e-01 3.173981127923527872e-03 3.191367148993079668e-03 3.156595106853975641e-03
4.000000000000000222e-01 3.137139702190051491e-03 3.045520671524397632e-03 3.228758732855705350e-03
5.000000000000000000e-01 3.171870840509267465e-03 3.140149954856779214e-03 3.203591726161755283e-03
5.999999999999999778e-01 3.218358245845463067e-03 3.214014057364956815e-03 3.222702434325969319e-03
6.999999999999999556e-01 3.278691865160808256e-03 3.154108837747827358e-03 3.403274892573789154e-03
8.000000000000000444e-01 3.162781666984738199e-03 3.009132911486949152e-03 3.316430422482526813e-03
9.000000000000000222e-01 3.157120841132413092e-03 3.064973542773286735e-03 3.249268139491539448e-03
1.000000000000000000e+00 3.168810570864467012e-03 3.002192346883141016e-03 3.335428794845793007e-03
1.100000000000000089e+00 3.215185324942507108e-03 3.041032298579934585e-03 3.389338351305079631e-03
1.199999999999999956e+00 3.221453047256375886e-03 3.085569015356368332e-03 3.357337079156383006e-03
1.300000000000000044e+00 3.181785725011080160e-03 3.045199227534810173e-03 3.318372222487350146e-03
1.399999999999999911e+00 3.164754406667365672e-03 3.053606149188843946e-03 3.275902664145887398e-03
1.500000000000000000e+00 3.227363005530633263e-03 3.089225809124934285e-03 3.365500201936332241e-03
1.600000000000000089e+00 3.192948424988464699e-03 3.129572337288852400e-03 3.256324512688077433e-03
1.699999999999999956e+00 3.299843759985329229e-03 3.187854281204694027e-03 3.411833238765964432e-03
1.800000000000000044e+00 3.242856930540162410e-03 3.084212699459640186e-03 3.401501161620684634e-03
1.899999999999999911e+00 3.219923665047503582e-03 3.144090992684401252e-03 3.295756337410605478e-03
2.000000000000000000e+00 3.342588872680482635e-03 3.161659494694064616e-03 3.523518250666900654e-03
2.100000000000000089e+00 3.317588372054124709e-03 3.203992498581057641e-03 3.431184245527191777e-03
2.200000000000000178e+00 3.347855753429509161e-03 3.305631160494375016e-03 3.390080346364643307e-03
2.299999999999999822e+00 3.415946686066631890e-03 3.306059090801872612e-03 3.525834281331391602e-03
2.399999999999999911e+00 3.440603771649024603e-03 3.299408891334734521e-03 3.581798651963314251e-03
2.500000000000000000e+00 3.423824847560916207e-03 3.366743758596083685e-03 3.480905936525748295e-03
2.600000000000000089e+00 3.471172302121518574e-03 3.307341281910886662e-03 3.635003322332150053e-03
2.700000000000000178e+00 3.431284757252735067e-03 3.279865775490068292e-03 3.582703739015402275e-03
2.799999999999999822e+00 3.578230381842338950e-03 3.532171460846443654e-03 3.624289302838234247e-03
2.899999999999999911e+00 3.530873371615489593e-03 3.434719765146887829e-03 3.627026978084090924e-03
3.000000000000000000e+00 3.558592921234368482e-03 3.398486909253836761e-03 3.718698933214900637e-03
3.100000000000000089e+00 3.450434300448505971e-03 3.215732380988829252e-03 3.685136219908182256e-03
3.200000000000000178e+00 3.586458148845243256e-03 3.516166400979253530e-03 3.656749896711232982e-03
3.299999999999999822e+00 3.548401675787409178e-03 3.420312606811824752e-03 3.676490744762993604e-03
3.399999999999999911e+00 3.658582233994961495e-03 3.520095928096456887e-03 3.797068539893466103e-03
3.500000000000000000e+00 3.582545963791722559e-03 3.468916164839413226e-03 3.696175762744031892e-03
3.600000000000000089e+00 3.625441498384429292e-03 3.472801588077717352e-03 3.778081408691140800e-03
3.700000000000000178e+00 3.628487977991004705e-03 3.617132345603927754e-03 3.639843610378081656e-03
3.799999999999999822e+00 3.646582386000952331e-03 3.526799002934018212e-03 3.766365769067886015e-03
3.899999999999999911e+00 3.566446198861161938e-03 3.473160505037437527e-03 3.659731892684885916e-03
4.000000000000000000e+00 3.586965010709038809e-03 3.460859056090986614e-03 3.713070965327091005e-03
6.000000000000000000e+00 3.932086759307855742e-03 3.700329424664557890e-03 4.163844093951154027e-03
8.000000000000000000e+00 4.007611556643054032e-03 3.804205983040170706e-03 4.211017130245938225e-03
1.000000000000000000e+01 4.140024815331807238e-03 3.891626343199159222e-03 4.388423287464455688e-03
1.200000000000000000e+01 4.383933412581960364e-03 4.181991105077338677e-03 4.585875720086582050e-03
1.400000000000000000e+01 4.604552979901463394e-03 4.363120683155146881e-03 4.845985276647779040e-03
1.600000000000000000e+01 4.682273350126830991e-03 4.450427130533901252e-03 4.914119569719760730e-03
1.800000000000000000e+01 4.755638686634710427e-03 4.664790019199050591e-03 4.846487354070371130e-03
2.000000000000000000e+01 4.609321043918278293e-03 4.457752236613151536e-03 4.760889851223405050e-03
2.200000000000000000e+01 4.571008182739393598e-03 4.456475535714743072e-03 4.685540829764044124e-03
2.400000000000000000e+01 4.445720433129977424e-03 4.320580289566965972e-03 4.570860576692988876e-03
2.600000000000000000e+01 4.182649695678865298e-03 3.989675916433382992e-03 4.375623474924348472e-03
2.800000000000000000e+01 4.191960577016856822e-03 4.061986618045072654e-03 4.321934535988640989e-03
3.000000000000000000e+01 4.124715269670719067e-03 4.045503085018905751e-03 4.203927454322533251e-03
3.200000000000000000e+01 4.035490843746483355e-03 3.939006966751078601e-03 4.131974720741888978e-03
3.400000000000000000e+01 3.806834538660282437e-03 3.682677784349003367e-03 3.930991292971561940e-03
3.600000000000000000e+01 3.705801212918724639e-03 3.553970810131434638e-03 3.857631615706014639e-03
3.800000000000000000e+01 3.442184727039239618e-03 3.379251298842421945e-03 3.505118155236057725e-03
4.000000000000000000e+01 3.303745143006289395e-03 3.174992133984811272e-03 3.432498152027767518e-03
4.200000000000000000e+01 3.221417810852873851e-03 3.252388628374648909e-03 3.190446993331098793e-03
4.400000000000000000e+01 3.244567344533544340e-03 3.080513596327238892e-03 3.408621092739850221e-03
4.600000000000000000e+01 3.146546627132215147e-03 3.033645160803598913e-03 3.259448093460831381e-03
4.800000000000000000e+01 3.291157637904952235e-03 3.208540014258425780e-03 3.373775261551479124e-03
5.000000000000000000e+01 3.249219673472243490e-03 3.240342661357053112e-03 3.258096685587434302e-03
5.200000000000000000e+01 3.139878971341898001e-03 2.954265014474694636e-03 3.325492928209101799e-03
5.400000000000000000e+01 3.136382526733523177e-03 2.981775646955747965e-03 3.290989406511298388e-03
5.600000000000000000e+01 3.053825580186042034e-03 2.986049619530910249e-03 3.121601540841173819e-03
5.800000000000000000e+01 3.112013828381386335e-03 3.065065692198820461e-03 3.158961964563951775e-03
6.000000000000000000e+01 3.036498517627393527e-03 2.993919655947600324e-03 3.079077379307187164e-03
6.200000000000000000e+01 3.098473327053879664e-03 3.077276115458817303e-03 3.119670538648942459e-03
6.400000000000000000e+01 2.938415473684057033e-03 2.785273630266256288e-03 3.091557317101857345e-03
6.600000000000000000e+01 2.963574990974349090e-03 2.961320046442396294e-03 2.965829935506301886e-03
6.800000000000000000e+01 2.962542934880153193e-03 2.851503709308727229e-03 3.073582160451579157e-03
7.000000000000000000e+01 2.967902082902493591e-03 2.934658901359110759e-03 3.001145264445875989e-03
7.200000000000000000e+01 2.860771478924911682e-03 2.815932636625481222e-03 2.905610321224341708e-03
7.400000000000000000e+01 2.806121700005064293e-03 2.797561687330667700e-03 2.814681712679461319e-03
7.600000000000000000e+01 2.804065835204993824e-03 2.687937454284467301e-03 2.920194216125520346e-03
7.800000000000000000e+01 2.749011096443386253e-03 2.788214994145574253e-03 2.709807198741198252e-03
8.000000000000000000e+01 2.736323366750318190e-03 2.668543920349311736e-03 2.804102813151324210e-03
8.200000000000000000e+01 2.719983712206201602e-03 2.743499743778114990e-03 2.696467680634288648e-03
8.400000000000000000e+01 2.679379373564075469e-03 2.656493965645942770e-03 2.702264781482208167e-03
8.600000000000000000e+01 2.684738191169169785e-03 2.608269271929821841e-03 2.761207110408517729e-03
8.800000000000000000e+01 2.735323769651461061e-03 2.781851826905098763e-03 2.688795712397823359e-03
9.000000000000000000e+01 2.715776533227960959e-03 2.777783241875359833e-03 2.653769824580562084e-03
9.200000000000000000e+01 2.694289025695729284e-03 2.784556011979475235e-03 2.604022039411983767e-03
9.400000000000000000e+01 2.641669914303294234e-03 2.767576871023995008e-03 2.515762957582593461e-03
9.600000000000000000e+01 2.630926655193749960e-03 2.611851453535126658e-03 2.650001856852373262e-03
9.800000000000000000e+01 2.754384251862850366e-03 2.688431075304511565e-03 2.820337428421189167e-03
1.000000000000000000e+02 2.634894176896828821e-03 2.560002647415433354e-03 2.709785706378224288e-03
1.020000000000000000e+02 2.539665998065101030e-03 2.520173180190001493e-03 2.559158815940200133e-03
1.040000000000000000e+02 2.508137975914421884e-03 2.474760993591463773e-03 2.541514958237380429e-03
1.060000000000000000e+02 2.594823751861442471e-03 2.547571734682526397e-03 2.642075769040358544e-03
1.080000000000000000e+02 2.539738831516448730e-03 2.515962484275111391e-03 2.563515178757786069e-03
1.100000000000000000e+02 2.491184893341951215e-03 2.449304779991872544e-03 2.533065006692029886e-03
1.120000000000000000e+02 2.485669380926668059e-03 2.401334201795539674e-03 2.570004560057796445e-03
1.140000000000000000e+02 2.439609055968141281e-03 2.370818815653461236e-03 2.508399296282821326e-03
1.160000000000000000e+02 2.403965505970231085e-03 2.448104189500246650e-03 2.359826822440215955e-03
1.180000000000000000e+02 2.298731647256617265e-03 2.303211823475413179e-03 2.294251471037821784e-03
1.200000000000000000e+02 2.226548850587430420e-03 2.266679817254209795e-03 2.186417883920651044e-03
1.220000000000000000e+02 2.150007063332842229e-03 2.119655260996904881e-03 2.180358865668779143e-03
1.240000000000000000e+02 2.063844559045532531e-03 2.109794287097942981e-03 2.017894830993121648e-03
1.260000000000000000e+02 2.074183104493853083e-03 2.127992170404993059e-03 2.020374038582713541e-03
1.280000000000000000e+02 2.033132694439706255e-03 2.106549584683587665e-03 1.959715804195825278e-03
1.300000000000000000e+02 2.138543081534530124e-03 2.122992198592128614e-03 2.154093964476931633e-03
1.320000000000000000e+02 2.236916942920500612e-03 2.266222453682445372e-03 2.207611432158555851e-03
1.340000000000000000e+02 2.389490793674750677e-03 2.420184031551519347e-03 2.358797555797982008e-03
1.360000000000000000e+02 2.361966912747906835e-03 2.367202155097914654e-03 2.356731670397899017e-03
1.380000000000000000e+02 2.285833312040398864e-03 2.281868733371735999e-03 2.289797890709062162e-03
1.400000000000000000e+02 2.295424555718624231e-03 2.209695668461087500e-03 2.381153442976160963e-03
1.420000000000000000e+02 2.159155852570432063e-03 2.213481323363809036e-03 2.104830381777054657e-03
1.440000000000000000e+02 2.179752517617424695e-03 2.129606033071972711e-03 2.229899002162876679e-03
1.460000000000000000e+02 2.252521235301836559e-03 2.260198163871475572e-03 2.244844306732197980e-03
1.480000000000000000e+02 2.183606050377044812e-03 2.150403143676270484e-03 2.216808957077818706e-03
1.500000000000000000e+02 2.090341334932050311e-03 2.161156193124094422e-03 2.019526476740006200e-03
1.520000000000000000e+02 2.179775539525145162e-03 2.167135680959815600e-03 2.192415398090474723e-03
1.540000000000000000e+02 1.995085684757345185e-03 2.022011650326253126e-03 1.968159719188436810e-03
1.560000000000000000e+02 2.012194740840893975e-03 2.049237168049366283e-03 1.975152313632421233e-03
1.580000000000000000e+02 2.088793169521440535e-03 2.173021497576435590e-03 2.004564841466445913e-03
1.600000000000000000e+02 2.044478316098612310e-03 2.077035809696759806e-03 2.011920822500464813e-03
1.620000000000000000e+02 2.017647849960826564e-03 2.090959877883167943e-03 1.944335822038485402e-03
1.640000000000000000e+02 2.004364231173860235e-03 1.974251010160422634e-03 2.034477452187297836e-03
1.660000000000000000e+02 1.994997058208910004e-03 1.999434744018369937e-03 1.990559372399449637e-03
1.680000000000000000e+02 2.125654886111106624e-03 2.113382818588530315e-03 2.137926953633682500e-03
1.700000000000000000e+02 2.052811475687358299e-03 2.020129517258366196e-03 2.085493434116349968e-03
1.720000000000000000e+02 2.060801062768206123e-03 2.100099067111475901e-03 2.021503058424936345e-03
1.740000000000000000e+02 2.013198564719815079e-03 2.051362325907143003e-03 1.975034803532486720e-03
1.760000000000000000e+02 1.928722254852484070e-03 1.984712207684716668e-03 1.872732302020251472e-03
1.780000000000000000e+02 1.955784737710621231e-03 2.022156685298657011e-03 1.889412790122585884e-03
1.800000000000000000e+02 1.910344568389907207e-03 1.954292659486385475e-03 1.866396477293429156e-03
1.820000000000000000e+02 1.987036295218454901e-03 2.008646136687568164e-03 1.965426453749341638e-03
1.840000000000000000e+02 1.936824726549209001e-03 1.884638667972052999e-03 1.989010785126365220e-03
1.860000000000000000e+02 1.827662689707102925e-03 1.823992522171328070e-03 1.831332857242877997e-03
1.880000000000000000e+02 1.883047603135349279e-03 1.813539660326634597e-03 1.952555545944063961e-03
1.900000000000000000e+02 1.776555434079991978e-03 1.818669410362543397e-03 1.734441457797440342e-03
1.920000000000000000e+02 1.671954783328244518e-03 1.757361592938457917e-03 1.586547973718031336e-03
1.940000000000000000e+02 1.863635860728440549e-03 1.886745343204181006e-03 1.840526378252700310e-03
1.960000000000000000e+02 1.750273613665824643e-03 1.832772120927068796e-03 1.667775106404580489e-03
1.980000000000000000e+02 1.766948640886645359e-03 1.864830635869708063e-03 1.669066645903582655e-03
2.000000000000000000e+02 1.747500637623093352e-03 1.731118546331953008e-03 1.763882728914233696e-03
2.020000000000000000e+02 1.688715444844186364e-03 1.701617778745521080e-03 1.675813110942851649e-03
2.040000000000000000e+02 1.722489175824255120e-03 1.809437913285023673e-03 1.635540438363486350e-03
2.060000000000000000e+02 1.725079332402074421e-03 1.738735328321090083e-03 1.711423336483058758e-03
2.080000000000000000e+02 1.737251173142029563e-03 1.751703486815771359e-03 1.722798859468287766e-03
2.100000000000000000e+02 1.735310085544165392e-03 1.706562904324776964e-03 1.764057266763553603e-03
2.120000000000000000e+02 1.754957159398192693e-03 1.740352393318082228e-03 1.769561925478302941e-03
2.140000000000000000e+02 1.656365545281016007e-03 1.765514177454474438e-03 1.547216913107557794e-03
2.160000000000000000e+02 1.716718472426315622e-03 1.807670140833551788e-03 1.625766804019079456e-03
2.180000000000000000e+02 1.674481913647320143e-03 1.769732058623040005e-03 1.579231768671600280e-03
2.200000000000000000e+02 1.659844502350440055e-03 1.726453003372516648e-03 1.593236001328363245e-03
2.220000000000000000e+02 1.638184141550464703e-03 1.639233032762279791e-03 1.637135250338649615e-03
2.240000000000000000e+02 1.660046969126025614e-03 1.758385065617426536e-03 1.561708872634624476e-03
2.260000000000000000e+02 1.707507584185483009e-03 1.831889861148493183e-03 1.583125307222472619e-03
2.280000000000000000e+02 1.747829057530005939e-03 1.807744960352245661e-03 1.687913154707766216e-03
2.300000000000000000e+02 1.706911621807877298e-03 1.804780261177230637e-03 1.609042982438523960e-03
2.320000000000000000e+02 1.724464900474354141e-03 1.802154683185492809e-03 1.646775117763215257e-03
2.340000000000000000e+02 1.674151776070448381e-03 1.708499518430981997e-03 1.639804033709914765e-03
2.360000000000000000e+02 1.744913117835357203e-03 1.737365254695030954e-03 1.752460980975683235e-03
2.380000000000000000e+02 1.709964812997092840e-03 1.792066115354409329e-03 1.627863510639776566e-03
2.400000000000000000e+02 1.779149069941524412e-03 1.827863704565081075e-03 1.730434435317967749e-03
2.420000000000000000e+02 1.779042344647167786e-03 1.737609143751735761e-03 1.820475545542599811e-03
2.440000000000000000e+02 1.751727725336434810e-03 1.812045919687213730e-03 1.691409530985655673e-03
2.460000000000000000e+02 1.829122748053566873e-03 1.885984541746268343e-03 1.772260954360865186e-03
2.480000000000000000e+02 1.855930282565781530e-03 1.940068249429742573e-03 1.771792315701820704e-03
2.500000000000000000e+02 1.766066287921128942e-03 1.852205563841396747e-03 1.679927012000860921e-03
2.520000000000000000e+02 1.815373646910595955e-03 1.973213669095647948e-03 1.657533624725543962e-03
2.540000000000000000e+02 1.849587783666599905e-03 1.938373574365386161e-03 1.760801992967813649e-03
2.560000000000000000e+02 1.809665370878199694e-03 1.851716055467515559e-03 1.767614686288883829e-03
2.580000000000000000e+02 1.847287516455357187e-03 1.869047756638955249e-03 1.825527276271759342e-03
2.600000000000000000e+02 1.798291772593035376e-03 1.840414192674851403e-03 1.756169352511219349e-03
2.620000000000000000e+02 1.799616792711763611e-03 1.834813212553355367e-03 1.764420372870171855e-03
2.640000000000000000e+02 1.826955724987356505e-03 1.964821367217426448e-03 1.689090082757286563e-03
2.660000000000000000e+02 1.821840609107339137e-03 1.791764356194281912e-03 1.851916862020396579e-03
2.680000000000000000e+02 1.803486617436099622e-03 1.838107294098049798e-03 1.768865940774149229e-03
2.700000000000000000e+02 1.814969791217833049e-03 1.828967358270442312e-03 1.800972224165224003e-03
2.720000000000000000e+02 1.822155162150428716e-03 1.920739765792527348e-03 1.723570558508329869e-03
2.740000000000000000e+02 1.849998017390237087e-03 1.965489879102945772e-03 1.734506155677528402e-03
2.760000000000000000e+02 1.908479365095892572e-03 1.932254357151014929e-03 1.884704373040770433e-03
2.780000000000000000e+02 1.932902325061441537e-03 1.922258257974232510e-03 1.943546392148650347e-03
2.800000000000000000e+02 1.774277632449989400e-03 1.883369729349718396e-03 1.665185535550260621e-03
2.820000000000000000e+02 1.806121950548781555e-03 1.859745552970894006e-03 1.752498348126668888e-03
2.840000000000000000e+02 1.957431584366386805e-03 2.035126058842648151e-03 1.879737109890125242e-03
2.860000000000000000e+02 2.022222789518289456e-03 2.029087330254765974e-03 2.015358248781812939e-03
2.880000000000000000e+02 1.868046721925659820e-03 1.968593533981194584e-03 1.767499909870125056e-03
2.900000000000000000e+02 1.939153535020559857e-03 1.957889662246088246e-03 1.920417407795031685e-03
2.920000000000000000e+02 1.891384430831738852e-03 1.902755333371065893e-03 1.880013528292411810e-03
2.940000000000000000e+02 2.004374955917054453e-03 1.992214961349365095e-03 2.016534950484744244e-03
2.960000000000000000e+02 2.007525124927490683e-03 1.937273971268312512e-03 2.077776278586669287e-03
2.980000000000000000e+02 2.054897042354376056e-03 2.114181112842656359e-03 1.995612971866095754e-03
3.000000000000000000e+02 2.019494868677737965e-03 2.113906426817701439e-03 1.925083310537774491e-03
3.020000000000000000e+02 2.124393268546836272e-03 2.227606906806001413e-03 2.021179630287670698e-03
3.040000000000000000e+02 1.962363182390533620e-03 1.988878507739485785e-03 1.935847857041581238e-03
3.060000000000000000e+02 2.079461335340742050e-03 2.138568786181800629e-03 2.020353884499683471e-03
3.080000000000000000e+02 2.075310336310726145e-03 2.197592529963619378e-03 1.953028142657832478e-03
3.100000000000000000e+02 2.059544172845375123e-03 2.065760896375572978e-03 2.053327449315177269e-03
3.120000000000000000e+02 2.145535627953308339e-03 2.182384342326247964e-03 2.108686913580368714e-03
3.140000000000000000e+02 2.026397605450972438e-03 2.041068516053619591e-03 2.011726694848325718e-03
3.160000000000000000e+02 2.058274510399192223e-03 2.139159089848900307e-03 1.977389930949484571e-03
3.180000000000000000e+02 2.143386425771588721e-03 2.258788615597136056e-03 2.027984235946041387e-03
3.200000000000000000e+02 2.164611182846280530e-03 2.138363593979367757e-03 2.190858771713193303e-03
3.220000000000000000e+02 2.189028469484940922e-03 2.191524897770664049e-03 2.186532041199217794e-03
3.240000000000000000e+02 2.398064793973324685e-03 2.499227931746227181e-03 2.296901656200422623e-03
3.260000000000000000e+02 2.177506875701328351e-03 2.203079589599691267e-03 2.151934161802965002e-03
3.280000000000000000e+02 2.241192964600477976e-03 2.264415848489638883e-03 2.217970080711316634e-03
3.300000000000000000e+02 2.202828400068154377e-03 2.154665653038449324e-03 2.250991147097859864e-03
3.320000000000000000e+02 2.242424876461051979e-03 2.195857088953153281e-03 2.288992663968950243e-03
3.340000000000000000e+02 2.294577737043217592e-03 2.346560029365513632e-03 2.242595444720921552e-03
3.360000000000000000e+02 2.369430467639450661e-03 2.338208887838770424e-03 2.400652047440130898e-03
3.380000000000000000e+02 2.342579063973340529e-03 2.306754573163352553e-03 2.378403554783328072e-03
3.400000000000000000e+02 2.379859373552097902e-03 2.461030487281879679e-03 2.298688259822315692e-03
3.420000000000000000e+02 2.353610411046507932e-03 2.344824624835278263e-03 2.362396197257737602e-03
3.440000000000000000e+02 2.349918989259354440e-03 2.330077103386919962e-03 2.369760875131789353e-03
3.460000000000000000e+02 2.289373172904411637e-03 2.374066958142832633e-03 2.204679387665990642e-03
3.480000000000000000e+02 2.244649327272617463e-03 2.266293558616310280e-03 2.223005095928925080e-03
3.500000000000000000e+02 2.344924791937642167e-03 2.376701266842791947e-03 2.313148317032492820e-03
3.520000000000000000e+02 2.389393720837055916e-03 2.386040171475357213e-03 2.392747270198755053e-03
3.540000000000000000e+02 2.379614215160381647e-03 2.434160668752371939e-03 2.325067761568391355e-03
3.560000000000000000e+02 2.290891381196277429e-03 2.447777389213077505e-03 2.134005373179476920e-03
3.580000000000000000e+02 2.382802546881280115e-03 2.416614697508953895e-03 2.348990396253606335e-03
3.600000000000000000e+02 2.433415848270740079e-03 2.392256605543140093e-03 2.474575090998340065e-03
3.620000000000000000e+02 2.483022029423980707e-03 2.479444512541933293e-03 2.486599546306028120e-03
3.640000000000000000e+02 2.436436503426251364e-03 2.552363927031731962e-03 2.320509079820770766e-03
3.660000000000000000e+02 2.430144022008037287e-03 2.567616449689640555e-03 2.292671594326434453e-03
3.680000000000000000e+02 2.486391155682421503e-03 2.560715022625808211e-03 2.412067288739034795e-03
3.700000000000000000e+02 2.446122173565578803e-03 2.533374991465929885e-03 2.358869355665228155e-03
3.720000000000000000e+02 2.451711124485988873e-03 2.478807732547788894e-03 2.424614516424188852e-03
3.740000000000000000e+02 2.343370667535159962e-03 2.315637088574473874e-03 2.371104246495846050e-03
3.760000000000000000e+02 2.431436546895296338e-03 2.432955890972735794e-03 2.429917202817856881e-03
3.780000000000000000e+02 2.507790859177140650e-03 2.524256350575425356e-03 2.491325367778855944e-03
3.800000000000000000e+02 2.471058985836198634e-03 2.385128641005756101e-03 2.556989330666641167e-03
3.820000000000000000e+02 2.542292866028132703e-03 2.534388011172448649e-03 2.550197720883817191e-03
3.840000000000000000e+02 2.438387453527333503e-03 2.408690266633740050e-03 2.468084640420926956e-03
3.860000000000000000e+02 2.503348500222455329e-03 2.519736369598075520e-03 2.486960630846835139e-03
3.880000000000000000e+02 2.520249927373625388e-03 2.536955349832872766e-03 2.503544504914377578e-03
3.900000000000000000e+02 2.507834993192958883e-03 2.528005170619034795e-03 2.487664815766882972e-03
3.920000000000000000e+02 2.478437991697499294e-03 2.408409040352382704e-03 2.548466943042615885e-03
3.940000000000000000e+02 2.542173579351116562e-03 2.490133878984403335e-03 2.594213279717829789e-03
3.960000000000000000e+02 2.556947589958309154e-03 2.520048092368336930e-03 2.593847087548281811e-03
3.980000000000000000e+02 2.468086158260674942e-03 2.454508296263674828e-03 2.481664020257675490e-03
4.000000000000000000e+02 2.538785431035179771e-03 2.521581496079804575e-03 2.555989365990555401e-03
4.020000000000000000e+02 2.506819422681392032e-03 2.443894947428296247e-03 2.569743897934487382e-03
4.040000000000000000e+02 2.510253338663006976e-03 2.564232002020036972e-03 2.456274675305976981e-03
4.060000000000000000e+02 2.460661183887562567e-03 2.429555201788502483e-03 2.491767165986622217e-03
4.080000000000000000e+02 2.447675376048177691e-03 2.472882024801467335e-03 2.422468727294888047e-03
4.100000000000000000e+02 2.281838526631991496e-03 2.320590844317830040e-03 2.243086208946152953e-03
4.120000000000000000e+02 2.334964012967928083e-03 2.442484031540563538e-03 2.227443994395292629e-03
4.140000000000000000e+02 2.388544044087826095e-03 2.435665578317516324e-03 2.341422509858135867e-03
4.160000000000000000e+02 2.464806544102884217e-03 2.374213667448062982e-03 2.555399420757705885e-03
4.180000000000000000e+02 2.353243004813172518e-03 2.298585578315674987e-03 2.407900431310670050e-03
4.200000000000000000e+02 2.347799539369930036e-03 2.400928529395919553e-03 2.294670549343940952e-03
4.220000000000000000e+02 2.415699143470398640e-03 2.412301916674748636e-03 2.419096370266048644e-03
4.240000000000000000e+02 2.435630205519643231e-03 2.439815146862161881e-03 2.431445264177124581e-03
4.260000000000000000e+02 2.403294204851631581e-03 2.522468352684029483e-03 2.284120057019233246e-03
4.280000000000000000e+02 2.381915462030206702e-03 2.293566727464216824e-03 2.470264196596196581e-03
4.300000000000000000e+02 2.374539624134267869e-03 2.370161488028116586e-03 2.378917760240419586e-03
4.320000000000000000e+02 2.417718216515175704e-03 2.363690837909746250e-03 2.471745595120604724e-03
4.340000000000000000e+02 2.253932209622921609e-03 2.353727926229777240e-03 2.154136493016066412e-03
4.360000000000000000e+02 2.363194698797403941e-03 2.414439480802944762e-03 2.311949916791863121e-03
4.380000000000000000e+02 2.315250366757194526e-03 2.334357920185569247e-03 2.296142813328819806e-03
4.400000000000000000e+02 2.292508272770994553e-03 2.330501501714970364e-03 2.254515043827018742e-03
4.420000000000000000e+02 2.276702911319321461e-03 2.322634677359018338e-03 2.230771145279624584e-03
4.440000000000000000e+02 2.314238626210813818e-03 2.334116625176110328e-03 2.294360627245517741e-03
4.460000000000000000e+02 2.284252676447091554e-03 2.185029494160651859e-03 2.383475858733531683e-03
4.480000000000000000e+02 2.226769929860768216e-03 2.219515088386958372e-03 2.234024771334578493e-03
4.500000000000000000e+02 2.183250833462769581e-03 2.202903304786224450e-03 2.163598362139314280e-03
4.520000000000000000e+02 2.221349909521047085e-03 2.280058785743547221e-03 2.162641033298546948e-03
4.540000000000000000e+02 2.284154585334961969e-03 2.380083157647777062e-03 2.188226013022147309e-03
4.560000000000000000e+02 2.316225474779101332e-03 2.300608181832064156e-03 2.331842767726138941e-03
4.580000000000000000e+02 2.164197938121760912e-03 2.087172544286820895e-03 2.241223331956700929e-03
4.600000000000000000e+02 2.265344471116869339e-03 2.235089659134641398e-03 2.295599283099097714e-03
4.620000000000000000e+02 2.226914099771197357e-03 2.237929389833840602e-03 2.215898809708554545e-03
4.640000000000000000e+02 2.249842816541836044e-03 2.185954671718064787e-03 2.313730961365607301e-03
4.660000000000000000e+02 2.214724490237496811e-03 2.075470271592541258e-03 2.353978708882452364e-03
4.680000000000000000e+02 2.239389564769532406e-03 2.240571782711719886e-03 2.238207346827344926e-03
4.700000000000000000e+02 2.197214486309228849e-03 2.241313529911807996e-03 2.153115442706649701e-03
4.720000000000000000e+02 2.126704339171329138e-03 2.039685510742840231e-03 2.213723167599818045e-03
4.740000000000000000e+02 2.132604308714075754e-03 2.094878688614816749e-03 2.170329928813334759e-03
4.760000000000000000e+02 2.134018633671247965e-03 2.130899184868213520e-03 2.137138082474281976e-03
4.780000000000000000e+02 2.090730185449603436e-03 2.074128014863799163e-03 2.107332356035407708e-03
4.800000000000000000e+02 2.076050518859313444e-03 2.012659477279628555e-03 2.139441560438998767e-03
4.820000000000000000e+02 1.987173757575737450e-03 1.942660711240641169e-03 2.031686803910833297e-03
4.840000000000000000e+02 2.019485696301528271e-03 2.003082393158057972e-03 2.035888999444998137e-03
4.860000000000000000e+02 2.073655559594082213e-03 2.011765581731358825e-03 2.135545537456805601e-03
4.880000000000000000e+02 1.976071514128216380e-03 2.027776045365481134e-03 1.924366982890951625e-03
4.900000000000000000e+02 1.997562613670464740e-03 1.977986772646388863e-03 2.017138454694541051e-03
4.920000000000000000e+02 2.065895678020726253e-03 2.144890054816867182e-03 1.986901301224584891e-03
4.940000000000000000e+02 1.931874297804838389e-03 1.824585529886527981e-03 2.039163065723148798e-03
4.960000000000000000e+02 1.986076771444712612e-03 1.946210904669386146e-03 2.025942638220039078e-03
4.980000000000000000e+02 1.885661289830769475e-03 1.866186275574180159e-03 1.905136304087358574e-03
5.000000000000000000e+02 1.960357212472978259e-03 2.029661745791262826e-03 1.891052679154693909e-03
