# delays[ps] delta_averaged scan 0 scan 1
-2.000000000000000000e+01 7.990651977492041448e-05 1.042927100077654142e-04 5.552032954207542149e-05
-1.800000000000000000e+01 6.992580998801789353e-05 2.637486676503109217e-05 1.134767532110046983e-04
-1.600000000000000000e+01 5.155311584487776388e-05 4.833465198370013021e-05 5.477157970605539756e-05
-1.400000000000000000e+01 5.689377142198515460e-05 8.807758095818318941e-05 2.570996188578711302e-05
-1.200000000000000000e+01 8.609483152913250282e-05 1.044864616501833880e-04 6.770320140808161761e-05
-1.000000000000000000e+01 5.030784575392566551e-05 2.730184651387412923e-05 7.331384499397719501e-05
-8.000000000000000000e+00 6.916737437437325516e-05 9.445288934396833813e-05 4.388185940477817897e-05
-6.000000000000000000e+00 2.025536525807547576e-05 4.490250818380259304e-05 -4.391777667651641521e-06
-4.000000000000000000e+00 1.250361055185061915e-05 4.726546148588917112e-06 2.028067495511232118e-05
-2.000000000000000000e+00 5.714979972733114240e-05 6.132688214068705108e-05 5.297271731397524050e-05
-1.899999999999999911e+00 3.144834590338579667e-05 2.338436695354850886e-05 3.951232485322308787e-05
-1.800000000000000044e+00 1.647495329631931343e-05 7.384898056420662938e-05 -4.089907397156800252e-05
-1.699999999999999956e+00 2.497703275457141596e-05 6.424238842964569271e-05 -1.428832292050286079e-05
-1.600000000000000089e+00 2.370793990361569052e-05 -4.611074241041834956e-05 9.352662221764973061e-05
-1.500000000000000000e+00 1.705230560726006441e-05 3.953360343633361215e-06 3.015125087088677100e-05
-1.399999999999999911e+00 6.218421918799616269e-05 1.081540054226186613e-04 1.621443295337365729e-05
-1.300000000000000044e+00 5.610011420360294947e-05 3.735237977725513971e-05 7.484784862995075923e-05
-1.199999999999999956e+00 8.720885668755561763e-06 2.193962698858065044e-05 -4.497855651069526916e-06
-1.100000000000000089e+00 6.949532314351691709e-06 5.600289977954697550e-06 8.298774650748685867e-06
-1.000000000000000000e+00 3.502678137495540678e-05 -7.921623391549336796e-06 7.797518614146015375e-05
-9.000000000000000222e-01 6.076742812443524560e-05 5.343644380972245356e-05 6.809841243914804441e-05
-8.000000000000000444e-01 3.321383233016583775e-05 4.644620087545503202e-05 1.998146378487664009e-05
-6.999999999999999556e-01 -1.045158234766643243e-06 -3.707398381776738763e-05 3.498366734823410114e-05
-5.999999999999999778e-01 7.989006645872153767e-05 9.992876261868332774e-05 5.985137029875975439e-05
-5.000000000000000000e-01 5.948065297615762106e-05 4.927410713712065699e-05 6.968719881519458512e-05
-4.000000000000000222e-01 7.383627733831538804e-05 1.614424583236040550e-05 1.315283088442703672e-04
-2.999999999999999889e-01 -1.242694380900789017e-04 -2.725153949863989847e-05 -2.212873366815178947e-04
-2.000000000000000111e-01 -4.491389373745221548e-04 -3.075861052278488876e-04 -5.906917695211954221e-04
-1.000000000000000056e-01 -8.599899175787577895e-04 -8.336269669162373617e-04 -8.863528682412781089e-04
-0.000000000000000000e+00 -1.229475147224603875e-03 -1.145621054896796840e-03 -1.313329239552410693e-03
1.000000000000000056e-01 -1.375948758782160469e-03 -1.382238095727604055e-03 -1.369659421836716667e-03
2.000000000000000111e-01 -1.599596764745097113e-03 -1.672753286239925773e-03 -1.526440243250268237e-03
2.999999999999999889e-01 -1.745783125244178193e-03 -1.754645367727124781e-03 -1.736920882761231605e-03
4.000000000000000222e-01 -1.760259651395893301e-03 -1.739296331074305542e-03 -1.781222971717481059e-03
5.000000000000000000e-01 -1.887440152487817940e-03 -1.905835972144100067e-03 -1.869044332831535813e-03
5.999999999999999778e-01 -1.924565611677770977e-03 -1.940745079377145712e-03 -1.908386143978396243e-03
6.999999999999999556e-01 -2.004787754388354798e-03 -1.973454212709935957e-03 -2.036121296066774073e-03
8.000000000000000444e-01 -1.999470855415911002e-03 -2.026762192064336752e-03 -1.972179518767485252e-03
9.000000000000000222e-01 -1.932233877493086220e-03 -2.032678560478740678e-03 -1.831789194507431979e-03
1.000000000000000000e+00 -2.066865330111427972e-03 -2.095838922444033525e-03 -2.037891737778821984e-03
1.100000000000000089e+00 -2.085727790368999308e-03 -2.134917987919286806e-03 -2.036537592818712245e-03
1.199999999999999956e+00 -2.055587528819319276e-03 -2.064851284992966218e-03 -2.046323772645672768e-03
1.300000000000000044e+00 -2.075226586530880615e-03 -2.142378941363273694e-03 -2.008074231698487536e-03
1.399999999999999911e+00 -2.145965371030231390e-03 -2.095283519983359623e-03 -2.196647222077103591e-03
1.500000000000000000e+00 -2.061479267890932703e-03 -2.079921740006438272e-03 -2.043036795775427135e-03
1.600000000000000089e+00 -2.189214231005334743e-03 -2.274021363833893770e-03 -2.104407098176775282e-03
1.699999999999999956e+00 -2.169104566323843547e-03 -2.221107023463915215e-03 -2.117102109183772313e-03
1.800000000000000044e+00 -2.087308651517907725e-03 -2.231792535026829935e-03 -1.942824768008985731e-03
1.899999999999999911e+00 -2.063888507368357231e-03 -2.053666222420116611e-03 -2.074110792316598284e-03
2.000000000000000000e+00 -2.082229860062107581e-03 -2.067383613095193865e-03 -2.097076107029021298e-03
2.100000000000000089e+00 -2.163379533989690136e-03 -2.308157708598701334e-03 -2.018601359380679371e-03
2.200000000000000178e+00 -2.184252771141427431e-03 -2.255982957665675619e-03 -2.112522584617179244e-03
2.299999999999999822e+00 -2.181565333444372701e-03 -2.198832387254625459e-03 -2.164298279634120376e-03
2.399999999999999911e+00 -2.183489913614922694e-03 -2.255795986674503494e-03 -2.111183840555341459e-03
2.500000000000000000e+00 -2.125712699162559099e-03 -2.127001604650207399e-03 -2.124423793674910799e-03
2.600000000000000089e+00 -2.152521314699601569e-03 -2.172186112530548243e-03 -2.132856516868654895e-03
2.700000000000000178e+00 -2.158585757907853422e-03 -2.199314477210087809e-03 -2.117857038605619035e-03
2.799999999999999822e+00 -2.075008166205622763e-03 -2.174277699495699712e-03 -1.975738632915545381e-03
2.899999999999999911e+00 -2.135568870666766129e-03 -2.251129328793799195e-03 -2.020008412539732630e-03
3.000000000000000000e+00 -2.118919194207090004e-03 -2.090939794798764555e-03 -2.146898593615415886e-03
3.100000000000000089e+00 -2.094376509042570472e-03 -2.130905916909396711e-03 -2.057847101175744667e-03
3.200000000000000178e+00 -2.113514671107345842e-03 -2.178002150478972661e-03 -2.049027191735719022e-03
3.299999999999999822e+00 -2.122038668584258839e-03 -2.286592597779868192e-03 -1.957484739388649485e-03
3.399999999999999911e+00 -2.078893348043924037e-03 -2.056962472116374493e-03 -2.100824223971473580e-03
3.500000000000000000e+00 -2.197976876938289269e-03 -2.221195031443948600e-03 -2.174758722432629503e-03
3.600000000000000089e+00 -2.119933503960457627e-03 -2.124395652384921968e-03 -2.115471355535993719e-03
3.700000000000000178e+00 -2.144064609204140038e-03 -2.187740877586520465e-03 -2.100388340821759611e-03
3.799999999999999822e+00 -2.208383254562120909e-03 -2.278614235018304283e-03 -2.138152274105937969e-03
3.899999999999999911e+00 -2.123016069515861522e-03 -2.279839219360267882e-03 -1.966192919671455163e-03
4.000000000000000000e+00 -2.050051705249721253e-03 -2.049766674076607641e-03 -2.050336736422834431e-03
5.000000000000000000e+00 -1.979389831624206800e-03 -2.077587501433394469e-03 -1.881192161815019130e-03
6.000000000000000000e+00 -1.954929131166475466e-03 -2.040417346887863151e-03 -1.869440915445088214e-03
7.000000000000000000e+00 -1.907987341716449502e-03 -1.899450896308422891e-03 -1.916523787124476113e-03
8.000000000000000000e+00 -1.879414439835923583e-03 -1.933392541215186956e-03 -1.825436338456659993e-03
9.000000000000000000e+00 -1.844031082562150575e-03 -1.859025631543834850e-03 -1.829036533580466082e-03
1.000000000000000000e+01 -1.834101524881733003e-03 -1.879262003196697714e-03 -1.788941046566768509e-03
1.100000000000000000e+01 -1.749840797808525309e-03 -1.787759219262748242e-03 -1.711922376354302376e-03
1.200000000000000000e+01 -1.769531179461956115e-03 -1.821088204375079581e-03 -1.717974154548832432e-03
1.300000000000000000e+01 -1.720343012266538091e-03 -1.748603801895367649e-03 -1.692082222637708317e-03
1.400000000000000000e+01 -1.664742814469410189e-03 -1.719731090059317376e-03 -1.609754538879503002e-03
1.500000000000000000e+01 -1.694512493837914153e-03 -1.714194952215349586e-03 -1.674830035460478503e-03
1.600000000000000000e+01 -1.760832984740192102e-03 -1.735914571775296674e-03 -1.785751397705087314e-03
1.700000000000000000e+01 -1.841541052275285154e-03 -1.889907313220402871e-03 -1.793174791330167219e-03
1.800000000000000000e+01 -1.789331093861656636e-03 -1.721699993818000046e-03 -1.856962193905313009e-03
1.900000000000000000e+01 -1.779086896599249091e-03 -1.821624659487767767e-03 -1.736549133710730414e-03
2.000000000000000000e+01 -1.744185252051102522e-03 -1.750414112076296861e-03 -1.737956392025908183e-03
2.100000000000000000e+01 -1.785504815938194004e-03 -1.816045762800770971e-03 -1.754963869075616819e-03
2.200000000000000000e+01 -1.697585485191851259e-03 -1.715783739171228804e-03 -1.679387231212473713e-03
2.300000000000000000e+01 -1.647221409751712957e-03 -1.689843012817681929e-03 -1.604599806685743984e-03
2.400000000000000000e+01 -1.664652432578650823e-03 -1.763381490969924501e-03 -1.565923374187377362e-03
2.500000000000000000e+01 -1.570256005367354473e-03 -1.616973640924548308e-03 -1.523538369810160638e-03
2.600000000000000000e+01 -1.599268487484242036e-03 -1.576270122587054281e-03 -1.622266852381429791e-03
2.700000000000000000e+01 -1.589857106640847921e-03 -1.667752023811013050e-03 -1.511962189470682791e-03
2.800000000000000000e+01 -1.620145573094923866e-03 -1.670026479568102263e-03 -1.570264666621745686e-03
2.900000000000000000e+01 -1.503519088871313990e-03 -1.495294328509268710e-03 -1.511743849233359487e-03
3.000000000000000000e+01 -1.542711080901076632e-03 -1.552517141169296741e-03 -1.532905020632856522e-03
3.100000000000000000e+01 -1.428268349470518828e-03 -1.491200525326135491e-03 -1.365336173614901949e-03
3.200000000000000000e+01 -1.464072681736009948e-03 -1.517153856112406695e-03 -1.410991507359613418e-03
3.300000000000000000e+01 -1.482521644699422853e-03 -1.533095715873330394e-03 -1.431947573525515095e-03
3.400000000000000000e+01 -1.479810755718934286e-03 -1.551114972118044838e-03 -1.408506539319823734e-03
3.500000000000000000e+01 -1.470793087622903478e-03 -1.493585834966108588e-03 -1.448000340279698367e-03
3.600000000000000000e+01 -1.385231754649354514e-03 -1.405475394451134296e-03 -1.364988114847574732e-03
3.700000000000000000e+01 -1.335189369908739571e-03 -1.327019408157479197e-03 -1.343359331659999944e-03
3.800000000000000000e+01 -1.369451606632637397e-03 -1.345387537113682929e-03 -1.393515676151591866e-03
3.900000000000000000e+01 -1.388613266935244221e-03 -1.430713986757700847e-03 -1.346512547112787596e-03
4.000000000000000000e+01 -1.317051946018643269e-03 -1.343083968071005644e-03 -1.291019923966281110e-03
4.100000000000000000e+01 -1.382031945473915883e-03 -1.370035336104142047e-03 -1.394028554843689503e-03
4.200000000000000000e+01 -1.332490121655054063e-03 -1.349875950448009522e-03 -1.315104292862098387e-03
4.300000000000000000e+01 -1.325616218573276179e-03 -1.359155246971318091e-03 -1.292077190175234267e-03
4.400000000000000000e+01 -1.291869729927792865e-03 -1.322718189291542364e-03 -1.261021270564043366e-03
4.500000000000000000e+01 -1.356019253851945515e-03 -1.279985612148399439e-03 -1.432052895555491591e-03
4.600000000000000000e+01 -1.322010154963951592e-03 -1.284982869735344126e-03 -1.359037440192558841e-03
4.700000000000000000e+01 -1.295149892810145906e-03 -1.240334229890348782e-03 -1.349965555729943029e-03
4.800000000000000000e+01 -1.265942251429715091e-03 -1.231616687679194669e-03 -1.300267815180235513e-03
4.900000000000000000e+01 -1.221178845081011093e-03 -1.179966531509824392e-03 -1.262391158652197577e-03
5.000000000000000000e+01 -1.249358640840573641e-03 -1.252816814181201754e-03 -1.245900467499945746e-03
5.100000000000000000e+01 -1.194735564996476408e-03 -1.217316708159906120e-03 -1.172154421833046696e-03
5.200000000000000000e+01 -1.225691042174522228e-03 -1.215136511847171325e-03 -1.236245572501873131e-03
5.300000000000000000e+01 -1.293792662625410043e-03 -1.308047077634175463e-03 -1.279538247616644623e-03
5.400000000000000000e+01 -1.258519975502771487e-03 -1.287519336110669018e-03 -1.229520614894873956e-03
5.500000000000000000e+01 -1.200808470811858724e-03 -1.184457109085944792e-03 -1.217159832537772655e-03
5.600000000000000000e+01 -1.171790897812493215e-03 -1.196705878348116410e-03 -1.146875917276870020e-03
5.700000000000000000e+01 -1.122959136568784906e-03 -1.140452998875868870e-03 -1.105465274261700943e-03
5.800000000000000000e+01 -1.124280069181983130e-03 -1.131746413766160971e-03 -1.116813724597805289e-03
5.900000000000000000e+01 -1.166608941386214609e-03 -1.167664485419869997e-03 -1.165553397352559004e-03
6.000000000000000000e+01 -1.186831601646563253e-03 -1.139627555705498372e-03 -1.234035647587628133e-03
6.100000000000000000e+01 -1.097157253898161256e-03 -1.061246897802399763e-03 -1.133067609993922533e-03
6.200000000000000000e+01 -1.140834684485680884e-03 -1.138403937719028366e-03 -1.143265431252333403e-03
6.300000000000000000e+01 -1.134509514039236649e-03 -1.133512686234993457e-03 -1.135506341843479624e-03
6.400000000000000000e+01 -1.118054619823269369e-03 -1.106383647049251264e-03 -1.129725592597287257e-03
6.500000000000000000e+01 -1.121799816799044563e-03 -1.116088435686382043e-03 -1.127511197911707083e-03
6.600000000000000000e+01 -1.181697328076246507e-03 -1.161740061487972131e-03 -1.201654594664520667e-03
6.700000000000000000e+01 -1.147279792305779325e-03 -1.186587869229536671e-03 -1.107971715382022196e-03
6.800000000000000000e+01 -1.124079137586316522e-03 -1.144712261986249304e-03 -1.103446013186383957e-03
6.900000000000000000e+01 -1.113811815723449866e-03 -1.059485077137178573e-03 -1.168138554309721159e-03
7.000000000000000000e+01 -1.183601534298086514e-03 -1.247789727241773979e-03 -1.119413341354399266e-03
7.100000000000000000e+01 -1.169413722334391960e-03 -1.173664848703492945e-03 -1.165162595965290974e-03
7.200000000000000000e+01 -1.151812517756851820e-03 -1.138806090363166405e-03 -1.164818945150537235e-03
7.300000000000000000e+01 -1.165810069277735655e-03 -1.167065682667364161e-03 -1.164554455888107366e-03
7.400000000000000000e+01 -1.174310436678486797e-03 -1.160299650191348514e-03 -1.188321223165625298e-03
7.500000000000000000e+01 -1.169400346892695251e-03 -1.123065158970009162e-03 -1.215735534815381340e-03
7.600000000000000000e+01 -1.167460802343056950e-03 -1.180868576099496949e-03 -1.154053028586617168e-03
7.700000000000000000e+01 -1.205090695311270606e-03 -1.206351882908969280e-03 -1.203829507713571932e-03
7.800000000000000000e+01 -1.184364085042303744e-03 -1.168628247528230883e-03 -1.200099922556376389e-03
7.900000000000000000e+01 -1.220427859782739419e-03 -1.235070373236126255e-03 -1.205785346329352366e-03
8.000000000000000000e+01 -1.210347830938777059e-03 -1.125970664293214196e-03 -1.294724997584339923e-03
8.100000000000000000e+01 -1.239599811405439666e-03 -1.212945735499031900e-03 -1.266253887311847431e-03
8.200000000000000000e+01 -1.300401493102361751e-03 -1.232690448052366520e-03 -1.368112538152356982e-03
8.300000000000000000e+01 -1.182148067119040847e-03 -1.171808313764892634e-03 -1.192487820473189276e-03
8.400000000000000000e+01 -1.164219256952348912e-03 -1.185153223125638179e-03 -1.143285290779059863e-03
8.500000000000000000e+01 -1.142719228329286407e-03 -1.072074394020218046e-03 -1.213364062638354769e-03
8.600000000000000000e+01 -1.179545011357028975e-03 -1.139771385891715644e-03 -1.219318636822342306e-03
8.700000000000000000e+01 -1.084560576553081357e-03 -1.081024498402115026e-03 -1.088096654704047688e-03
8.800000000000000000e+01 -1.063385090797794221e-03 -1.003103500974982616e-03 -1.123666680620605826e-03
8.900000000000000000e+01 -1.106981743816230117e-03 -1.118283248063206775e-03 -1.095680239569253459e-03
9.000000000000000000e+01 -1.071228682764760552e-03 -1.049626115475561089e-03 -1.092831250053960231e-03
9.100000000000000000e+01 -1.091447620819414053e-03 -1.078300778725218342e-03 -1.104594462913609763e-03
9.200000000000000000e+01 -1.212397111228981144e-03 -1.249523252384998531e-03 -1.175270970072963758e-03
9.300000000000000000e+01 -1.311244632595572751e-03 -1.302580099447667780e-03 -1.319909165743477723e-03
9.400000000000000000e+01 -1.323820049283274151e-03 -1.261339086774117182e-03 -1.386301011792431120e-03
9.500000000000000000e+01 -1.384171267316682908e-03 -1.443211897760359992e-03 -1.325130636873005823e-03
9.600000000000000000e+01 -1.489307566209379340e-03 -1.464900408085856439e-03 -1.513714724332902240e-03
9.700000000000000000e+01 -1.476986729326999412e-03 -1.430902341137157323e-03 -1.523071117516841284e-03
9.800000000000000000e+01 -1.578981601536987456e-03 -1.502688408403236647e-03 -1.655274794670738049e-03
9.900000000000000000e+01 -1.585237852066269729e-03 -1.552948703358575551e-03 -1.617527000773963906e-03
1.000000000000000000e+02 -1.646445262113232881e-03 -1.646803238877872196e-03 -1.646087285348593783e-03
1.010000000000000000e+02 -1.646943820158557493e-03 -1.672462075852739014e-03 -1.621425564464375971e-03
1.020000000000000000e+02 -1.654980415996562407e-03 -1.657487903718863871e-03 -1.652472928274260943e-03
1.030000000000000000e+02 -1.700549063695824207e-03 -1.757109916824219379e-03 -1.643988210567429251e-03
1.040000000000000000e+02 -1.657052559920349673e-03 -1.634402940665012323e-03 -1.679702179175687022e-03
1.050000000000000000e+02 -1.694097324695707264e-03 -1.743676534980811380e-03 -1.644518114410603148e-03
1.060000000000000000e+02 -1.661628779759689607e-03 -1.630300089952802694e-03 -1.692957469566576520e-03
1.070000000000000000e+02 -1.734123879074128769e-03 -1.661989385652644586e-03 -1.806258372495613169e-03
1.080000000000000000e+02 -1.742245815995174330e-03 -1.730624804383269896e-03 -1.753866827607078764e-03
1.090000000000000000e+02 -1.812958960535607580e-03 -1.836096792970824372e-03 -1.789821128100390572e-03
1.100000000000000000e+02 -1.846775566282872743e-03 -1.805714893708723276e-03 -1.887836238857022210e-03
1.110000000000000000e+02 -1.838761657779705225e-03 -1.908150169080936919e-03 -1.769373146478473748e-03
1.120000000000000000e+02 -1.813143687562052781e-03 -1.787482016433508160e-03 -1.838805358690597403e-03
1.130000000000000000e+02 -1.826286926675102854e-03 -1.866720309548219187e-03 -1.785853543801986737e-03
1.140000000000000000e+02 -1.900467552155186458e-03 -1.960549890226591895e-03 -1.840385214083781022e-03
1.150000000000000000e+02 -1.900017459538406832e-03 -1.859516843814277643e-03 -1.940518075262536238e-03
1.160000000000000000e+02 -1.971531485800087115e-03 -1.989363290642468061e-03 -1.953699680957706169e-03
1.170000000000000000e+02 -2.006973179328830001e-03 -2.001448915799038455e-03 -2.012497442858621546e-03
1.180000000000000000e+02 -2.014758427975322889e-03 -2.005701499887489400e-03 -2.023815356063156812e-03
1.190000000000000000e+02 -2.078343630518202610e-03 -2.023146314076510431e-03 -2.133540946959894789e-03
1.200000000000000000e+02 -2.053047901394006863e-03 -2.031448006137692285e-03 -2.074647796650321008e-03
1.210000000000000000e+02 -2.099361257974287007e-03 -2.109264795324266532e-03 -2.089457720624307915e-03
1.220000000000000000e+02 -2.168929328065164874e-03 -2.132866403692334524e-03 -2.204992252437995223e-03
1.230000000000000000e+02 -2.198999371128147837e-03 -2.202281053716461778e-03 -2.195717688539833897e-03
1.240000000000000000e+02 -2.326141546377297024e-03 -2.335334059995080192e-03 -2.316949032759514290e-03
1.250000000000000000e+02 -2.395377133709839824e-03 -2.366814036751064502e-03 -2.423940230668615581e-03
1.260000000000000000e+02 -2.461960413969498454e-03 -2.459971691530151751e-03 -2.463949136408844724e-03
1.270000000000000000e+02 -2.500624691208653584e-03 -2.524390381781512274e-03 -2.476859000635794460e-03
1.280000000000000000e+02 -2.458203652565982972e-03 -2.385557027789531048e-03 -2.530850277342434462e-03
1.290000000000000000e+02 -2.485230766525524208e-03 -2.474863699121755169e-03 -2.495597833929293682e-03
1.300000000000000000e+02 -2.521771393603026816e-03 -2.476026995968097152e-03 -2.567515791237956046e-03
1.310000000000000000e+02 -2.543721898433486117e-03 -2.495230593172044660e-03 -2.592213203694927574e-03
1.320000000000000000e+02 -2.530634381560684446e-03 -2.569777355631588499e-03 -2.491491407489780392e-03
1.330000000000000000e+02 -2.478177044551332919e-03 -2.472726199890801571e-03 -2.483627889211864267e-03
1.340000000000000000e+02 -2.518751852240801864e-03 -2.522866042321369844e-03 -2.514637662160234318e-03
1.350000000000000000e+02 -2.386003430865960354e-03 -2.309213137975776702e-03 -2.462793723756144439e-03
1.360000000000000000e+02 -2.306224782629192737e-03 -2.319641441421424477e-03 -2.292808123836960997e-03
1.370000000000000000e+02 -2.226236816161073547e-03 -2.265838306106006915e-03 -2.186635326216140179e-03
1.380000000000000000e+02 -2.234044297338655134e-03 -2.221048263211621542e-03 -2.247040331465688726e-03
1.390000000000000000e+02 -2.155898764614759804e-03 -2.174327681864289628e-03 -2.137469847365229981e-03
1.400000000000000000e+02 -2.126097266587358495e-03 -2.178133834764876212e-03 -2.074060698409840343e-03
1.410000000000000000e+02 -2.161326546892123907e-03 -2.138150168818071187e-03 -2.184502924966176627e-03
1.420000000000000000e+02 -2.154852279801488038e-03 -2.193058783314635277e-03 -2.116645776288340365e-03
1.430000000000000000e+02 -2.138128802201408156e-03 -2.133828452519738201e-03 -2.142429151883077677e-03
1.440000000000000000e+02 -2.123141344980846671e-03 -2.099310580964200857e-03 -2.146972108997492485e-03
1.450000000000000000e+02 -2.130689565777181896e-03 -2.142993917393705428e-03 -2.118385214160658798e-03
1.460000000000000000e+02 -2.083454948738164628e-03 -2.135679605666317149e-03 -2.031230291810011673e-03
1.470000000000000000e+02 -2.092192499827012775e-03 -2.075293831040320516e-03 -2.109091168613704600e-03
1.480000000000000000e+02 -2.108992858924824999e-03 -2.056212186322797005e-03 -2.161773531526852993e-03
1.490000000000000000e+02 -2.162660139522216106e-03 -2.189299364341421202e-03 -2.136020914703010577e-03
1.500000000000000000e+02 -2.123100693864427447e-03 -2.053920340156673973e-03 -2.192281047572180921e-03
1.510000000000000000e+02 -2.085909006723815455e-03 -2.062368338007993743e-03 -2.109449675439637600e-03
1.520000000000000000e+02 -2.088208168200024473e-03 -2.029204483632301471e-03 -2.147211852767747474e-03
1.530000000000000000e+02 -2.159099259249175340e-03 -2.107449820284293569e-03 -2.210748698214057111e-03
1.540000000000000000e+02 -2.120693703695348837e-03 -2.109275349336151451e-03 -2.132112058054546223e-03
1.550000000000000000e+02 -2.135559417176810006e-03 -2.086933089085345455e-03 -2.184185745268274123e-03
1.560000000000000000e+02 -2.064207213888396772e-03 -2.029556617847891407e-03 -2.098857809928902571e-03
1.570000000000000000e+02 -2.139834990076024818e-03 -2.062060007920145984e-03 -2.217609972231903651e-03
1.580000000000000000e+02 -2.244455998119466219e-03 -2.186115159743193693e-03 -2.302796836495738745e-03
1.590000000000000000e+02 -2.214160287600999179e-03 -2.152626859473647999e-03 -2.275693715728350358e-03
1.600000000000000000e+02 -2.230974925736930840e-03 -2.166201164912232285e-03 -2.295748686561628962e-03
1.610000000000000000e+02 -2.239870434054853400e-03 -2.224390464642286153e-03 -2.255350403467421081e-03
1.620000000000000000e+02 -2.308398501025319023e-03 -2.271305382857843023e-03 -2.345491619192795456e-03
1.630000000000000000e+02 -2.325260447982506994e-03 -2.292079618610941803e-03 -2.358441277354071750e-03
1.640000000000000000e+02 -2.287908028969779656e-03 -2.271861850617761143e-03 -2.303954207321798602e-03
1.650000000000000000e+02 -2.168828757233552153e-03 -2.174390622380578068e-03 -2.163266892086526672e-03
1.660000000000000000e+02 -2.207489909363994675e-03 -2.207288932083889630e-03 -2.207690886644099720e-03
1.670000000000000000e+02 -2.279579473757700932e-03 -2.269776500018118748e-03 -2.289382447497282681e-03
1.680000000000000000e+02 -2.195680869929235619e-03 -2.174018559775523895e-03 -2.217343180082947344e-03
1.690000000000000000e+02 -2.225264069875121549e-03 -2.156592248139034638e-03 -2.293935891611208894e-03
1.700000000000000000e+02 -2.221114669875810799e-03 -2.206006356156935046e-03 -2.236222983594686551e-03
1.710000000000000000e+02 -2.207006200727956897e-03 -2.197070179702634036e-03 -2.216942221753280193e-03
1.720000000000000000e+02 -2.256818565048237211e-03 -2.224960954775970310e-03 -2.288676175320504547e-03
1.730000000000000000e+02 -2.143151023393133608e-03 -2.088138740195805924e-03 -2.198163306590461292e-03
1.740000000000000000e+02 -2.145009900191805451e-03 -2.132820544246936262e-03 -2.157199256136674206e-03
1.750000000000000000e+02 -2.208676174047478381e-03 -2.187624439305339060e-03 -2.229727908789617269e-03
1.760000000000000000e+02 -2.156105663848407843e-03 -2.022184797882240533e-03 -2.290026529814575586e-03
1.770000000000000000e+02 -2.260632897839176536e-03 -2.254911373315630647e-03 -2.266354422362721992e-03
1.780000000000000000e+02 -2.197327362047306418e-03 -2.211104361793808214e-03 -2.183550362300804622e-03
1.790000000000000000e+02 -2.230261366086228481e-03 -2.251954390147966473e-03 -2.208568342024490490e-03
1.800000000000000000e+02 -2.203882770453543735e-03 -2.214358031345408945e-03 -2.193407509561678525e-03
1.810000000000000000e+02 -2.261087680230430309e-03 -2.263819768132455459e-03 -2.258355592328405593e-03
1.820000000000000000e+02 -2.301689038786898164e-03 -2.296103722417784741e-03 -2.307274355156011588e-03
1.830000000000000000e+02 -2.323791800317205267e-03 -2.292629063491822064e-03 -2.354954537142588469e-03
1.840000000000000000e+02 -2.284269586805027542e-03 -2.319377341421291049e-03 -2.249161832188764035e-03
1.850000000000000000e+02 -2.326816846055824138e-03 -2.273750716635608658e-03 -2.379882975476039185e-03
1.860000000000000000e+02 -2.376073659148738009e-03 -2.341916115411647563e-03 -2.410231202885828455e-03
1.870000000000000000e+02 -2.326236016340404913e-03 -2.330733460484500988e-03 -2.321738572196308838e-03
1.880000000000000000e+02 -2.371703496604429633e-03 -2.412070059288765837e-03 -2.331336933920093429e-03
1.890000000000000000e+02 -2.365561154329451528e-03 -2.320650759879272409e-03 -2.410471548779631080e-03
1.900000000000000000e+02 -2.370264042642985028e-03 -2.337802857553811751e-03 -2.402725227732157871e-03
1.910000000000000000e+02 -2.334287938117076203e-03 -2.374282942503045356e-03 -2.294292933731107050e-03
1.920000000000000000e+02 -2.335437271235344617e-03 -2.242286839559023883e-03 -2.428587702911665352e-03
1.930000000000000000e+02 -2.309037147686945034e-03 -2.273831023067957730e-03 -2.344243272305932338e-03
1.940000000000000000e+02 -2.327937227573920187e-03 -2.314218240387899087e-03 -2.341656214759941720e-03
1.950000000000000000e+02 -2.302939423672922641e-03 -2.304242589935326466e-03 -2.301636257410518815e-03
1.960000000000000000e+02 -2.296380315211372404e-03 -2.400694066998956388e-03 -2.192066563423787987e-03
1.970000000000000000e+02 -2.238306535852362285e-03 -2.214767510084092884e-03 -2.261845561620631686e-03
1.980000000000000000e+02 -2.250211787064278126e-03 -2.233894605604926174e-03 -2.266528968523630078e-03
1.990000000000000000e+02 -2.173226890529371055e-03 -2.190515691225487088e-03 -2.155938089833255456e-03
2.000000000000000000e+02 -2.259167684472347150e-03 -2.235658698629978697e-03 -2.282676670314716036e-03
2.010000000000000000e+02 -2.260941199663739354e-03 -2.313802030487130835e-03 -2.208080368840347873e-03
2.020000000000000000e+02 -2.224861137190016578e-03 -2.286830843050251250e-03 -2.162891431329781906e-03
2.030000000000000000e+02 -2.143399598071293270e-03 -2.156551119765897761e-03 -2.130248076376688778e-03
2.040000000000000000e+02 -2.227736685136357930e-03 -2.272061579954073179e-03 -2.183411790318642680e-03
2.050000000000000000e+02 -2.130579882658972021e-03 -2.191085999044673112e-03 -2.070073766273270929e-03
2.060000000000000000e+02 -2.173041392215718359e-03 -2.141069413657446623e-03 -2.205013370773990095e-03
2.070000000000000000e+02 -2.238626082309404589e-03 -2.210367138358830877e-03 -2.266885026259978734e-03
2.080000000000000000e+02 -2.269969511939171763e-03 -2.313243227438851590e-03 -2.226695796439491504e-03
2.090000000000000000e+02 -2.198504520220602703e-03 -2.153291807394152289e-03 -2.243717233047053117e-03
2.100000000000000000e+02 -2.259884874939569344e-03 -2.302718875755421345e-03 -2.217050874123717343e-03
2.110000000000000000e+02 -2.220182871761124457e-03 -2.201537402389445487e-03 -2.238828341132803428e-03
2.120000000000000000e+02 -2.363381380531810391e-03 -2.409395095196900215e-03 -2.317367665866720567e-03
2.130000000000000000e+02 -2.285306280968553948e-03 -2.269441609251396375e-03 -2.301170952685711955e-03
2.140000000000000000e+02 -2.313006174883890619e-03 -2.288982230029090563e-03 -2.337030119738690674e-03
2.150000000000000000e+02 -2.442356504768588166e-03 -2.460519206101012546e-03 -2.424193803436163787e-03
2.160000000000000000e+02 -2.436610779497327441e-03 -2.390994153367639787e-03 -2.482227405627015528e-03
2.170000000000000000e+02 -2.387570614444805249e-03 -2.334087434167412840e-03 -2.441053794722197658e-03
2.180000000000000000e+02 -2.400110429040225660e-03 -2.407852311743988952e-03 -2.392368546336462367e-03
2.190000000000000000e+02 -2.438924155842600843e-03 -2.422177685128891738e-03 -2.455670626556309948e-03
2.200000000000000000e+02 -2.458122841443808812e-03 -2.411928487993566812e-03 -2.504317194894050379e-03
2.210000000000000000e+02 -2.432150617555770521e-03 -2.393331094239922567e-03 -2.470970140871618908e-03
2.220000000000000000e+02 -2.456110358411018810e-03 -2.286415818269063160e-03 -2.625804898552974460e-03
2.230000000000000000e+02 -2.402214560561548307e-03 -2.389173916546009305e-03 -2.415255204577086874e-03
2.240000000000000000e+02 -2.468337194723846991e-03 -2.426396173575012371e-03 -2.510278215872681611e-03
2.250000000000000000e+02 -2.498287818743582557e-03 -2.497681259523783399e-03 -2.498894377963381715e-03
2.260000000000000000e+02 -2.600756021198071585e-03 -2.582715835208132873e-03 -2.618796207188010296e-03
2.270000000000000000e+02 -2.570657500652793158e-03 -2.555311283798800646e-03 -2.586003717506786103e-03
2.280000000000000000e+02 -2.513419991697637881e-03 -2.495394366472175694e-03 -2.531445616923100068e-03
2.290000000000000000e+02 -2.595425849567232265e-03 -2.580271417025679047e-03 -2.610580282108785483e-03
2.300000000000000000e+02 -2.555161328486609679e-03 -2.497441206192707423e-03 -2.612881450780511500e-03
2.310000000000000000e+02 -2.578734882374547621e-03 -2.608068602539126077e-03 -2.549401162209969166e-03
2.320000000000000000e+02 -2.604263774142005598e-03 -2.560129063317768093e-03 -2.648398484966243537e-03
2.330000000000000000e+02 -2.551879412311498264e-03 -2.495747148498955303e-03 -2.608011676124040792e-03
2.340000000000000000e+02 -2.552466398617026302e-03 -2.610486366720549730e-03 -2.494446430513503309e-03
2.350000000000000000e+02 -2.491773235705566254e-03 -2.504591568826229631e-03 -2.478954902584902878e-03
2.360000000000000000e+02 -2.525693913580543543e-03 -2.515367957111127456e-03 -2.536019870049959629e-03
2.370000000000000000e+02 -2.581454368707714921e-03 -2.535177934165878770e-03 -2.627730803249550637e-03
2.380000000000000000e+02 -2.567686480715955337e-03 -2.538995660456260482e-03 -2.596377300975649758e-03
2.390000000000000000e+02 -2.584003730076516250e-03 -2.535881104218022479e-03 -2.632126355935010455e-03
2.400000000000000000e+02 -2.524369892185267771e-03 -2.505229728938126749e-03 -2.543510055432408358e-03
2.410000000000000000e+02 -2.589800661160651142e-03 -2.514920055025469774e-03 -2.664681267295832944e-03
2.420000000000000000e+02 -2.577313770401918822e-03 -2.547282528864811858e-03 -2.607345011939026218e-03
2.430000000000000000e+02 -2.549260028464740355e-03 -2.499071591496373861e-03 -2.599448465433106849e-03
2.440000000000000000e+02 -2.484970142073380378e-03 -2.447221662739494652e-03 -2.522718621407266538e-03
2.450000000000000000e+02 -2.540972240821723089e-03 -2.493021128308898441e-03 -2.588923353334547737e-03
2.460000000000000000e+02 -2.547984338508359897e-03 -2.516405656479267852e-03 -2.579563020537451509e-03
2.470000000000000000e+02 -2.491313050434281091e-03 -2.395634784455153397e-03 -2.586991316413408785e-03
2.480000000000000000e+02 -2.463376452502662704e-03 -2.441330696558947043e-03 -2.485422208446378799e-03
2.490000000000000000e+02 -2.418044280119246645e-03 -2.388366518683018250e-03 -2.447722041555475039e-03
2.500000000000000000e+02 -2.557374446252748575e-03 -2.557052123362715205e-03 -2.557696769142781511e-03
2.510000000000000000e+02 -2.488310265257122345e-03 -2.447931357049246484e-03 -2.528689173464997771e-03
2.520000000000000000e+02 -2.466540867811004185e-03 -2.425511910868823062e-03 -2.507569824753184875e-03
2.530000000000000000e+02 -2.448916373091583869e-03 -2.362567358324040891e-03 -2.535265387859126848e-03
2.540000000000000000e+02 -2.428356217520416614e-03 -2.411101384598184592e-03 -2.445611050442648635e-03
2.550000000000000000e+02 -2.491326694094350008e-03 -2.483643589243408629e-03 -2.499009798945290954e-03
2.560000000000000000e+02 -2.439503986331041131e-03 -2.413038256861178323e-03 -2.465969715800904374e-03
2.570000000000000000e+02 -2.432034855429318979e-03 -2.420505899729575878e-03 -2.443563811129061646e-03
2.580000000000000000e+02 -2.411559556163400675e-03 -2.427443728541116806e-03 -2.395675383785684977e-03
2.590000000000000000e+02 -2.403278291941238556e-03 -2.363090833796615935e-03 -2.443465750085861612e-03
2.600000000000000000e+02 -2.391757569669621802e-03 -2.471268166805217631e-03 -2.312246972534026408e-03
2.610000000000000000e+02 -2.401081711474675404e-03 -2.347736398117456109e-03 -2.454427024831894264e-03
2.620000000000000000e+02 -2.422651593597545741e-03 -2.483287794668126696e-03 -2.362015392526964352e-03
2.630000000000000000e+02 -2.469197998622502631e-03 -2.496092333504189645e-03 -2.442303663740816051e-03
2.640000000000000000e+02 -2.453354056334295340e-03 -2.393922368165997405e-03 -2.512785744502593274e-03
2.650000000000000000e+02 -2.403750751176607966e-03 -2.391664195208053657e-03 -2.415837307145162274e-03
2.660000000000000000e+02 -2.415422501846680933e-03 -2.443426131125340899e-03 -2.387418872568021402e-03
2.670000000000000000e+02 -2.399012036200646059e-03 -2.462052769217540956e-03 -2.335971303183751163e-03
2.680000000000000000e+02 -2.458700767496993771e-03 -2.419133369550482190e-03 -2.498268165443505353e-03
2.690000000000000000e+02 -2.435275546205519382e-03 -2.393265287476604043e-03 -2.477285804934434722e-03
2.700000000000000000e+02 -2.376361743755605292e-03 -2.399414940909558921e-03 -2.353308546601652097e-03
2.710000000000000000e+02 -2.345481327295457184e-03 -2.302411535707434009e-03 -2.388551118883479926e-03
2.720000000000000000e+02 -2.387062911078321418e-03 -2.394102648208157238e-03 -2.380023173948485598e-03
2.730000000000000000e+02 -2.356672950197614795e-03 -2.341790427436272852e-03 -2.371555472958957172e-03
2.740000000000000000e+02 -2.292178441892396123e-03 -2.293537462193515671e-03 -2.290819421591276574e-03
2.750000000000000000e+02 -2.412159485789556242e-03 -2.395845451928524297e-03 -2.428473519650588188e-03
2.760000000000000000e+02 -2.295293171130102609e-03 -2.310789767617645821e-03 -2.279796574642559397e-03
2.770000000000000000e+02 -2.273863238966628269e-03 -2.300050430481581035e-03 -2.247676047451675502e-03
2.780000000000000000e+02 -2.319159597759612966e-03 -2.314124922737921530e-03 -2.324194272781304402e-03
2.790000000000000000e+02 -2.136353896193436859e-03 -2.095967813799259546e-03 -2.176739978587614172e-03
2.800000000000000000e+02 -2.170867541656672142e-03 -2.126545256895969425e-03 -2.215189826417374858e-03
2.810000000000000000e+02 -2.200724941161568207e-03 -2.180550427627917301e-03 -2.220899454695219547e-03
2.820000000000000000e+02 -2.124296642572298232e-03 -2.026939625221365303e-03 -2.221653659923231161e-03
2.830000000000000000e+02 -2.069263451420899798e-03 -2.025570177198650259e-03 -2.112956725643148903e-03
2.840000000000000000e+02 -2.079741391171904298e-03 -1.958580832631747533e-03 -2.200901949712061063e-03
2.850000000000000000e+02 -2.099562513037185781e-03 -1.998102341219363826e-03 -2.201022684855007301e-03
2.860000000000000000e+02 -2.055957227107044292e-03 -2.001533492678050051e-03 -2.110380961536038533e-03
2.870000000000000000e+02 -2.051233971990101650e-03 -1.972645789448624828e-03 -2.129822154531578037e-03
2.880000000000000000e+02 -2.006204582895730962e-03 -1.982406589531345974e-03 -2.030002576260115949e-03
2.890000000000000000e+02 -1.965994410599609856e-03 -1.966061756368619930e-03 -1.965927064830599782e-03
2.900000000000000000e+02 -1.973520049508163936e-03 -1.938584182854406453e-03 -2.008455916161921203e-03
2.910000000000000000e+02 -1.955024169255867219e-03 -1.946428252311446089e-03 -1.963620086200288349e-03
2.920000000000000000e+02 -1.937895316366817968e-03 -1.907153376115759387e-03 -1.968637256617876766e-03
2.930000000000000000e+02 -1.882726418543767283e-03 -1.933956533808140182e-03 -1.831496303279394602e-03
2.940000000000000000e+02 -1.904392114422014375e-03 -1.849467432121344604e-03 -1.959316796722684363e-03
2.950000000000000000e+02 -1.839311542843728893e-03 -1.812625460406153306e-03 -1.865997625281304263e-03
2.960000000000000000e+02 -1.787693263851119260e-03 -1.865437463227374599e-03 -1.709949064474863703e-03
2.970000000000000000e+02 -1.757003401079192031e-03 -1.725433161134007137e-03 -1.788573641024377141e-03
2.980000000000000000e+02 -1.750059538974328048e-03 -1.779897605113147209e-03 -1.720221472835508887e-03
2.990000000000000000e+02 -1.758094169210641568e-03 -1.732979587069845805e-03 -1.783208751351437549e-03
3.000000000000000000e+02 -1.820300394155280636e-03 -1.787430570606875560e-03 -1.853170217703685712e-03
3.010000000000000000e+02 -1.755811949527782490e-03 -1.694304659121096237e-03 -1.817319239934468743e-03
3.020000000000000000e+02 -1.762252741217108917e-03 -1.713191971437196068e-03 -1.811313510997021765e-03
3.030000000000000000e+02 -1.786184453183913912e-03 -1.773665544978821410e-03 -1.798703361389006414e-03
3.040000000000000000e+02 -1.793258068891775796e-03 -1.713025890413768073e-03 -1.873490247369783302e-03
3.050000000000000000e+02 -1.799258282727066779e-03 -1.793613925301687159e-03 -1.804902640152446615e-03
3.060000000000000000e+02 -1.738371216933291483e-03 -1.721495439432838828e-03 -1.755246994433744354e-03
3.070000000000000000e+02 -1.747894692739488873e-03 -1.693713701177861769e-03 -1.802075684301116193e-03
3.080000000000000000e+02 -1.725953269795195422e-03 -1.718775551073026698e-03 -1.733130988517363929e-03
3.090000000000000000e+02 -1.719745928382909348e-03 -1.702614246364983182e-03 -1.736877610400835515e-03
3.100000000000000000e+02 -1.692158952968616592e-03 -1.650161709870327700e-03 -1.734156196066905485e-03
3.110000000000000000e+02 -1.723075688500184510e-03 -1.727630699940564240e-03 -1.718520677059804562e-03
3.120000000000000000e+02 -1.734716178545496392e-03 -1.649050412422707525e-03 -1.820381944668285259e-03
3.130000000000000000e+02 -1.770277767251067589e-03 -1.794844133923476559e-03 -1.745711400578658619e-03
3.140000000000000000e+02 -1.719018839286854099e-03 -1.739913352547812391e-03 -1.698124326025896025e-03
3.150000000000000000e+02 -1.713285101152192029e-03 -1.669159392952758360e-03 -1.757410809351625698e-03
3.160000000000000000e+02 -1.746833985905939073e-03 -1.757801589503036688e-03 -1.735866382308841240e-03
3.170000000000000000e+02 -1.727471178699598259e-03 -1.681528748982302453e-03 -1.773413608416894065e-03
3.180000000000000000e+02 -1.667075267637888047e-03 -1.626794120213904352e-03 -1.707356415061871743e-03
3.190000000000000000e+02 -1.634503365835864464e-03 -1.581940785820411775e-03 -1.687065945851316936e-03
3.200000000000000000e+02 -1.636558112934055967e-03 -1.555680537320476998e-03 -1.717435688547635153e-03
3.210000000000000000e+02 -1.647828953014830299e-03 -1.681323386422194999e-03 -1.614334519607465599e-03
3.220000000000000000e+02 -1.647200344439181527e-03 -1.664082437770808857e-03 -1.630318251107554196e-03
3.230000000000000000e+02 -1.602528492088934036e-03 -1.528765052158766961e-03 -1.676291932019101328e-03
3.240000000000000000e+02 -1.601954898181169248e-03 -1.606916579534363107e-03 -1.596993216827975607e-03
3.250000000000000000e+02 -1.531360468826255435e-03 -1.546256958861060189e-03 -1.516463978791450680e-03
3.260000000000000000e+02 -1.559267327036759033e-03 -1.534497987465316231e-03 -1.584036666608201836e-03
3.270000000000000000e+02 -1.509208741508628101e-03 -1.532398770637092254e-03 -1.486018712380163731e-03
3.280000000000000000e+02 -1.554550933141051654e-03 -1.614028694460985453e-03 -1.495073171821117855e-03
3.290000000000000000e+02 -1.426203921324948427e-03 -1.394645662524804028e-03 -1.457762180125092826e-03
3.300000000000000000e+02 -1.507330061836766044e-03 -1.510603727914176537e-03 -1.504056395759355768e-03
3.310000000000000000e+02 -1.549101600181067816e-03 -1.511193566779027875e-03 -1.587009633583107973e-03
3.320000000000000000e+02 -1.462625614101111925e-03 -1.466813179475913486e-03 -1.458438048726310148e-03
3.330000000000000000e+02 -1.436757275650955281e-03 -1.352658279805196880e-03 -1.520856271496713683e-03
3.340000000000000000e+02 -1.393188069419120257e-03 -1.387318811216380326e-03 -1.399057327621860405e-03
3.350000000000000000e+02 -1.452561724504223542e-03 -1.525728577198764329e-03 -1.379394871809682755e-03
3.360000000000000000e+02 -1.421208212767055036e-03 -1.439883492970534494e-03 -1.402532932563575578e-03
3.370000000000000000e+02 -1.402751196726052807e-03 -1.379521340193448587e-03 -1.425981053258656810e-03
3.380000000000000000e+02 -1.362022364376927995e-03 -1.378777430950547684e-03 -1.345267297803308306e-03
3.390000000000000000e+02 -1.458703088703856539e-03 -1.455041044766009059e-03 -1.462365132641704020e-03
3.400000000000000000e+02 -1.415004543212639238e-03 -1.442935356641914576e-03 -1.387073729783363900e-03
3.410000000000000000e+02 -1.459297790175371990e-03 -1.423630055846712185e-03 -1.494965524504031796e-03
3.420000000000000000e+02 -1.412747269612322056e-03 -1.396575015268563050e-03 -1.428919523956081062e-03
3.430000000000000000e+02 -1.331702957445967056e-03 -1.336256223382115398e-03 -1.327149691509818714e-03
3.440000000000000000e+02 -1.315554040643521563e-03 -1.365807469415832075e-03 -1.265300611871210835e-03
3.450000000000000000e+02 -1.324435759775657428e-03 -1.315618538938634341e-03 -1.333252980612680298e-03
3.460000000000000000e+02 -1.361699943051004544e-03 -1.283703339478436001e-03 -1.439696546623573086e-03
3.470000000000000000e+02 -1.304252167994938375e-03 -1.270229123828698486e-03 -1.338275212161178264e-03
3.480000000000000000e+02 -1.288376919801939189e-03 -1.256226629705175200e-03 -1.320527209898703178e-03
3.490000000000000000e+02 -1.265498526254711133e-03 -1.278203321839387497e-03 -1.252793730670034768e-03
3.500000000000000000e+02 -1.321975566998020556e-03 -1.271123113746667772e-03 -1.372828020249373341e-03
3.510000000000000000e+02 -1.233315183458420349e-03 -1.265898713689490645e-03 -1.200731653227350270e-03
3.520000000000000000e+02 -1.240383649222913127e-03 -1.232704711461917856e-03 -1.248062586983908180e-03
3.530000000000000000e+02 -1.272501113218817235e-03 -1.324953535728697540e-03 -1.220048690708936930e-03
3.540000000000000000e+02 -1.263391619347613987e-03 -1.271204223075972145e-03 -1.255579015619255612e-03
3.550000000000000000e+02 -1.283146737676586248e-03 -1.279620912310023726e-03 -1.286672563043148769e-03
3.560000000000000000e+02 -1.237198281677902040e-03 -1.213287289548732389e-03 -1.261109273807071692e-03
3.570000000000000000e+02 -1.166408396964116381e-03 -1.148161381225757532e-03 -1.184655412702475012e-03
3.580000000000000000e+02 -1.137699642497936193e-03 -1.229533050855742245e-03 -1.045866234140130141e-03
3.590000000000000000e+02 -1.138786434430079939e-03 -1.134828412044524421e-03 -1.142744456815635457e-03
3.600000000000000000e+02 -1.142064207577778677e-03 -1.152562991148996848e-03 -1.131565424006560723e-03
3.610000000000000000e+02 -1.206198907741888289e-03 -1.254672249593553803e-03 -1.157725565890222776e-03
3.620000000000000000e+02 -1.141738469320436461e-03 -1.155105236758950139e-03 -1.128371701881922566e-03
3.630000000000000000e+02 -1.153725833470970168e-03 -1.123260469687574915e-03 -1.184191197254365639e-03
3.640000000000000000e+02 -1.164108037422710833e-03 -1.099271216737660126e-03 -1.228944858107761757e-03
3.650000000000000000e+02 -1.101456555284165226e-03 -1.142498365201082954e-03 -1.060414745367247282e-03
3.660000000000000000e+02 -1.130504697572335239e-03 -1.131227663767374889e-03 -1.129781731377295590e-03
3.670000000000000000e+02 -1.079333102503291040e-03 -1.081119789999120768e-03 -1.077546415007461528e-03
3.680000000000000000e+02 -1.113185560656987459e-03 -1.096290901730263790e-03 -1.130080219583711127e-03
3.690000000000000000e+02 -1.078771651983240036e-03 -1.088419152846849735e-03 -1.069124151119630120e-03
3.700000000000000000e+02 -1.072186152980184222e-03 -1.016377425618315497e-03 -1.127994880342052730e-03
3.710000000000000000e+02 -1.090660544184751755e-03 -1.051795964051987445e-03 -1.129525124317515847e-03
3.720000000000000000e+02 -9.952902850424336870e-04 -9.691893837481486756e-04 -1.021391186336718807e-03
3.730000000000000000e+02 -1.023059891622968808e-03 -9.864071309664845279e-04 -1.059712652279452870e-03
3.740000000000000000e+02 -1.020626479522771706e-03 -1.068603762314763181e-03 -9.726491967307802303e-04
3.750000000000000000e+02 -1.093849538816786581e-03 -1.049967178221257371e-03 -1.137731899412315791e-03
3.760000000000000000e+02 -1.057868132745452437e-03 -1.094732801338595910e-03 -1.021003464152308964e-03
3.770000000000000000e+02 -1.014194795492651081e-03 -9.651634728035668074e-04 -1.063226118181735246e-03
3.780000000000000000e+02 -1.033838761385657027e-03 -1.006385260019513565e-03 -1.061292262751800490e-03
3.790000000000000000e+02 -9.617035431181584701e-04 -1.002639445545355215e-03 -9.207676406909618338e-04
3.800000000000000000e+02 -9.770889942606621713e-04 -9.743358737070816197e-04 -9.798421148142426144e-04
3.810000000000000000e+02 -1.033908923104506512e-03 -1.077746823725062204e-03 -9.900710224839510357e-04
3.820000000000000000e+02 -9.992700419757792087e-04 -9.483534315500046939e-04 -1.050186652401553832e-03
3.830000000000000000e+02 -9.944084014678136480e-04 -9.486985063533116998e-04 -1.040118296582315596e-03
3.840000000000000000e+02 -9.778294264448897551e-04 -1.002063126144311228e-03 -9.535957267454680652e-04
3.850000000000000000e+02 -9.886732379148922400e-04 -9.368090236627971265e-04 -1.040537452166987462e-03
3.860000000000000000e+02 -9.577850084700975132e-04 -8.743192733638849431e-04 -1.041250743576310192e-03
3.870000000000000000e+02 -9.455128886822871791e-04 -9.142748315836811152e-04 -9.767509457808932431e-04
3.880000000000000000e+02 -1.018357541392211560e-03 -9.930854368651992857e-04 -1.043629645919224051e-03
3.890000000000000000e+02 -9.387617141360066024e-04 -9.852262112489290104e-04 -8.922972170230841944e-04
3.900000000000000000e+02 -8.978268719037665315e-04 -8.826992011761059659e-04 -9.129545426314270972e-04
3.910000000000000000e+02 -9.549730523492267528e-04 -9.802298433103122030e-04 -9.297162613881411941e-04
3.920000000000000000e+02 -9.393081456360095720e-04 -9.427079261488032500e-04 -9.359083651232157856e-04
3.930000000000000000e+02 -9.233743097434156215e-04 -9.456181723358109440e-04 -9.011304471510204073e-04
3.940000000000000000e+02 -9.079313274544178070e-04 -9.219817651613198238e-04 -8.938808897475157902e-04
3.950000000000000000e+02 -8.709817648301584631e-04 -8.671928859682288219e-04 -8.747706436920879959e-04
3.960000000000000000e+02 -8.756095273966200401e-04 -8.848881560785041948e-04 -8.663308987147358853e-04
3.970000000000000000e+02 -9.113827310472156790e-04 -9.024167893747178952e-04 -9.203486727197133545e-04
3.980000000000000000e+02 -8.681039267763738035e-04 -9.058253150352930678e-04 -8.303825385174544308e-04
3.990000000000000000e+02 -8.786555795326424657e-04 -8.730187177808847870e-04 -8.842924412844000359e-04
4.000000000000000000e+02 -8.335617442183863770e-04 -7.480069141371766071e-04 -9.191165742995962553e-04
4.010000000000000000e+02 -7.809611114521499645e-04 -7.641558382551452873e-04 -7.977663846491547502e-04
4.020000000000000000e+02 -7.720966949232841749e-04 -7.989365441317384554e-04 -7.452568457148298943e-04
4.030000000000000000e+02 -8.682001770873319559e-04 -8.807222688896724789e-04 -8.556780852849915414e-04
4.040000000000000000e+02 -8.162281126232987134e-04 -8.036647390383984532e-04 -8.287914862081988653e-04
4.050000000000000000e+02 -7.876849661765578971e-04 -7.738731968704747922e-04 -8.014967354826408935e-04
4.060000000000000000e+02 -7.925619123731193327e-04 -8.241873874637103015e-04 -7.609364372825284722e-04
4.070000000000000000e+02 -7.821268722382427457e-04 -7.541402119121744805e-04 -8.101135325643109026e-04
4.080000000000000000e+02 -7.736262869756100734e-04 -7.595615486951525332e-04 -7.876910252560677221e-04
4.090000000000000000e+02 -8.152023532677064345e-04 -7.901858922525650157e-04 -8.402188142828478533e-04
4.100000000000000000e+02 -7.622782074480304558e-04 -7.260815319560399300e-04 -7.984748829400210900e-04
4.110000000000000000e+02 -7.906767919279272371e-04 -7.769221284676435186e-04 -8.044314553882108473e-04
4.120000000000000000e+02 -7.575232065752783312e-04 -7.616046120623716324e-04 -7.534418010881851384e-04
4.130000000000000000e+02 -7.351932446715699846e-04 -7.473925410791639390e-04 -7.229939482639759218e-04
4.140000000000000000e+02 -8.011035220518522180e-04 -8.428096107717032064e-04 -7.593974333320012296e-04
4.150000000000000000e+02 -7.757565455796988814e-04 -7.928192277969916104e-04 -7.586938633624062608e-04
4.160000000000000000e+02 -8.276859374876497808e-04 -8.238463436874639452e-04 -8.315255312878356165e-04
4.170000000000000000e+02 -8.076114712455876535e-04 -7.669867984896372492e-04 -8.482361440015380579e-04
4.180000000000000000e+02 -8.286810651215274770e-04 -8.223241489122934487e-04 -8.350379813307615053e-04
4.190000000000000000e+02 -8.359650599052525621e-04 -8.439326651508275746e-04 -8.279974546596776579e-04
4.200000000000000000e+02 -8.143659325570572378e-04 -8.399983242405052166e-04 -7.887335408736093675e-04
4.210000000000000000e+02 -8.585569494998986388e-04 -9.207322193658757856e-04 -7.963816796339214920e-04
4.220000000000000000e+02 -8.266934766832911277e-04 -7.859977325093501360e-04 -8.673892208572321193e-04
4.230000000000000000e+02 -8.203264286479872418e-04 -8.067616856115746981e-04 -8.338911716843996772e-04
4.240000000000000000e+02 -8.572846098265272073e-04 -8.463007771644652944e-04 -8.682684424885891202e-04
4.250000000000000000e+02 -8.925688324517415959e-04 -8.650236645547464392e-04 -9.201140003487367526e-04
4.260000000000000000e+02 -8.835541661428971197e-04 -8.465588398683996209e-04 -9.205494924173947269e-04
4.270000000000000000e+02 -8.932499472380639590e-04 -9.671417588235141447e-04 -8.193581356526137734e-04
4.280000000000000000e+02 -8.817703457749679393e-04 -9.125792235741516560e-04 -8.509614679757841142e-04
4.290000000000000000e+02 -8.284632076959327039e-04 -8.078243247357679620e-04 -8.491020906560975542e-04
4.300000000000000000e+02 -9.189112111208332838e-04 -9.143753820517051996e-04 -9.234470401899613681e-04
4.310000000000000000e+02 -9.427456487592488377e-04 -9.041366962885084499e-04 -9.813546012299892256e-04
4.320000000000000000e+02 -8.760790466935597029e-04 -9.129012730319398640e-04 -8.392568203551795418e-04
4.330000000000000000e+02 -9.338873618719577448e-04 -9.151585332151841463e-04 -9.526161905287313433e-04
4.340000000000000000e+02 -9.562698015495500834e-04 -8.976103710326875044e-04 -1.014929232066412662e-03
4.350000000000000000e+02 -9.709795355722504635e-04 -9.671959018741904668e-04 -9.747631692703103519e-04
4.360000000000000000e+02 -9.817825099933149939e-04 -9.346894180262863786e-04 -1.028875601960343826e-03
4.370000000000000000e+02 -9.558157412029478096e-04 -9.816215067378665244e-04 -9.300099756680290947e-04
4.380000000000000000e+02 -1.018571901459163409e-03 -1.069275707879011874e-03 -9.678680950393150515e-04
4.390000000000000000e+02 -9.828546463552169810e-04 -9.917404974974122593e-04 -9.739687952130215943e-04
4.400000000000000000e+02 -1.002324923781963868e-03 -1.048179691215300052e-03 -9.564701563486277926e-04
4.410000000000000000e+02 -1.024174135756797171e-03 -9.374850862576233857e-04 -1.110863185255971065e-03
4.420000000000000000e+02 -1.023212539319077151e-03 -1.027870706877917050e-03 -1.018554371760237469e-03
4.430000000000000000e+02 -1.067699823999343879e-03 -1.077973439828871539e-03 -1.057426208169816220e-03
4.440000000000000000e+02 -9.997741620602533866e-04 -1.061122848042450996e-03 -9.384254760780557768e-04
4.450000000000000000e+02 -1.104235832642297844e-03 -1.164850215971291675e-03 -1.043621449313303796e-03
4.460000000000000000e+02 -1.133980300996343879e-03 -1.131628316923680632e-03 -1.136332285069006909e-03
4.470000000000000000e+02 -1.088379710869239120e-03 -1.021271226010889719e-03 -1.155488195727588522e-03
4.480000000000000000e+02 -1.158643325528928899e-03 -1.131574634695249474e-03 -1.185712016362608541e-03
4.490000000000000000e+02 -1.175623483260160827e-03 -1.254244450250658217e-03 -1.097002516269663655e-03
4.500000000000000000e+02 -1.184262403365218992e-03 -1.239283034608791405e-03 -1.129241772121646796e-03
4.510000000000000000e+02 -1.144243196967542836e-03 -1.125327758188805110e-03 -1.163158635746280563e-03
4.520000000000000000e+02 -1.174832969108471209e-03 -1.213945603451181297e-03 -1.135720334765761338e-03
4.530000000000000000e+02 -1.208266593544363773e-03 -1.144287940932653749e-03 -1.272245246156073579e-03
4.540000000000000000e+02 -1.237250373427034806e-03 -1.291446539777046107e-03 -1.183054207077023504e-03
4.550000000000000000e+02 -1.173254784166213611e-03 -1.184041782668909760e-03 -1.162467785663517461e-03
4.560000000000000000e+02 -1.324296765880922464e-03 -1.368816854922233180e-03 -1.279776676839611965e-03
4.570000000000000000e+02 -1.286790556271298451e-03 -1.294926629457022159e-03 -1.278654483085574526e-03
4.580000000000000000e+02 -1.340826621466593722e-03 -1.385876976030011448e-03 -1.295776266903176212e-03
4.590000000000000000e+02 -1.372726841144757473e-03 -1.326509705514852073e-03 -1.418943976774662873e-03
4.600000000000000000e+02 -1.386078914658522105e-03 -1.419624149521156930e-03 -1.352533679795887281e-03
4.610000000000000000e+02 -1.379999025367117937e-03 -1.387523011090202422e-03 -1.372475039644033452e-03
4.620000000000000000e+02 -1.498657786738726277e-03 -1.425636374276747489e-03 -1.571679199200705281e-03
4.630000000000000000e+02 -1.387701923046906136e-03 -1.348917739936844476e-03 -1.426486106156967795e-03
4.640000000000000000e+02 -1.468531713730223710e-03 -1.456403487815690831e-03 -1.480659939644756373e-03
4.650000000000000000e+02 -1.505790609832001426e-03 -1.539538627267100475e-03 -1.472042592396902378e-03
4.660000000000000000e+02 -1.516791838687541263e-03 -1.513213860251505895e-03 -1.520369817123576415e-03
4.670000000000000000e+02 -1.520983626500415839e-03 -1.514116906618981741e-03 -1.527850346381849937e-03
4.680000000000000000e+02 -1.588473659745334287e-03 -1.584948131562823222e-03 -1.591999187927845135e-03
4.690000000000000000e+02 -1.534746341401448805e-03 -1.527407091534091444e-03 -1.542085591268806165e-03
4.700000000000000000e+02 -1.599058778156021814e-03 -1.590477382416190157e-03 -1.607640173895853470e-03
4.710000000000000000e+02 -1.674171439032729782e-03 -1.595722354670313457e-03 -1.752620523395146106e-03
4.720000000000000000e+02 -1.719640971727661154e-03 -1.775781886670591914e-03 -1.663500056784730612e-03
4.730000000000000000e+02 -1.744459835251469621e-03 -1.767114648011081828e-03 -1.721805022491857415e-03
4.740000000000000000e+02 -1.796791866191746207e-03 -1.814707893311482334e-03 -1.778875839072009864e-03
4.750000000000000000e+02 -1.724354476386747532e-03 -1.718989100663897334e-03 -1.729719852109597731e-03
4.760000000000000000e+02 -1.851215480115906472e-03 -1.846870694254213602e-03 -1.855560265977599125e-03
4.770000000000000000e+02 -1.793470991353706724e-03 -1.825888046695903124e-03 -1.761053936011510107e-03
4.780000000000000000e+02 -1.905230701248812868e-03 -1.865690238270338065e-03 -1.944771164227287671e-03
4.790000000000000000e+02 -1.862903179051816731e-03 -1.827796691128365930e-03 -1.898009666975267531e-03
4.800000000000000000e+02 -1.948872705299557404e-03 -1.928525142527466986e-03 -1.969220268071648038e-03
4.810000000000000000e+02 -2.076645165461688848e-03 -2.134883341725081572e-03 -2.018406989198296558e-03
4.820000000000000000e+02 -2.000430981059673693e-03 -2.029736518385730475e-03 -1.971125443733616478e-03
4.830000000000000000e+02 -2.097061062455686346e-03 -2.144590938699137122e-03 -2.049531186212235137e-03
4.840000000000000000e+02 -2.131769781687632963e-03 -2.145260698983404539e-03 -2.118278864391861388e-03
4.850000000000000000e+02 -2.089823473253245821e-03 -2.089826934591370797e-03 -2.089820011915120845e-03
4.860000000000000000e+02 -2.137159022082539377e-03 -2.191780853694056362e-03 -2.082537190471022825e-03
4.870000000000000000e+02 -2.057062328322020739e-03 -2.138212882400421407e-03 -1.975911774243619638e-03
4.880000000000000000e+02 -2.168698169624356381e-03 -2.176759672933034281e-03 -2.160636666315678047e-03
4.890000000000000000e+02 -2.152144452617119931e-03 -2.159335292721856810e-03 -2.144953612512383052e-03
4.900000000000000000e+02 -2.186715558247859931e-03 -2.191781368116501108e-03 -2.181649748379218753e-03
4.910000000000000000e+02 -2.249644575913239269e-03 -2.260675175550807582e-03 -2.238613976275670523e-03
4.920000000000000000e+02 -2.154329485690327332e-03 -2.127231091123363456e-03 -2.181427880257290775e-03
4.930000000000000000e+02 -2.231259853070168518e-03 -2.228094890379400759e-03 -2.234424815760935844e-03
4.940000000000000000e+02 -2.181726425872517958e-03 -2.135603616440281006e-03 -2.227849235304754476e-03
4.950000000000000000e+02 -2.236639904685970136e-03 -2.242857515515975838e-03 -2.230422293855964435e-03
4.960000000000000000e+02 -2.198467932824869821e-03 -2.197321175459104620e-03 -2.199614690190635023e-03
4.970000000000000000e+02 -2.239244984268756820e-03 -2.209220412679841275e-03 -2.269269555857672364e-03
4.980000000000000000e+02 -2.259056107383295570e-03 -2.259368733194814637e-03 -2.258743481571776936e-03
4.990000000000000000e+02 -2.273111457284980683e-03 -2.241686425191395660e-03 -2.304536489378565707e-03
5.000000000000000000e+02 -2.227461600299436052e-03 -2.189004861795791883e-03 -2.265918338803080221e-03
