# delays[ps] pumped_signal, blocked_signal, pumped_reference, blocked_reference
-2.000000000000000000e+01 5.690509817810654347e+00 5.693486947963634748e+00 6.052651499431579651e+00 6.056162031638510079e+00
-1.800000000000000000e+01 5.687792372481236924e+00 5.695800399188594376e+00 6.047759934063333453e+00 6.056297365609955463e+00
-1.600000000000000000e+01 5.691101188139273681e+00 5.687027388723238985e+00 6.052195370395191176e+00 6.048626617452711685e+00
-1.400000000000000000e+01 5.680924336298916799e+00 5.680069747034745653e+00 6.044324350196790263e+00 6.044063457763426683e+00
-1.200000000000000000e+01 5.681254658097217636e+00 5.679140764012492681e+00 6.045353111959853365e+00 6.043525093650108815e+00
-1.000000000000000000e+01 5.689986746140849760e+00 5.686987348813904219e+00 6.053063976931759349e+00 6.050656351840253855e+00
-8.000000000000000000e+00 5.688257545082320732e+00 5.688000255775186531e+00 6.047701797810744573e+00 6.048821768648415365e+00
-6.000000000000000000e+00 5.700530673900279233e+00 5.689215520832303419e+00 6.063123605841155062e+00 6.052405500733298638e+00
-4.000000000000000000e+00 5.694395430928383739e+00 5.691515510153458024e+00 6.055364294887658261e+00 6.053347050295784015e+00
-2.000000000000000000e+00 5.684912212800372622e+00 5.687672978243844213e+00 6.045385463094480549e+00 6.049290145306795097e+00
-1.899999999999999911e+00 5.697246122714477501e+00 5.693819111809614419e+00 6.058628512839180580e+00 6.056321627644391192e+00
-1.800000000000000044e+00 5.690096213116890844e+00 5.695253464887793271e+00 6.053874926671652723e+00 6.059143172650872877e+00
-1.699999999999999956e+00 5.694205005746896475e+00 5.693839611163756587e+00 6.056642018393661786e+00 6.057689838629184642e+00
-1.600000000000000089e+00 5.688457578467752462e+00 5.681927071329522683e+00 6.052903499427659817e+00 6.047047080499436511e+00
-1.500000000000000000e+00 5.683306572747722107e+00 5.678963793161285523e+00 6.049265159589746865e+00 6.046183762654203875e+00
-1.399999999999999911e+00 5.675042781160737349e+00 5.677134973307071952e+00 6.039332293944640995e+00 6.043014515669217879e+00
-1.300000000000000044e+00 5.681751621082004711e+00 5.683900349377742245e+00 6.046602888384759567e+00 6.049761001631688728e+00
-1.199999999999999956e+00 5.684142105780271237e+00 5.684484756632953939e+00 6.048897682768825668e+00 6.050185093526706304e+00
-1.100000000000000089e+00 5.696403620527905609e+00 5.697304818951945293e+00 6.060871572476188796e+00 6.062987874716900372e+00
-1.000000000000000000e+00 5.704599508790961337e+00 5.703435416457407037e+00 6.069471864478331646e+00 6.069408922366412718e+00
-9.000000000000000222e-01 5.700193707046419256e+00 5.700588731099085926e+00 6.067119976507607149e+00 6.068041673548980164e+00
-8.000000000000000444e-01 5.703109981579507881e+00 5.704912212868530119e+00 6.065796928162284551e+00 6.068244189504002684e+00
-6.999999999999999556e-01 5.692608893169724738e+00 5.697107748143372952e+00 6.055646008122510082e+00 6.061488576375190895e+00
-5.999999999999999778e-01 5.708252980973783863e+00 5.708087138991084331e+00 6.069033198018995989e+00 6.070085261116902053e+00
-5.000000000000000000e-01 5.690740839064843293e+00 5.693721254198815807e+00 6.054533006482479607e+00 6.058468114227978596e+00
-4.000000000000000222e-01 5.711829576836983335e+00 5.708693647599116794e+00 6.076005423104559711e+00 6.074792482025601181e+00
-2.999999999999999889e-01 5.705674153886435285e+00 5.700045802961811070e+00 6.063466099035658807e+00 6.064933688001845624e+00
-2.000000000000000111e-01 5.702462633612419118e+00 5.689822266429415798e+00 6.049588513734921236e+00 6.049345878360262496e+00
-1.000000000000000056e-01 5.711917584283957794e+00 5.700431057643767119e+00 6.056891861191359361e+00 6.061467434470204196e+00
-0.000000000000000000e+00 5.711804113254902227e+00 5.692767768559064301e+00 6.055057755509666961e+00 6.053932100893570478e+00
1.000000000000000056e-01 5.712092795601107831e+00 5.689604213054257897e+00 6.057781688165479572e+00 6.053196344351366776e+00
2.000000000000000111e-01 5.713390857622165697e+00 5.698569008446040307e+00 6.058474282552406720e+00 6.061597962593760158e+00
2.999999999999999889e-01 5.713447950587831059e+00 5.690222655052167511e+00 6.059331994771556040e+00 6.053931540856005711e+00
4.000000000000000222e-01 5.710659963284943963e+00 5.694897678638622729e+00 6.057957940833983201e+00 6.059638614701015946e+00
5.000000000000000000e-01 5.700221094133649302e+00 5.684733638553198354e+00 6.050999246472604121e+00 6.053493913907466606e+00
5.999999999999999778e-01 5.710205039946525396e+00 5.689424519694040505e+00 6.058363213763566790e+00 6.055692935506590935e+00
6.999999999999999556e-01 5.711943608227660896e+00 5.689369426531454721e+00 6.057740766058835824e+00 6.052787147747337393e+00
8.000000000000000444e-01 5.704253173807761534e+00 5.691472029152655487e+00 6.051643553596417924e+00 6.056240427600323883e+00
9.000000000000000222e-01 5.706811339312754860e+00 5.693536675065897334e+00 6.059288913189186943e+00 6.063721147541827783e+00
1.000000000000000000e+00 5.706432893154681274e+00 5.690789686208734821e+00 6.056403706910723272e+00 6.057929031550947307e+00
1.100000000000000089e+00 5.712789151571953106e+00 5.695014511274306912e+00 6.060197398728721652e+00 6.059702835988312941e+00
1.199999999999999956e+00 5.720636140034589090e+00 5.704808110483929440e+00 6.065692186772097649e+00 6.067584986702538430e+00
1.300000000000000044e+00 5.710207202013639183e+00 5.693851782067549827e+00 6.055163619795250085e+00 6.056199587478309887e+00
1.399999999999999911e+00 5.711118568513513516e+00 5.692881560146777709e+00 6.053678094601929516e+00 6.052759200395061434e+00
1.500000000000000000e+00 5.729794080663472400e+00 5.712185443281248887e+00 6.071686818538266195e+00 6.071723175697643526e+00
1.600000000000000089e+00 5.715390159065011133e+00 5.700726703993521660e+00 6.059523541742618313e+00 6.062894102332375468e+00
1.699999999999999956e+00 5.712298754243545496e+00 5.696337638012642479e+00 6.053338242102789479e+00 6.055663465289494951e+00
1.800000000000000044e+00 5.715023405476575391e+00 5.698934641339050700e+00 6.058893331482906319e+00 6.060486718384868077e+00
1.899999999999999911e+00 5.721791504034611897e+00 5.702042223440725088e+00 6.066230151006366533e+00 6.064310201132478539e+00
2.000000000000000000e+00 5.720466213817076984e+00 5.700534117884619612e+00 6.066908169451726174e+00 6.064870427132783348e+00
2.100000000000000089e+00 5.720729269129146921e+00 5.698836228024735107e+00 6.065744476169346200e+00 6.061880798100889756e+00
2.200000000000000178e+00 5.720637179748060852e+00 5.698183192084117721e+00 6.069394028192473201e+00 6.065553891618499449e+00
2.299999999999999822e+00 5.714228551790623278e+00 5.696862468034021632e+00 6.059021775470186277e+00 6.060583293558132745e+00
2.399999999999999911e+00 5.722902660589664237e+00 5.706570622651308433e+00 6.068266449123976614e+00 6.070916227723140324e+00
2.500000000000000000e+00 5.720792690726027807e+00 5.699639968067784501e+00 6.065862510900637439e+00 6.063767993200242401e+00
2.600000000000000089e+00 5.711403402944808860e+00 5.692041060981217981e+00 6.057890191336090524e+00 6.057317714863081903e+00
2.700000000000000178e+00 5.708134547935030056e+00 5.694195636291252249e+00 6.054182025209102314e+00 6.059200748312236762e+00
2.799999999999999822e+00 5.705938014080052412e+00 5.687416968226758129e+00 6.051378898516696303e+00 6.053045318895799554e+00
2.899999999999999911e+00 5.721076967265483759e+00 5.702256190954465787e+00 6.063218337382542344e+00 6.064021039028135718e+00
3.000000000000000000e+00 5.724138744901840603e+00 5.700091208196148784e+00 6.066445399378205039e+00 6.061477445334066516e+00
3.100000000000000089e+00 5.715252746415089291e+00 5.702681003146453875e+00 6.056977464568325864e+00 6.063101183065916722e+00
3.200000000000000178e+00 5.720621725524671852e+00 5.702851008735093430e+00 6.060570801192883827e+00 6.062998683452361703e+00
3.299999999999999822e+00 5.714691721689706405e+00 5.695000339007575185e+00 6.055236490826899853e+00 6.054996577060696161e+00
3.399999999999999911e+00 5.724254855871648395e+00 5.699648774805543994e+00 6.064198090273804631e+00 6.059377878398036543e+00
3.500000000000000000e+00 5.720105223673478179e+00 5.701177622681521839e+00 6.061368378055146167e+00 6.062274539632078074e+00
3.600000000000000089e+00 5.717136258358031853e+00 5.703769341517007874e+00 6.056628565930865626e+00 6.063459371986762214e+00
3.700000000000000178e+00 5.723829643711459525e+00 5.692963400492422110e+00 6.060653922028799379e+00 6.049729452402245578e+00
3.799999999999999822e+00 5.707443796380722745e+00 5.688657934993421428e+00 6.045423500644550252e+00 6.046758640552068798e+00
3.899999999999999911e+00 5.718666065185228575e+00 5.692907505746873653e+00 6.054565277352381258e+00 6.048201484865431077e+00
4.000000000000000000e+00 5.724679511354932693e+00 5.703274381389677572e+00 6.062580438560216223e+00 6.060821846231092991e+00
6.000000000000000000e+00 5.719908393889676645e+00 5.706468285185050782e+00 6.057035282439468205e+00 6.065171198087725202e+00
8.000000000000000000e+00 5.708160573928855008e+00 5.692038418385955367e+00 6.048014022553963365e+00 6.053897505872142482e+00
1.000000000000000000e+01 5.699544759737586119e+00 5.680916650591457895e+00 6.040293710238922031e+00 6.043985622411568670e+00
1.200000000000000000e+01 5.702963205166224903e+00 5.676442543304459853e+00 6.042412254791905468e+00 6.039472912484254330e+00
1.400000000000000000e+01 5.707295651970867745e+00 5.680332243795096048e+00 6.046662626211693592e+00 6.044331160218334276e+00
1.600000000000000000e+01 5.704983967367445175e+00 5.675075376916583814e+00 6.043977615984614360e+00 6.039035209664867843e+00
1.800000000000000000e+01 5.704737166241742763e+00 5.680765543969974907e+00 6.042831219058009573e+00 6.045494771590776750e+00
2.000000000000000000e+01 5.702571459761004213e+00 5.679213713681004805e+00 6.039003011739286109e+00 6.041067420453217096e+00
2.200000000000000000e+01 5.713787482328631206e+00 5.691371371291332970e+00 6.048216617768956915e+00 6.051336534653337651e+00
2.400000000000000000e+01 5.711332776425255275e+00 5.687284597835788880e+00 6.047767461256949417e+00 6.048324402199065197e+00
2.600000000000000000e+01 5.713644786008992504e+00 5.693540520144218853e+00 6.048170736040012763e+00 6.050944793915507880e+00
2.800000000000000000e+01 5.718190883467850760e+00 5.685970602734522039e+00 6.055721362639824079e+00 6.046030572009880366e+00
3.000000000000000000e+01 5.710613597380981510e+00 5.685229081566020248e+00 6.050544323937495861e+00 6.048018186319372269e+00
3.200000000000000000e+01 5.709571703890898853e+00 5.687544051234161735e+00 6.049736817550436463e+00 6.050125596642048187e+00
3.400000000000000000e+01 5.698158049495561706e+00 5.678767919801067876e+00 6.041050924845872139e+00 6.042672982646799973e+00
3.600000000000000000e+01 5.703407153776483440e+00 5.682832514521479084e+00 6.043414266790337663e+00 6.043001466562051505e+00
3.800000000000000000e+01 5.707312549201704499e+00 5.686573906972110848e+00 6.048573847274870907e+00 6.046967401544931953e+00
4.000000000000000000e+01 5.697711617957076591e+00 5.685502626006652349e+00 6.039605441103834238e+00 6.045807473005341492e+00
4.200000000000000000e+01 5.699833684012399537e+00 5.682716320110579922e+00 6.043589401976622533e+00 6.045049297927968190e+00
4.400000000000000000e+01 5.701919226391353845e+00 5.686470930128413315e+00 6.043523492120482565e+00 6.045714025443324147e+00
4.600000000000000000e+01 5.704598389670628933e+00 5.691003253054157440e+00 6.045380978829051344e+00 6.049270443623503191e+00
4.800000000000000000e+01 5.714613242553863159e+00 5.692336469174290592e+00 6.054715340447830663e+00 6.050440222223591569e+00
5.000000000000000000e+01 5.711531047955549667e+00 5.689037984182166774e+00 6.052949143371016305e+00 6.048631343304047725e+00
5.200000000000000000e+01 5.715703186001259262e+00 5.701623095394848129e+00 6.056429573206183470e+00 6.059377079188823956e+00
5.400000000000000000e+01 5.721208534818601699e+00 5.709573543920418714e+00 6.063997975980791821e+00 6.069708254262453195e+00
5.600000000000000000e+01 5.710359428544934168e+00 5.696435973935411567e+00 6.052217631059086500e+00 6.055480968074754777e+00
5.800000000000000000e+01 5.708625903040428717e+00 5.684687995151969098e+00 6.050701675324853923e+00 6.043767648987177665e+00
6.000000000000000000e+01 5.705787064891601368e+00 5.687036599894792488e+00 6.046616901445409198e+00 6.044773029603529579e+00
6.200000000000000000e+01 5.708190840917662712e+00 5.686889336023840613e+00 6.049132629119989168e+00 6.045062910567555292e+00
6.400000000000000000e+01 5.706750642505046933e+00 5.693853304801697490e+00 6.045385063292833649e+00 6.048531005535786598e+00
6.600000000000000000e+01 5.708311758688787485e+00 5.693044119818867266e+00 6.044625042316698504e+00 6.046276332706047363e+00
6.800000000000000000e+01 5.701032763496536759e+00 5.687012895172664173e+00 6.040379551372528688e+00 6.042684514765239712e+00
7.000000000000000000e+01 5.710981232870562252e+00 5.687737758135435584e+00 6.049974327460966528e+00 6.043016596251589156e+00
7.200000000000000000e+01 5.715762602850616325e+00 5.696876482883304504e+00 6.051857121743982049e+00 6.048836982219965464e+00
7.400000000000000000e+01 5.713653831870582067e+00 5.698844477121465246e+00 6.053616833560358401e+00 6.054796944260490754e+00
7.600000000000000000e+01 5.709161067020966485e+00 5.697537284829551574e+00 6.051936641009491247e+00 6.055873990944965257e+00
7.800000000000000000e+01 5.716475374830947587e+00 5.704768874593406203e+00 6.059727340582433008e+00 6.064175830738854245e+00
8.000000000000000000e+01 5.709155618192318649e+00 5.694219338274238318e+00 6.052877953660112276e+00 6.053147816264754510e+00
8.200000000000000000e+01 5.727235996630551718e+00 5.711592708068932822e+00 6.061782862283332740e+00 6.061799998305556159e+00
8.400000000000000000e+01 5.718999106373305885e+00 5.705577980725702325e+00 6.060332327498842098e+00 6.062163471879132182e+00
8.600000000000000000e+01 5.716227614278021285e+00 5.703886575549022453e+00 6.061955109380367190e+00 6.064654295161282960e+00
8.800000000000000000e+01 5.710601984377127849e+00 5.691758225472425714e+00 6.054039804735701580e+00 6.050828678512610637e+00
9.000000000000000000e+01 5.710534880070055941e+00 5.699529541188188553e+00 6.054904406919489723e+00 6.060030756413858910e+00
9.200000000000000000e+01 5.712703147306079643e+00 5.694720708065275971e+00 6.056931579153872036e+00 6.054651121628569221e+00
9.400000000000000000e+01 5.722120702311455531e+00 5.701316316287630137e+00 6.065515293677337105e+00 6.060175455009066070e+00
9.600000000000000000e+01 5.718424228831458400e+00 5.703108700424067479e+00 6.059590647379892836e+00 6.059130920475727322e+00
9.800000000000000000e+01 5.716636972864102439e+00 5.704770556863973496e+00 6.055502509924570731e+00 6.059163673120722571e+00
1.000000000000000000e+02 5.723046325172933990e+00 5.706972216138494147e+00 6.067787108481141445e+00 6.066232632604693364e+00
1.020000000000000000e+02 5.725327099632583128e+00 5.709723050727714799e+00 6.066603873453224161e+00 6.065305330535400330e+00
1.040000000000000000e+02 5.713675854289235190e+00 5.695562565787098741e+00 6.058274888128599045e+00 6.054003851121635194e+00
1.060000000000000000e+02 5.718270238848774945e+00 5.702636965252004586e+00 6.060813757353329834e+00 6.059604024515743426e+00
1.080000000000000000e+02 5.720689872843707668e+00 5.703252840846715799e+00 6.061144000686896405e+00 6.057857120773771697e+00
1.100000000000000000e+02 5.719409909391576008e+00 5.703526787959561695e+00 6.061952628412689670e+00 6.059920810200638108e+00
1.120000000000000000e+02 5.722281018698406108e+00 5.709953914008094600e+00 6.069883626252752684e+00 6.071343526366883125e+00
1.140000000000000000e+02 5.710938552912123711e+00 5.697123765096893777e+00 6.057596387796244208e+00 6.057243166082704633e+00
1.160000000000000000e+02 5.720808306163531753e+00 5.708662338344500320e+00 6.066102024663710957e+00 6.068021732940756863e+00
1.180000000000000000e+02 5.713998645923858533e+00 5.701383263896316222e+00 6.060817200508151537e+00 6.061351002268282606e+00
1.200000000000000000e+02 5.718692169278417836e+00 5.709226328471131318e+00 6.061812890353380112e+00 6.065472934242550629e+00
1.220000000000000000e+02 5.713032267991501101e+00 5.703799451615270577e+00 6.058863620694259211e+00 6.061900175577567218e+00
1.240000000000000000e+02 5.715225599429498260e+00 5.706319901575730213e+00 6.061559443539387360e+00 6.064883799142450016e+00
1.260000000000000000e+02 5.711621937887978007e+00 5.695908583467551800e+00 6.057314113509404407e+00 6.053487670329505299e+00
1.280000000000000000e+02 5.710818596728232777e+00 5.700701402162819065e+00 6.057778725332649827e+00 6.059766660911564351e+00
1.300000000000000000e+02 5.712190168192368134e+00 5.702366937918691647e+00 6.056668923281088190e+00 6.059087676693649449e+00
1.320000000000000000e+02 5.719845049657236835e+00 5.711625298499213521e+00 6.063889791433362930e+00 6.068875123283249629e+00
1.340000000000000000e+02 5.715629911242840144e+00 5.701748978268445178e+00 6.058250701892321288e+00 6.058147642966536850e+00
1.360000000000000000e+02 5.707917615466683969e+00 5.696283827603909167e+00 6.052187362388169234e+00 6.054116441400326565e+00
1.380000000000000000e+02 5.714347545346029733e+00 5.701024754074662582e+00 6.058782820835424410e+00 6.058450658091464547e+00
1.400000000000000000e+02 5.718551872826924232e+00 5.711873699175183283e+00 6.061918032401630185e+00 6.068242587207176797e+00
1.420000000000000000e+02 5.710668051657376232e+00 5.700313184297625568e+00 6.052885083858616788e+00 6.055284378001846157e+00
1.440000000000000000e+02 5.721915222855276539e+00 5.709419233151951545e+00 6.061648250099167079e+00 6.061305835425579325e+00
1.460000000000000000e+02 5.724156599952396896e+00 5.707073754683371192e+00 6.065921687527621842e+00 6.061458625595384397e+00
1.480000000000000000e+02 5.719724774109636201e+00 5.709712318754443849e+00 6.061560165250579502e+00 6.063956896161649901e+00
1.500000000000000000e+02 5.709200143158927432e+00 5.697793533747419481e+00 6.052308280798161633e+00 6.053269695852820931e+00
1.520000000000000000e+02 5.712734056755756740e+00 5.701373653268884567e+00 6.057302579947312360e+00 6.058344714641551221e+00
1.540000000000000000e+02 5.714281562880827892e+00 5.704050975388012645e+00 6.057652041898813344e+00 6.059038909747210155e+00
1.560000000000000000e+02 5.716430850894841598e+00 5.702778860016707974e+00 6.061418346234458632e+00 6.059311015889647045e+00
1.580000000000000000e+02 5.706795406259639769e+00 5.696996919702275619e+00 6.052778579879481313e+00 6.055494181204727155e+00
1.600000000000000000e+02 5.711882429385142679e+00 5.698093985739964396e+00 6.057306504389322832e+00 6.055213347542200530e+00
1.620000000000000000e+02 5.710206001487025951e+00 5.698306433069939558e+00 6.053734149144132992e+00 6.053753848012864758e+00
1.640000000000000000e+02 5.716191338551767309e+00 5.700562223998485223e+00 6.062532471259512334e+00 6.057878420326485269e+00
1.660000000000000000e+02 5.710064983255501048e+00 5.704385459768150035e+00 6.053423045351480347e+00 6.059505683291150469e+00
1.680000000000000000e+02 5.717903402269241653e+00 5.707847628602549683e+00 6.060026511237562197e+00 6.062127758648899523e+00
1.700000000000000000e+02 5.711934320876822291e+00 5.704329007422658471e+00 6.056551610580436673e+00 6.060696685013350127e+00
1.720000000000000000e+02 5.714320238263673524e+00 5.701045255523396804e+00 6.060481833791905082e+00 6.059069101256067569e+00
1.740000000000000000e+02 5.712610258225265802e+00 5.703459362760066043e+00 6.058858335999442346e+00 6.061542148599960989e+00
1.760000000000000000e+02 5.715339872098609497e+00 5.703028382888327918e+00 6.060444519877948188e+00 6.059391013924396496e+00
1.780000000000000000e+02 5.720244558881972807e+00 5.705358008027830330e+00 6.063268227211790595e+00 6.059686101689534254e+00
1.800000000000000000e+02 5.711997821768549422e+00 5.698744217703596071e+00 6.053865315243573519e+00 6.051612723095208146e+00
1.820000000000000000e+02 5.712222999857044847e+00 5.695225438285515196e+00 6.057790174472065914e+00 6.051873217983930076e+00
1.840000000000000000e+02 5.707537005846962330e+00 5.694143106213899408e+00 6.049250824922317804e+00 6.046403734640965588e+00
1.860000000000000000e+02 5.710433261375508884e+00 5.699155417162990567e+00 6.053868038469886415e+00 6.052927522361922108e+00
1.880000000000000000e+02 5.713136370106268735e+00 5.706899905019247043e+00 6.058117775644257463e+00 6.062492671441561676e+00
1.900000000000000000e+02 5.716982986740526407e+00 5.711508705267191566e+00 6.064521685622198177e+00 6.069730195869811773e+00
1.920000000000000000e+02 5.712887568464870114e+00 5.706806294669007684e+00 6.059797650740003760e+00 6.064011350415803747e+00
1.940000000000000000e+02 5.711322605468960312e+00 5.696296959757895628e+00 6.056931979875341376e+00 6.052378108889039154e+00
1.960000000000000000e+02 5.706176006944189361e+00 5.698054828122448789e+00 6.051206092108304624e+00 6.053673769299836138e+00
1.980000000000000000e+02 5.700975668587644485e+00 5.688548710255388663e+00 6.047639817906550697e+00 6.045668861405843586e+00
2.000000000000000000e+02 5.712904704583332105e+00 5.706377958459801114e+00 6.056764778578703101e+00 6.060312950712438251e+00
2.020000000000000000e+02 5.701197326030966295e+00 5.695324413901871274e+00 6.044227779218154240e+00 6.048275715552799525e+00
2.040000000000000000e+02 5.705942415345128360e+00 5.698153244256291217e+00 6.050433095024409624e+00 6.053091283224204311e+00
2.060000000000000000e+02 5.700288763299717232e+00 5.695467834633369364e+00 6.043383117814180139e+00 6.048773561770560470e+00
2.080000000000000000e+02 5.710695755547355645e+00 5.701938362309807218e+00 6.052536181219505984e+00 6.053837688239200432e+00
2.100000000000000000e+02 5.708984012741479042e+00 5.701165211446809877e+00 6.052316929055963080e+00 6.054350107809624681e+00
2.120000000000000000e+02 5.709807291410430530e+00 5.694812876446683880e+00 6.053407348757385620e+00 6.048006574016882908e+00
2.140000000000000000e+02 5.713665442041945042e+00 5.707022584436636237e+00 6.057627455965159058e+00 6.061261153016391567e+00
2.160000000000000000e+02 5.709588679664420852e+00 5.702170746898472586e+00 6.051498691714900069e+00 6.054563432946291179e+00
2.180000000000000000e+02 5.701586023706291861e+00 5.688952942447490280e+00 6.046015759055877403e+00 6.043279415077257966e+00
2.200000000000000000e+02 5.714629021958759658e+00 5.708899849498726198e+00 6.059212522098817111e+00 6.063602391872618291e+00
2.220000000000000000e+02 5.706659192707764561e+00 5.701713662613774325e+00 6.052679521867045054e+00 6.057363518384843992e+00
2.240000000000000000e+02 5.713584405198944616e+00 5.704639548842085794e+00 6.059046278812870057e+00 6.060187628955119976e+00
2.260000000000000000e+02 5.705857294042560035e+00 5.695626387777303457e+00 6.053390454843406765e+00 6.053591689891043792e+00
2.280000000000000000e+02 5.716623999067362405e+00 5.704704491334127603e+00 6.063971311403925313e+00 6.062257803433987569e+00
2.300000000000000000e+02 5.707995129796103129e+00 5.696842849648777296e+00 6.054748894304129436e+00 6.053804616555675366e+00
2.320000000000000000e+02 5.708055750754881252e+00 5.702112132006299738e+00 6.053464526344936480e+00 6.058058757172305242e+00
2.340000000000000000e+02 5.706421922649985490e+00 5.700734632331847962e+00 6.052641725902986103e+00 6.056930458249893512e+00
2.360000000000000000e+02 5.706399581267750598e+00 5.696642655206159311e+00 6.052439529299761922e+00 6.052591996615816150e+00
2.380000000000000000e+02 5.707056301303704338e+00 5.702405137699836146e+00 6.053124517995724041e+00 6.059027861284882910e+00
2.400000000000000000e+02 5.713766979942333180e+00 5.699576145593781895e+00 6.058640521153805025e+00 6.054623492544910057e+00
2.420000000000000000e+02 5.708832587103409573e+00 5.699493667084145621e+00 6.053144856265891605e+00 6.053754728657811057e+00
2.440000000000000000e+02 5.714190433789211099e+00 5.708603402096084523e+00 6.057739005774505081e+00 6.062774066197572864e+00
2.460000000000000000e+02 5.701831458988710466e+00 5.690945359185035635e+00 6.048569201121892114e+00 6.048368448344464632e+00
2.480000000000000000e+02 5.716375034896511664e+00 5.697109990990904649e+00 6.062177483157435098e+00 6.053425369315014848e+00
2.500000000000000000e+02 5.702519889524081620e+00 5.699360816456795931e+00 6.049253468063641392e+00 6.057114557124650744e+00
2.520000000000000000e+02 5.711510467952325421e+00 5.699472925995569206e+00 6.055083060437607578e+00 6.054219339695395163e+00
2.540000000000000000e+02 5.711901248438951306e+00 5.695248584132592384e+00 6.056262128481856521e+00 6.050273824842493653e+00
2.560000000000000000e+02 5.715936370551158774e+00 5.704539130800614366e+00 6.057626415662205943e+00 6.056723857139362899e+00
2.580000000000000000e+02 5.712053955541462003e+00 5.706469005189990895e+00 6.057360556542499275e+00 6.062743074241592645e+00
2.600000000000000000e+02 5.706496954444204128e+00 5.696490107145991466e+00 6.050789441700535676e+00 6.051292251895873164e+00
2.620000000000000000e+02 5.701042376855654403e+00 5.698524967140288666e+00 6.045275200451175834e+00 6.053685543090407961e+00
2.640000000000000000e+02 5.708722237893609552e+00 5.696436375447303746e+00 6.051686635385023827e+00 6.050506687876695544e+00
2.660000000000000000e+02 5.704940162262131409e+00 5.694777403089075207e+00 6.046168385776989673e+00 6.046191448281256875e+00
2.680000000000000000e+02 5.713074228627900375e+00 5.706758326278153604e+00 6.055774774044972553e+00 6.060211810221297846e+00
2.700000000000000000e+02 5.724384422879082557e+00 5.717232188143055005e+00 6.066618527324820320e+00 6.070121054866423727e+00
2.720000000000000000e+02 5.724806913221960336e+00 5.712107127689278308e+00 6.066656003288030341e+00 6.064799957501358030e+00
2.740000000000000000e+02 5.714076644000395611e+00 5.701330173356780939e+00 6.055756517337203881e+00 6.054115961490053266e+00
2.760000000000000000e+02 5.719025372513506511e+00 5.704820848475971928e+00 6.059843612823757830e+00 6.056422448304846995e+00
2.780000000000000000e+02 5.719503037413297797e+00 5.704914615327405514e+00 6.061966719745261578e+00 6.058118174020881597e+00
2.800000000000000000e+02 5.716406587871150968e+00 5.707876054497898366e+00 6.057933034600297972e+00 6.060285483963694375e+00
2.820000000000000000e+02 5.716115345828319150e+00 5.706284988481799658e+00 6.056995803388548261e+00 6.057828132860211490e+00
2.840000000000000000e+02 5.715822178889366612e+00 5.702247944052161621e+00 6.056341164181795023e+00 6.054237197780392599e+00
2.860000000000000000e+02 5.716842210758199982e+00 5.707468780546053999e+00 6.057394349678344447e+00 6.059700276245265194e+00
2.880000000000000000e+02 5.710861358769783180e+00 5.703759492620511296e+00 6.053140691999248091e+00 6.057523115099806787e+00
2.900000000000000000e+02 5.718927678814179849e+00 5.703750125533097126e+00 6.061883999923853850e+00 6.057629781286501647e+00
2.920000000000000000e+02 5.716403704803151520e+00 5.702190607934964461e+00 6.059344808382387093e+00 6.055764523954498380e+00
2.940000000000000000e+02 5.720431540379823154e+00 5.706898465000143972e+00 6.061863739697984421e+00 6.059563421922027793e+00
2.960000000000000000e+02 5.719903745935151385e+00 5.714167447927796850e+00 6.061537180561697546e+00 6.067193724823812140e+00
2.980000000000000000e+02 5.710078277336691599e+00 5.694225665976461848e+00 6.051139063351312686e+00 6.047091042817295481e+00
3.000000000000000000e+02 5.712616584442542056e+00 5.700195550031708969e+00 6.052584069635337016e+00 6.052166383435002572e+00
3.020000000000000000e+02 5.703773906953124140e+00 5.685507353846780632e+00 6.046287059487021942e+00 6.040294911305960746e+00
3.040000000000000000e+02 5.710161237442653359e+00 5.703304251517177903e+00 6.055110768509922359e+00 6.059858669668690467e+00
3.060000000000000000e+02 5.718952183908514897e+00 5.702777900337168582e+00 6.061947102773249441e+00 6.057710259158140431e+00
3.080000000000000000e+02 5.712194172685944871e+00 5.697536645232203156e+00 6.054611481473600954e+00 6.052323736495324624e+00
3.100000000000000000e+02 5.712022485424851581e+00 5.701694925435581318e+00 6.054492405272378086e+00 6.056023255071482758e+00
3.120000000000000000e+02 5.711078207537168439e+00 5.702518449670558986e+00 6.051033999282385167e+00 6.055125265019047909e+00
3.140000000000000000e+02 5.702609658173121154e+00 5.692228445655393543e+00 6.044751247846459563e+00 6.046052192995185592e+00
3.160000000000000000e+02 5.709959282742889997e+00 5.694511945218060589e+00 6.048778046724617496e+00 6.045310831318494671e+00
3.180000000000000000e+02 5.723053450549363319e+00 5.709408666390943132e+00 6.058488215657304110e+00 6.057676066038742313e+00
3.200000000000000000e+02 5.719225569787368180e+00 5.707437067692938015e+00 6.056899710097767731e+00 6.057349506092450930e+00
3.220000000000000000e+02 5.715771170491444231e+00 5.709447021676925083e+00 6.050676291958426489e+00 6.057212332367022611e+00
3.240000000000000000e+02 5.725662705809237529e+00 5.705680645546928886e+00 6.060654562614125496e+00 6.054535813058661731e+00
3.260000000000000000e+02 5.721658173204321685e+00 5.709793519637947234e+00 6.053565743714365510e+00 6.054313992996998905e+00
3.280000000000000000e+02 5.723919651496152561e+00 5.703916929029922755e+00 6.058680001053669884e+00 6.051143229166955351e+00
3.300000000000000000e+02 5.720437227484644893e+00 5.705717076920939768e+00 6.058226040678964530e+00 6.055653456614672692e+00
3.320000000000000000e+02 5.712126668906035931e+00 5.703732667629530795e+00 6.050334120365950419e+00 6.054705733968975601e+00
3.340000000000000000e+02 5.707396148938769009e+00 5.698763997056294883e+00 6.048085530510603824e+00 6.053108258740099501e+00
3.360000000000000000e+02 5.713314221906570012e+00 5.696531347862204164e+00 6.054421457204925083e+00 6.050719935467599342e+00
3.380000000000000000e+02 5.716125833468649553e+00 5.700535560838642546e+00 6.054944203950228143e+00 6.052319733012922143e+00
3.400000000000000000e+02 5.709709358581973149e+00 5.689506039452858488e+00 6.047804297977919852e+00 6.041197228042999079e+00
3.420000000000000000e+02 5.718490933248265407e+00 5.705356004419321891e+00 6.056057848381533937e+00 6.056300164476143166e+00
3.440000000000000000e+02 5.710371522910487663e+00 5.698906618237017163e+00 6.046561168311234802e+00 6.048476553475269135e+00
3.460000000000000000e+02 5.720063903257345039e+00 5.703166355718231273e+00 6.057466180076746198e+00 6.053914002315483600e+00
3.480000000000000000e+02 5.705685847881439621e+00 5.695770767244998645e+00 6.042370209600915310e+00 6.045551543844707609e+00
3.500000000000000000e+02 5.711796747198722990e+00 5.699731098894154080e+00 6.049166743223449494e+00 6.050727383523162750e+00
3.520000000000000000e+02 5.711761436248030677e+00 5.701991856155218308e+00 6.049180680672200161e+00 6.053233822195665859e+00
3.540000000000000000e+02 5.716784635361598532e+00 5.698689204055161106e+00 6.055887603504583439e+00 6.051405721375210156e+00
3.560000000000000000e+02 5.720923378331112197e+00 5.705540344536608188e+00 6.059890378991664051e+00 6.058361852018588678e+00
3.580000000000000000e+02 5.724663493018937288e+00 5.708310473864521839e+00 6.064849123899391792e+00 6.062150976560872984e+00
3.600000000000000000e+02 5.718123377654930728e+00 5.702020282372570747e+00 6.052938494289392679e+00 6.050328192972111552e+00
3.620000000000000000e+02 5.722111894300685009e+00 5.709605495981779022e+00 6.058578782861939516e+00 6.060316634263475777e+00
3.640000000000000000e+02 5.715585868537002234e+00 5.697412765432121162e+00 6.053873561970555706e+00 6.049981857916376882e+00
3.660000000000000000e+02 5.721342104424473440e+00 5.698712426994232416e+00 6.060224783485591793e+00 6.051722510145879141e+00
3.680000000000000000e+02 5.717917178167499337e+00 5.701898164603312225e+00 6.057831097190119252e+00 6.056312177804907826e+00
3.700000000000000000e+02 5.719217562083857231e+00 5.708778453524813834e+00 6.056498039583895654e+00 6.060745773725151331e+00
3.720000000000000000e+02 5.718223875581195159e+00 5.704352470212540105e+00 6.056038151169738093e+00 6.056310255628429395e+00
3.740000000000000000e+02 5.719873558522731827e+00 5.716273816420885723e+00 6.056493553814443764e+00 6.066698683725435082e+00
3.760000000000000000e+02 5.720219093587658676e+00 5.706255038323221562e+00 6.059216202644723381e+00 6.059117386405390882e+00
3.780000000000000000e+02 5.731552513274293936e+00 5.716773905044539639e+00 6.066733761175330031e+00 6.066363880599636715e+00
3.800000000000000000e+02 5.718734450399775682e+00 5.710409476471695278e+00 6.057431105352931944e+00 6.063038802661610660e+00
3.820000000000000000e+02 5.727800302908680585e+00 5.712949307667362753e+00 6.063200720042997816e+00 6.062768782154132730e+00
3.840000000000000000e+02 5.727213173799121648e+00 5.715618942893138765e+00 6.061025564250964059e+00 6.063323722185685938e+00
3.860000000000000000e+02 5.720265778856781225e+00 5.703740835317004709e+00 6.057960259957259730e+00 6.055665868212675385e+00
3.880000000000000000e+02 5.725430079390094740e+00 5.713572951663909549e+00 6.063290888470166173e+00 6.066070393102244829e+00
3.900000000000000000e+02 5.725064443744880549e+00 5.711616410944586164e+00 6.062417958628104842e+00 6.063440714946060517e+00
3.920000000000000000e+02 5.724097504800806036e+00 5.712368341921917114e+00 6.060757543875095799e+00 6.062891460605481342e+00
3.940000000000000000e+02 5.716628567080509704e+00 5.706458116969794325e+00 6.052792435028466755e+00 6.057073478450814008e+00
3.960000000000000000e+02 5.720809348398272043e+00 5.700120756434421843e+00 6.058313565158245595e+00 6.051606237440519287e+00
3.980000000000000000e+02 5.720517304840406325e+00 5.711920144349585726e+00 6.058976370490534613e+00 6.064758796379039474e+00
4.000000000000000000e+02 5.725637961268013498e+00 5.710278950248528496e+00 6.062014766230325868e+00 6.060981280836218232e+00
4.020000000000000000e+02 5.722995315244226333e+00 5.711434635971160745e+00 6.060469425454479087e+00 6.062987876064663162e+00
4.040000000000000000e+02 5.727812396391110283e+00 5.713828160646738041e+00 6.066047892706352584e+00 6.066748333850765285e+00
4.060000000000000000e+02 5.726514576539457835e+00 5.714248168870600608e+00 6.065325991991445065e+00 6.067053831194592739e+00
4.080000000000000000e+02 5.726288753343514060e+00 5.714826331072192289e+00 6.063308184357165231e+00 6.066110593187839406e+00
4.100000000000000000e+02 5.729990273268429135e+00 5.715400728189473867e+00 6.065232859117878128e+00 6.063831333584712269e+00
4.120000000000000000e+02 5.733730389779399417e+00 5.721975040138448598e+00 6.070360890656212760e+00 6.072707093127244882e+00
4.140000000000000000e+02 5.727229187872442395e+00 5.713830644164453076e+00 6.064646126892238698e+00 6.065168717667529741e+00
4.160000000000000000e+02 5.722064328823632806e+00 5.709988746933151837e+00 6.060739046363898375e+00 6.062318661278701448e+00
4.180000000000000000e+02 5.723266936460440490e+00 5.710556338570547119e+00 6.061338268009293095e+00 6.061774131064641580e+00
4.200000000000000000e+02 5.721788940935419454e+00 5.707715739536144639e+00 6.056747721394782680e+00 6.056341966398132826e+00
4.220000000000000000e+02 5.718566287739992759e+00 5.708419383127551150e+00 6.052611375427399132e+00 6.056437338906921042e+00
4.240000000000000000e+02 5.725806525537449509e+00 5.711744134420531083e+00 6.058849846062067002e+00 6.058706266265015294e+00
4.260000000000000000e+02 5.724712742401868226e+00 5.710721781479474402e+00 6.061538302965644220e+00 6.061965759775466367e+00
4.280000000000000000e+02 5.716346289976225847e+00 5.703975782811184558e+00 6.053541480904532257e+00 6.054303821766986893e+00
4.300000000000000000e+02 5.719035142287546059e+00 5.708390394358187514e+00 6.054241520411421718e+00 6.057287445553481753e+00
4.320000000000000000e+02 5.716191821528231465e+00 5.703976904376026447e+00 6.052434244952289433e+00 6.053780352439471990e+00
4.340000000000000000e+02 5.713468051333496334e+00 5.703416120102517084e+00 6.051945206736562888e+00 6.055508836017834184e+00
4.360000000000000000e+02 5.716220887559868125e+00 5.700768265933229273e+00 6.053368752343233794e+00 6.051569882113235543e+00
4.380000000000000000e+02 5.717482433099105421e+00 5.705528092805661977e+00 6.053497516635821363e+00 6.054922424644654022e+00
4.400000000000000000e+02 5.715035654080528715e+00 5.700709010204655591e+00 6.047496475442881270e+00 6.046366900065578420e+00
4.420000000000000000e+02 5.706580557931518527e+00 5.693911361072051314e+00 6.045220023719403812e+00 6.045795462594348635e+00
4.440000000000000000e+02 5.716953679827054380e+00 5.703164915632744858e+00 6.058640122786529858e+00 6.058119536564716689e+00
4.460000000000000000e+02 5.718927038691270504e+00 5.711271434881410869e+00 6.056426608981300141e+00 6.061537502056088655e+00
4.480000000000000000e+02 5.712623711054384046e+00 5.703609506076486646e+00 6.049589554833708860e+00 6.053457797721889300e+00
4.500000000000000000e+02 5.708919871591188411e+00 5.695844599941032094e+00 6.043863583062482725e+00 6.043300874483435337e+00
4.520000000000000000e+02 5.711364408729549424e+00 5.700475102169313857e+00 6.045065713758079440e+00 6.047285233069114696e+00
4.540000000000000000e+02 5.712732057223682602e+00 5.698153406083983796e+00 6.047077510706121650e+00 6.045970994880508265e+00
4.560000000000000000e+02 5.705103601659554435e+00 5.694285243688224085e+00 6.040631637526445274e+00 6.043038218221409075e+00
4.580000000000000000e+02 5.713455001464784466e+00 5.705261673017933965e+00 6.053052527340221367e+00 6.057013499216115093e+00
4.600000000000000000e+02 5.715202537229479240e+00 5.694092175941404044e+00 6.054531563716972542e+00 6.045632983673804972e+00
4.620000000000000000e+02 5.707351708158437731e+00 5.692727651074977580e+00 6.047665684435642675e+00 6.045674065442137035e+00
4.640000000000000000e+02 5.706494875550866652e+00 5.695265878666901038e+00 6.045472109926627979e+00 6.046772975182058474e+00
4.660000000000000000e+02 5.715933649241527803e+00 5.712375468557116420e+00 6.052569975725588414e+00 6.061373342657776497e+00
4.680000000000000000e+02 5.707823446530485789e+00 5.700009529731791424e+00 6.045519675534924531e+00 6.050773908788309008e+00
4.700000000000000000e+02 5.714716225807784156e+00 5.698778812913491087e+00 6.050649386600330359e+00 6.047295723280718072e+00
4.720000000000000000e+02 5.715082819987149065e+00 5.707007449948257261e+00 6.049094671502164289e+00 6.052854811566701798e+00
4.740000000000000000e+02 5.718008631137194264e+00 5.710918771819413209e+00 6.047635098338985493e+00 6.052811648896468277e+00
4.760000000000000000e+02 5.718290820940005403e+00 5.709383680996584332e+00 6.050826359047958292e+00 6.054269709576481695e+00
4.780000000000000000e+02 5.730142262412265985e+00 5.717351986509974004e+00 6.061901618079959420e+00 6.060918179535592643e+00
4.800000000000000000e+02 5.724229472982399258e+00 5.715262356791261489e+00 6.055966079917449285e+00 6.058628032349208326e+00
4.820000000000000000e+02 5.707222781707042003e+00 5.699177358369650115e+00 6.040637803508399628e+00 6.043847645196745333e+00
4.840000000000000000e+02 5.712766010500195613e+00 5.702919957848882504e+00 6.048268429769481536e+00 6.049946302073076154e+00
4.860000000000000000e+02 5.704781047684511996e+00 5.698957146531587803e+00 6.038798733460016166e+00 6.044755891600065212e+00
4.880000000000000000e+02 5.718556918180247806e+00 5.704944727947549588e+00 6.052315406906487283e+00 6.050111024319363651e+00
4.900000000000000000e+02 5.726528670244488417e+00 5.713992881355483000e+00 6.057798986222822535e+00 6.056484584714205255e+00
4.920000000000000000e+02 5.716881931622775248e+00 5.707091455374602162e+00 6.048387585658234755e+00 6.050958249314557058e+00
4.940000000000000000e+02 5.709621914483425265e+00 5.703648666847072057e+00 6.045395073927283036e+00 6.050092925473508743e+00
4.960000000000000000e+02 5.717643549776781242e+00 5.702798719735654664e+00 6.050314498883992087e+00 6.046336949192365751e+00
4.980000000000000000e+02 5.712771775449800415e+00 5.703596294758021656e+00 6.048113958945431357e+00 6.049670032682821663e+00
5.000000000000000000e+02 5.714447245073105641e+00 5.702754679040030972e+00 6.047106899859297613e+00 6.046969727277193840e+00
5.000000000000000000e+02 5.713458763658239903e+00 5.703533674040913048e+00 6.052404695297354920e+00 6.053311737022819550e+00
4.980000000000000000e+02 5.729570824746591740e+00 5.718912782752222590e+00 6.067037895248773793e+00 6.067279329797358400e+00
4.960000000000000000e+02 5.718848240678284789e+00 5.707499287309427238e+00 6.057143224972123541e+00 6.057363198587978559e+00
4.940000000000000000e+02 5.724176701656058519e+00 5.710140736850908283e+00 6.060601551796355402e+00 6.058053151908151079e+00
4.920000000000000000e+02 5.715258032277142242e+00 5.707704528405532329e+00 6.049741382841457238e+00 6.053740794548752469e+00
4.900000000000000000e+02 5.717228585926210194e+00 5.706814062773189811e+00 6.049871187036265141e+00 6.051001488351944069e+00
4.880000000000000000e+02 5.707381736900996039e+00 5.701679472088779121e+00 6.041005762278214952e+00 6.046583509329501283e+00
4.860000000000000000e+02 5.709099805199348232e+00 5.696025577736977041e+00 6.041076949841539090e+00 6.040067569518474677e+00
4.840000000000000000e+02 5.726579515972934686e+00 5.714347224190515107e+00 6.060868610110768273e+00 6.060229348182958553e+00
4.820000000000000000e+02 5.716967294836177160e+00 5.708414175864411355e+00 6.053917208007971951e+00 6.057164684554663836e+00
4.800000000000000000e+02 5.709244266843667148e+00 5.705246538234395537e+00 6.044027662900103515e+00 6.052719399784084686e+00
4.780000000000000000e+02 5.723257327547924156e+00 5.707706770819988229e+00 6.059549647606909062e+00 6.055809448393747907e+00
4.760000000000000000e+02 5.710687107122169870e+00 5.695208142603127577e+00 6.047660555944504246e+00 6.044135688626051994e+00
4.740000000000000000e+02 5.708629267597319590e+00 5.694220224605038183e+00 6.043727128647433666e+00 6.041513779150412766e+00
4.720000000000000000e+02 5.718085500156132817e+00 5.702333308919239840e+00 6.052817015051148886e+00 6.049487456991486489e+00
4.700000000000000000e+02 5.716490830521219202e+00 5.703859590052418049e+00 6.049655859091784826e+00 6.049295987999090407e+00
4.680000000000000000e+02 5.708181312436553689e+00 5.699065813070483877e+00 6.042877662324373844e+00 6.046706991395738306e+00
4.660000000000000000e+02 5.720013854758483340e+00 5.704930872257096830e+00 6.053151661014115170e+00 6.051380097081070275e+00
4.640000000000000000e+02 5.712601612938417617e+00 5.703367674573195600e+00 6.047350418913771009e+00 6.051547301885919161e+00
4.620000000000000000e+02 5.721757788996310268e+00 5.709841487335372001e+00 6.056401702924206987e+00 6.057147391755648869e+00
4.600000000000000000e+02 5.726081992684817656e+00 5.714006493221206462e+00 6.059337920606429506e+00 6.060429222770373769e+00
4.580000000000000000e+02 5.713945397346513744e+00 5.698913503704454264e+00 6.047930100918446961e+00 6.045534328629794452e+00
4.560000000000000000e+02 5.718129462818343889e+00 5.700767784883518985e+00 6.054997297235607867e+00 6.050686541905139215e+00
4.540000000000000000e+02 5.714720468600524406e+00 5.702518846313843426e+00 6.052908303980980342e+00 6.053198665995471295e+00
4.520000000000000000e+02 5.713863639157009011e+00 5.703945672765349251e+00 6.049387200894127403e+00 6.051959218891210135e+00
4.500000000000000000e+02 5.715046065918913953e+00 5.702645930310967337e+00 6.048042208675255438e+00 6.047970137537955537e+00
4.480000000000000000e+02 5.720145663429288874e+00 5.711648763118972738e+00 6.053755288754779862e+00 6.058263596910546056e+00
4.460000000000000000e+02 5.724254458204702800e+00 5.707255693845992184e+00 6.056644821770054143e+00 6.053023137956003552e+00
4.440000000000000000e+02 5.725757599270804299e+00 5.712826227513994937e+00 6.059177206348221212e+00 6.059352656836598072e+00
4.420000000000000000e+02 5.718373859241862256e+00 5.704402679078304672e+00 6.051244763947317473e+00 6.049903780866270786e+00
4.400000000000000000e+02 5.720436266536403913e+00 5.709443419939765896e+00 6.053210439102036489e+00 6.055193729802724967e+00
4.380000000000000000e+02 5.723032628100432895e+00 5.708603321608034520e+00 6.057616164653217616e+00 6.056195503081868381e+00
4.360000000000000000e+02 5.720759139834237672e+00 5.707016418862275842e+00 6.055892488868003021e+00 6.055329380264582007e+00
4.340000000000000000e+02 5.723734510738948345e+00 5.716821308530589896e+00 6.054489521940113583e+00 6.060208767099907412e+00
4.320000000000000000e+02 5.713545007248708174e+00 5.698427273687051375e+00 6.044176687044438445e+00 6.043044548095145352e+00
4.300000000000000000e+02 5.699844009640850473e+00 5.689290150989787520e+00 6.034881402289154373e+00 6.038020938548484651e+00
4.280000000000000000e+02 5.725026487409251352e+00 5.705189605745790260e+00 6.056367350105130498e+00 6.050259969095394652e+00
4.260000000000000000e+02 5.721873024677058162e+00 5.711112479650176432e+00 6.052521530177494391e+00 6.054973192439486063e+00
4.240000000000000000e+02 5.719534588689821675e+00 5.708210139583812293e+00 6.047336721202070997e+00 6.050037510003287267e+00
4.220000000000000000e+02 5.729701510912980744e+00 5.716699751081137926e+00 6.055100275442036661e+00 6.055958711165738251e+00
4.200000000000000000e+02 5.721520840049339363e+00 5.707880058600596662e+00 6.054388064589960372e+00 6.053813745280690384e+00
4.180000000000000000e+02 5.712848570177369467e+00 5.698529929958749740e+00 6.045301061285857536e+00 6.044656913620114480e+00
4.160000000000000000e+02 5.710860557687271744e+00 5.687193794558999649e+00 6.042321842012404964e+00 6.032610474291313807e+00
4.140000000000000000e+02 5.717190231069077200e+00 5.705323092293949294e+00 6.050085077606584427e+00 6.051672780708217125e+00
4.120000000000000000e+02 5.716217285042697327e+00 5.707977112515116858e+00 6.049713756195648884e+00 6.054463257061888370e+00
4.100000000000000000e+02 5.716462083757612334e+00 5.707181299718944167e+00 6.051059386239794335e+00 6.054803028344032612e+00
4.080000000000000000e+02 5.718722280858984597e+00 5.710931744226508400e+00 6.052897495196833511e+00 6.059320703994664825e+00
4.060000000000000000e+02 5.722212711530537455e+00 5.705314848175614628e+00 6.056486585882039364e+00 6.053614034502847296e+00
4.040000000000000000e+02 5.728732250706583429e+00 5.714005292240985412e+00 6.057472186182570439e+00 6.056730743086663260e+00
4.020000000000000000e+02 5.738244135987463856e+00 5.720704445356872725e+00 6.063655241656081607e+00 6.060639428041756815e+00
4.000000000000000000e+02 5.738513681213103901e+00 5.720804624724683762e+00 6.064506873921567731e+00 6.061218073030293141e+00
3.980000000000000000e+02 5.733298850530947455e+00 5.720842579280597029e+00 6.060121004091616470e+00 6.061957750470373441e+00
3.960000000000000000e+02 5.724778807096658539e+00 5.707001365375637292e+00 6.057400195960569889e+00 6.054226547804133496e+00
3.940000000000000000e+02 5.737483717235063452e+00 5.719161984888198269e+00 6.069769753635053000e+00 6.066079762289191102e+00
3.920000000000000000e+02 5.715408661657560785e+00 5.702757162540797786e+00 6.047947159938830808e+00 6.049926045805717578e+00
3.900000000000000000e+02 5.734751302328804812e+00 5.719674644132853203e+00 6.067323374247449053e+00 6.066421455694218423e+00
3.880000000000000000e+02 5.737487722708048743e+00 5.718603845255218587e+00 6.071177205268846855e+00 6.066309588787130558e+00
3.860000000000000000e+02 5.725326380264559312e+00 5.711875305188533147e+00 6.056881451688517437e+00 6.057664295629452411e+00
3.840000000000000000e+02 5.727219421142515365e+00 5.711699130400051061e+00 6.059083035326968236e+00 6.057573002960027431e+00
3.820000000000000000e+02 5.732058363854500627e+00 5.718149242560848222e+00 6.062688542531057045e+00 6.063387383901584826e+00
3.800000000000000000e+02 5.727357554365283931e+00 5.713254324524381644e+00 6.058734134460009635e+00 6.059245032662629704e+00
3.780000000000000000e+02 5.739690822635632017e+00 5.723616876674541665e+00 6.069603191156176081e+00 6.067668989977971883e+00
3.760000000000000000e+02 5.735409141517187948e+00 5.721648562751141753e+00 6.066634062919708192e+00 6.066776360607444296e+00
3.740000000000000000e+02 5.727549820905913691e+00 5.719779224591940547e+00 6.060838822654575964e+00 6.066964222529518835e+00
3.720000000000000000e+02 5.734610924967187273e+00 5.721432753786459102e+00 6.065443863937378666e+00 6.066169290797237323e+00
3.700000000000000000e+02 5.726475018488552671e+00 5.716771743393992189e+00 6.055887926771607255e+00 6.059878528746394544e+00
3.680000000000000000e+02 5.737352069965502288e+00 5.725763443360092353e+00 6.066517708770923889e+00 6.068872561121863463e+00
3.660000000000000000e+02 5.728205578075724169e+00 5.717253569322959805e+00 6.052552997767467247e+00 6.054841704093089305e+00
3.640000000000000000e+02 5.738202335055502701e+00 5.727746970129426352e+00 6.063955934146718185e+00 6.066958136463315832e+00
3.620000000000000000e+02 5.739112820972900764e+00 5.724151395423064947e+00 6.065740311749296509e+00 6.064959471837335414e+00
3.600000000000000000e+02 5.724343345671782046e+00 5.711583980588564202e+00 6.050415720024089339e+00 6.051865370124349219e+00
3.580000000000000000e+02 5.723081157345173864e+00 5.716175322628625821e+00 6.053300766609632788e+00 6.060192513150891358e+00
3.560000000000000000e+02 5.721275963075888704e+00 5.718064838472402656e+00 6.052706589116695568e+00 6.062236581799877122e+00
3.540000000000000000e+02 5.726706200456078477e+00 5.714232392961653417e+00 6.058883318985688327e+00 6.059732624748288110e+00
3.520000000000000000e+02 5.726231741027570266e+00 5.711624099479090333e+00 6.059485907392403448e+00 6.058476604539216659e+00
3.500000000000000000e+02 5.727812397495195995e+00 5.709925407486735160e+00 6.059176005533182696e+00 6.054224865913469422e+00
3.480000000000000000e+02 5.726218125564050077e+00 5.714693161032502466e+00 6.058046744466100364e+00 6.059285229618829760e+00
3.460000000000000000e+02 5.715800719541071828e+00 5.701655529097648056e+00 6.047395499182941059e+00 6.045719308656818392e+00
3.440000000000000000e+02 5.732492464182569414e+00 5.716076826109103060e+00 6.064885479374193977e+00 6.061822418955449265e+00
3.420000000000000000e+02 5.729668120218601501e+00 5.712248548014289717e+00 6.061954788436621833e+00 6.057778566769582262e+00
3.400000000000000000e+02 5.730269505541574659e+00 5.716861988793228377e+00 6.063619209476166283e+00 6.063341336687513738e+00
3.380000000000000000e+02 5.735604371035160298e+00 5.714860446361659463e+00 6.067436603841001919e+00 6.059851143498797832e+00
3.360000000000000000e+02 5.733562624321408840e+00 5.716200065706056321e+00 6.063502052552288468e+00 6.059632447343910933e+00
3.340000000000000000e+02 5.735039982364972921e+00 5.716445664650501968e+00 6.064610413044305481e+00 6.058486371796968584e+00
3.320000000000000000e+02 5.737512785274597071e+00 5.723767341299147660e+00 6.068273497279539797e+00 6.067582744308885445e+00
3.300000000000000000e+02 5.728160253201766139e+00 5.714371649146303689e+00 6.062573709843121605e+00 6.061584428128893975e+00
3.280000000000000000e+02 5.715389841380817515e+00 5.706321825166018158e+00 6.049138236536301783e+00 6.052936812965154623e+00
3.260000000000000000e+02 5.725406857815943162e+00 5.713595693271957821e+00 6.060450444762500055e+00 6.060970789145811999e+00
3.240000000000000000e+02 5.725749349493702844e+00 5.711723876533998379e+00 6.061488974443393296e+00 6.060492887073811730e+00
3.220000000000000000e+02 5.731785295574151284e+00 5.723230099528060499e+00 6.065017766921124931e+00 6.069187346660168458e+00
3.200000000000000000e+02 5.729273978349781693e+00 5.712208186088584938e+00 6.062030703959741196e+00 6.057206647245746645e+00
3.180000000000000000e+02 5.727787812244941712e+00 5.715286376835862825e+00 6.063793298230995887e+00 6.062837005694369452e+00
3.160000000000000000e+02 5.729976980378377327e+00 5.718968597162595202e+00 6.066682670363788610e+00 6.066990648949351694e+00
3.140000000000000000e+02 5.729010920656724792e+00 5.715708389297180503e+00 6.065581197726181095e+00 6.063660289382838187e+00
3.120000000000000000e+02 5.738505429299002536e+00 5.720316226340279364e+00 6.073134387368500420e+00 6.066631898840152637e+00
3.100000000000000000e+02 5.737450244054696391e+00 5.725498784882132597e+00 6.069377130809741949e+00 6.069162121778574281e+00
3.080000000000000000e+02 5.732156458612771566e+00 5.724281040463494286e+00 6.066303100225057143e+00 6.069810512498936106e+00
3.060000000000000000e+02 5.739905430502445505e+00 5.730186462085964827e+00 6.075965142684111697e+00 6.077918084190184089e+00
3.040000000000000000e+02 5.740732394941689520e+00 5.734355074117387652e+00 6.075105106156441614e+00 6.080112139401016691e+00
3.020000000000000000e+02 5.735918114156475234e+00 5.725007346536931330e+00 6.068930455940320989e+00 6.069626253168636687e+00
3.000000000000000000e+02 5.735114694388637524e+00 5.734055822982981887e+00 6.068647301423049534e+00 6.079227517911765410e+00
2.980000000000000000e+02 5.745431524211811691e+00 5.734315836024440394e+00 6.077530987996286882e+00 6.077872839518735582e+00
2.960000000000000000e+02 5.743710409976883646e+00 5.727588657416923468e+00 6.076457942502352161e+00 6.071973739306753437e+00
2.940000000000000000e+02 5.754233440124398413e+00 5.737341738515104872e+00 6.086263966190296415e+00 6.080629523558172878e+00
2.920000000000000000e+02 5.743749728913665642e+00 5.735584509680711207e+00 6.079162575910862287e+00 6.081927986903875372e+00
2.900000000000000000e+02 5.737427983451382829e+00 5.729553526239127947e+00 6.072351066590223390e+00 6.075675180695812472e+00
2.880000000000000000e+02 5.729630483602319302e+00 5.729664035856325555e+00 6.065287232211810320e+00 6.076052029946759525e+00
2.860000000000000000e+02 5.733582085521996774e+00 5.717399632627446771e+00 6.070229162566085357e+00 6.065273698536588931e+00
2.840000000000000000e+02 5.728649048325320514e+00 5.719053559950657117e+00 6.064509193686000721e+00 6.065733986326377725e+00
2.820000000000000000e+02 5.728571693924465080e+00 5.719651422424711029e+00 6.064982455054309440e+00 6.066148951434621850e+00
2.800000000000000000e+02 5.728911064209927240e+00 5.724694083890951468e+00 6.062579716959379361e+00 6.068205191893876638e+00
2.780000000000000000e+02 5.732468603375948213e+00 5.717861924911180616e+00 6.063960501551314941e+00 6.060214056791446424e+00
2.760000000000000000e+02 5.734194198848430624e+00 5.722802967356741988e+00 6.066732476991086642e+00 6.066053979821164788e+00
2.740000000000000000e+02 5.737416453196558130e+00 5.727588497799850131e+00 6.072447080921667073e+00 6.072554625134440442e+00
2.720000000000000000e+02 5.734381982963190794e+00 5.724759346276776739e+00 6.070857293398626453e+00 6.071123791372715850e+00
2.700000000000000000e+02 5.730709531776109422e+00 5.723472734681675611e+00 6.067431638473760991e+00 6.070685844326391134e+00
2.680000000000000000e+02 5.723307455880410011e+00 5.717777038496660857e+00 6.060597386961659616e+00 6.065450589824359362e+00
2.660000000000000000e+02 5.730279671701060451e+00 5.716341321792635100e+00 6.065011440545316823e+00 6.061444129177192330e+00
2.640000000000000000e+02 5.733232462893287362e+00 5.727033635253810928e+00 6.067850044056242176e+00 6.071533308066017653e+00
2.620000000000000000e+02 5.740656961719522222e+00 5.729249549823284937e+00 6.074579554737566944e+00 6.073196286725279336e+00
2.600000000000000000e+02 5.729900585949983416e+00 5.720636218428968967e+00 6.063986445926802027e+00 6.064810927666802520e+00
2.580000000000000000e+02 5.740635981143358713e+00 5.731149078408130038e+00 6.073346674532773548e+00 6.074355256784665258e+00
2.560000000000000000e+02 5.741789661203860362e+00 5.736326910755033204e+00 6.075150989069762808e+00 6.080079146482518127e+00
2.540000000000000000e+02 5.740309584523178188e+00 5.727445397757248813e+00 6.075504855811308502e+00 6.072547337114605703e+00
2.520000000000000000e+02 5.742959921567982740e+00 5.735529414471403520e+00 6.078647915666398838e+00 6.080853739619118237e+00
2.500000000000000000e+02 5.740020824211043760e+00 5.733288196855424346e+00 6.073134228879367491e+00 6.076207138170125255e+00
2.480000000000000000e+02 5.740524752751371196e+00 5.732602651554271844e+00 6.070265915815652669e+00 6.072595864254355824e+00
2.460000000000000000e+02 5.733835529064246650e+00 5.722664268616169281e+00 6.070826620893822856e+00 6.069734198034362649e+00
2.440000000000000000e+02 5.733530913768913884e+00 5.725935449839196778e+00 6.070646206092758845e+00 6.072850592290810035e+00
2.420000000000000000e+02 5.737536007514672853e+00 5.724625056015386626e+00 6.074849417430216114e+00 6.072202201507134411e+00
2.400000000000000000e+02 5.734225029143146024e+00 5.721221347520176082e+00 6.072210609601516929e+00 6.068907394992051785e+00
2.380000000000000000e+02 5.733651191255303203e+00 5.725983496750239432e+00 6.066407201089573320e+00 6.068138726389601167e+00
2.360000000000000000e+02 5.726499358675759765e+00 5.719262483041888778e+00 6.059811421547493637e+00 6.062748840493019209e+00
2.340000000000000000e+02 5.729644016670241591e+00 5.717729554015440030e+00 6.064928482664141640e+00 6.062238104790695026e+00
2.320000000000000000e+02 5.738108725003389310e+00 5.732153894610073408e+00 6.070944417071706845e+00 6.074634407814035519e+00
2.300000000000000000e+02 5.736367592110544145e+00 5.733398705214085567e+00 6.071053082753850916e+00 6.077667360278971920e+00
2.280000000000000000e+02 5.734181866705318598e+00 5.720271625651028202e+00 6.069243320732633507e+00 6.064702103093340568e+00
2.260000000000000000e+02 5.739984627148482232e+00 5.725911426254644887e+00 6.074758287669234313e+00 6.069435187787818542e+00
2.240000000000000000e+02 5.736302488049392245e+00 5.727129890788604349e+00 6.073864939151442321e+00 6.073608449935967712e+00
2.220000000000000000e+02 5.730522550770472456e+00 5.714788855421278235e+00 6.068198225168566218e+00 6.061437565817492157e+00
2.200000000000000000e+02 5.723137293175071250e+00 5.721744897312312617e+00 6.059629087431109618e+00 6.067805122807600426e+00
2.180000000000000000e+02 5.728929481460510509e+00 5.727046610403856874e+00 6.063444157585859529e+00 6.071012002944975450e+00
2.160000000000000000e+02 5.736018451717868061e+00 5.730767506048396243e+00 6.070575096663216819e+00 6.074877924258498041e+00
2.140000000000000000e+02 5.727237758602177209e+00 5.719443378399239108e+00 6.062092684172388779e+00 6.063227706335634792e+00
2.120000000000000000e+02 5.736623999458519307e+00 5.724264546042733492e+00 6.072298292940437214e+00 6.069909330345877763e+00
2.100000000000000000e+02 5.736970098021435760e+00 5.727299255822330792e+00 6.071511449235457825e+00 6.071953879697903567e+00
2.080000000000000000e+02 5.746162154599998573e+00 5.730978673880855467e+00 6.076320929986184005e+00 6.070689930424931546e+00
2.060000000000000000e+02 5.733406555392115855e+00 5.726992799203943107e+00 6.064579263775510931e+00 6.068159227584738247e+00
2.040000000000000000e+02 5.729792641233438566e+00 5.722544954053580213e+00 6.062934462223003251e+00 6.065155582796186273e+00
2.020000000000000000e+02 5.735539428369987647e+00 5.727543334077980219e+00 6.067465191967887250e+00 6.069142984445437428e+00
2.000000000000000000e+02 5.735760841489629058e+00 5.726984789994564728e+00 6.069652358593058850e+00 6.071049559449647859e+00
1.980000000000000000e+02 5.721334017491360058e+00 5.710787126623428911e+00 6.056309373387310124e+00 6.055205741843726841e+00
1.960000000000000000e+02 5.719975977866281980e+00 5.712165904968649954e+00 6.054524116668982714e+00 6.056329873898064875e+00
1.940000000000000000e+02 5.742594204737003771e+00 5.725949783246885971e+00 6.077737507890708990e+00 6.071274978411358880e+00
1.920000000000000000e+02 5.718990140785916054e+00 5.720214047799223600e+00 6.055356528242888281e+00 6.066282039305280094e+00
1.900000000000000000e+02 5.720321033657006282e+00 5.714673542685691388e+00 6.055119656590439270e+00 6.059635491276696762e+00
1.880000000000000000e+02 5.742665712738594941e+00 5.729315615951859897e+00 6.075707530852269223e+00 6.073389597258620043e+00
1.860000000000000000e+02 5.739513770278803051e+00 5.730777115761862106e+00 6.069962420362672084e+00 6.071821749676395541e+00
1.840000000000000000e+02 5.733820796950203302e+00 5.721330654534114935e+00 6.069280478343100249e+00 6.068086676804996138e+00
1.820000000000000000e+02 5.733831847493002343e+00 5.723506129008086418e+00 6.069299456575312668e+00 6.070264396027700293e+00
1.800000000000000000e+02 5.729955358091581630e+00 5.726915522055310959e+00 6.066210129043319021e+00 6.074314336610349585e+00
1.780000000000000000e+02 5.736295040893317321e+00 5.725779457797434802e+00 6.071781231136935908e+00 6.072087609532872854e+00
1.760000000000000000e+02 5.737119764390760324e+00 5.729913396768562706e+00 6.070683684412897740e+00 6.074405865713057295e+00
1.740000000000000000e+02 5.728614455461891630e+00 5.717320275739100843e+00 6.060911372404212294e+00 6.060908730433373748e+00
1.720000000000000000e+02 5.724960904882239632e+00 5.711256142491333065e+00 6.059919928970354697e+00 6.057619611180164121e+00
1.700000000000000000e+02 5.727136779417939749e+00 5.714600592810322510e+00 6.060378614438458378e+00 6.059718052594226911e+00
1.680000000000000000e+02 5.734853638819312316e+00 5.724992533879056822e+00 6.068883369664674454e+00 6.071363465599402431e+00
1.660000000000000000e+02 5.735116217540801031e+00 5.717899721322753592e+00 6.069817241858569190e+00 6.063621212851712627e+00
1.640000000000000000e+02 5.725753914247921017e+00 5.711761912033359145e+00 6.060931472151765753e+00 6.058401169685237342e+00
1.620000000000000000e+02 5.732987665725700843e+00 5.729534468875053577e+00 6.062487945665604450e+00 6.070604005642943335e+00
1.600000000000000000e+02 5.726621318380102466e+00 5.713662241368761663e+00 6.055729609895739607e+00 6.054155759608338627e+00
1.580000000000000000e+02 5.735997873391739610e+00 5.719750878734641830e+00 6.064730529437151851e+00 6.059674729567505302e+00
1.560000000000000000e+02 5.728490017731006745e+00 5.719849216557176597e+00 6.057485962166881954e+00 6.060272273049535308e+00
1.540000000000000000e+02 5.722851735839070031e+00 5.714623255051261452e+00 6.052849529002030771e+00 6.056034707679664564e+00
1.520000000000000000e+02 5.725038899557829630e+00 5.713483026263010522e+00 6.055274766902535966e+00 6.056283029305188137e+00
1.500000000000000000e+02 5.725689371465419342e+00 5.717856475928679849e+00 6.055897452628199673e+00 6.059819429277741420e+00
1.480000000000000000e+02 5.737083087347667032e+00 5.725233807922673890e+00 6.063708093463329618e+00 6.064573015677364509e+00
1.460000000000000000e+02 5.741205338055081597e+00 5.725684327017331654e+00 6.067523330272861060e+00 6.064697458328348390e+00
1.440000000000000000e+02 5.729313375816532883e+00 5.718930641939445003e+00 6.053939227669251189e+00 6.056423485524468298e+00
1.420000000000000000e+02 5.730937355365704811e+00 5.725599041811626932e+00 6.058905181578235322e+00 6.066030112780127048e+00
1.400000000000000000e+02 5.727208049363571085e+00 5.713306695673514568e+00 6.055802481409342519e+00 6.055457266085424450e+00
1.380000000000000000e+02 5.726141573308888510e+00 5.716913560098521252e+00 6.057272312752795429e+00 6.061365895131604731e+00
1.360000000000000000e+02 5.730616322239032279e+00 5.716040951363490663e+00 6.062523902705695633e+00 6.061352681853348301e+00
1.340000000000000000e+02 5.733635739039465662e+00 5.716392581200956613e+00 6.065840332254095912e+00 6.061842047563977154e+00
1.320000000000000000e+02 5.725697780022683148e+00 5.714531243786634462e+00 6.055092829660131848e+00 6.056615671392164835e+00
1.300000000000000000e+02 5.731214907029865024e+00 5.716603902383819324e+00 6.061454625190282997e+00 6.059016091784087621e+00
1.280000000000000000e+02 5.725983579234131149e+00 5.719789155383296908e+00 6.054790937199915568e+00 6.060097540318440501e+00
1.260000000000000000e+02 5.724434632079326235e+00 5.715501068216272351e+00 6.053278023404861763e+00 6.056016609884553148e+00
1.240000000000000000e+02 5.730310665194244812e+00 5.718522964570658118e+00 6.059344968847488744e+00 6.059072222512559058e+00
1.220000000000000000e+02 5.722982260825760115e+00 5.711943690949305541e+00 6.054990010413534129e+00 6.056466569147575640e+00
1.200000000000000000e+02 5.729472810665741100e+00 5.719112820666244268e+00 6.060861004425608378e+00 6.063109034547520260e+00
1.180000000000000000e+02 5.722762766264091638e+00 5.712659023798783764e+00 6.054166647749457120e+00 6.057347664147837207e+00
1.160000000000000000e+02 5.726238706694975811e+00 5.712963882994437803e+00 6.056118388428322064e+00 6.056317143834687222e+00
1.140000000000000000e+02 5.724728757801387680e+00 5.705948662337821276e+00 6.051916457892006385e+00 6.047161271595351550e+00
1.120000000000000000e+02 5.729175803002255485e+00 5.710394344199985817e+00 6.060164567767881039e+00 6.055800960590880244e+00
1.100000000000000000e+02 5.724986050102216950e+00 5.712332788588600607e+00 6.055807287054330246e+00 6.057717385703128343e+00
1.080000000000000000e+02 5.726895343376568803e+00 5.707037161047209928e+00 6.058142116734289040e+00 6.052579586089381181e+00
1.060000000000000000e+02 5.729542716883341491e+00 5.711013664304930515e+00 6.060684991283676659e+00 6.057025270168488795e+00
1.040000000000000000e+02 5.720771392508671838e+00 5.708902252507353836e+00 6.049488576952013474e+00 6.052284496896296773e+00
1.020000000000000000e+02 5.727830414149189586e+00 5.714496490871209922e+00 6.057421897345889761e+00 6.058770809782492606e+00
1.000000000000000000e+02 5.726534677103576776e+00 5.712594723993101198e+00 6.053539321253452066e+00 6.055157374939964754e+00
9.800000000000000000e+01 5.734643195366746937e+00 5.711463543419991851e+00 6.063709534887897767e+00 6.056197746707420393e+00
9.600000000000000000e+01 5.741513795861463265e+00 5.728802877225570356e+00 6.067933807217190001e+00 6.070540583623117215e+00
9.400000000000000000e+01 5.728044385942538952e+00 5.723054248176706160e+00 6.052475407034141774e+00 6.062458396770801450e+00
9.200000000000000000e+01 5.738701063551270742e+00 5.720740000470026843e+00 6.060631982667888273e+00 6.057401317089519566e+00
9.000000000000000000e+01 5.732491185139200418e+00 5.722160420689461624e+00 6.056426127887373667e+00 6.061559123048246178e+00
8.800000000000000000e+01 5.727978320993799777e+00 5.714172256881754564e+00 6.053058613816012290e+00 6.054708136974348065e+00
8.600000000000000000e+01 5.734656890705615240e+00 5.712716600674032641e+00 6.059505765432130708e+00 6.052978692688566476e+00
8.400000000000000000e+01 5.733149104377290861e+00 5.716712805753243032e+00 6.060859242266259272e+00 6.059800132079448787e+00
8.200000000000000000e+01 5.727917140461915579e+00 5.715041100702883625e+00 6.054567120915838707e+00 6.057252132249540288e+00
8.000000000000000000e+01 5.730654679361284920e+00 5.718107282710962913e+00 6.059247113355169745e+00 6.062919810130320997e+00
7.800000000000000000e+01 5.730757901032511370e+00 5.718634511770791740e+00 6.059087279055798803e+00 6.062668681755674527e+00
7.600000000000000000e+01 5.733537160699219370e+00 5.710237871513730745e+00 6.060002407293353599e+00 6.052971165808259890e+00
7.400000000000000000e+01 5.725809091344631341e+00 5.714954136146374708e+00 6.052438889892203022e+00 6.057973794548047408e+00
7.200000000000000000e+01 5.739940666703414962e+00 5.718578299076651383e+00 6.066798622735048774e+00 6.061751711224745875e+00
7.000000000000000000e+01 5.736629368654345029e+00 5.716082273788986257e+00 6.062390733488541628e+00 6.058796196070390216e+00
6.800000000000000000e+01 5.735639283629486052e+00 5.715054314184271789e+00 6.062981786417807051e+00 6.059752166147450048e+00
6.600000000000000000e+01 5.742495870599993779e+00 5.722788311378659287e+00 6.066473425769782324e+00 6.063568278924063470e+00
6.400000000000000000e+01 5.740891511218036314e+00 5.728606686532863534e+00 6.064995107118209106e+00 6.070741339195931729e+00
6.200000000000000000e+01 5.733247279360317528e+00 5.712463237170588570e+00 6.059723255912904172e+00 6.056571232368875179e+00
6.000000000000000000e+01 5.739987752464916326e+00 5.720402791815175192e+00 6.064048986350663029e+00 6.061962715839203319e+00
5.800000000000000000e+01 5.743506692995644869e+00 5.723592695488252780e+00 6.068461360193346366e+00 6.066495530320660912e+00
5.600000000000000000e+01 5.746106581616008846e+00 5.733894066401930445e+00 6.068879207892830863e+00 6.074887694339317079e+00
5.400000000000000000e+01 5.729509086559564146e+00 5.712957154717487107e+00 6.054840505438925824e+00 6.057203524768748792e+00
5.200000000000000000e+01 5.739030741599018270e+00 5.720407036163449810e+00 6.064022560209522794e+00 6.064420387923477485e+00
5.000000000000000000e+01 5.743667170014337131e+00 5.726348651189079320e+00 6.066728474533165993e+00 6.068147534353722783e+00
4.800000000000000000e+01 5.744153403861005813e+00 5.724132979605694338e+00 6.066467501714082999e+00 6.065705319808136764e+00
4.600000000000000000e+01 5.745507118975574201e+00 5.728056070177445669e+00 6.065225972021798917e+00 6.066537806652723575e+00
4.400000000000000000e+01 5.746449554110371949e+00 5.725883320193535297e+00 6.067181634366383136e+00 6.066049413405526280e+00
4.200000000000000000e+01 5.744183031706759479e+00 5.727254731979545710e+00 6.063839743023177853e+00 6.065263447119315643e+00
4.000000000000000000e+01 5.739116025882903038e+00 5.720461968759170901e+00 6.061540545727579499e+00 6.062581397193891775e+00
3.800000000000000000e+01 5.740505377377341567e+00 5.723428213212117477e+00 6.059927937004595755e+00 6.063076519896680061e+00
3.600000000000000000e+01 5.740395350414053688e+00 5.720298932842374562e+00 6.060225746650255374e+00 6.062291918003751334e+00
3.400000000000000000e+01 5.748856614053151404e+00 5.723214483458556323e+00 6.068983147465210948e+00 6.065664636844496194e+00
3.200000000000000000e+01 5.746551494726918285e+00 5.722390725003582368e+00 6.064285216811550860e+00 6.063746292411726024e+00
3.000000000000000000e+01 5.750114878801134033e+00 5.725184880440128410e+00 6.068213279787809000e+00 6.067305515635526447e+00
2.800000000000000000e+01 5.755704554417703456e+00 5.734423140260530793e+00 6.070809968440264548e+00 6.074520776954395629e+00
2.600000000000000000e+01 5.749662918450868965e+00 5.722605093690784628e+00 6.065819108426243389e+00 6.063664372693977178e+00
2.400000000000000000e+01 5.759745360219764798e+00 5.730874810826399823e+00 6.075575963994429785e+00 6.072743366995335457e+00
2.200000000000000000e+01 5.755513326803026075e+00 5.730440630912553956e+00 6.066863725542005703e+00 6.068722896174398862e+00
2.000000000000000000e+01 5.758729093381127484e+00 5.734866450749263933e+00 6.070311961613697349e+00 6.073950861550390989e+00
1.800000000000000000e+01 5.759196907694126288e+00 5.734097144201179219e+00 6.070095990807009123e+00 6.072925785156825462e+00
1.600000000000000000e+01 5.758721164913795043e+00 5.733983914468025134e+00 6.069121842580568860e+00 6.072737202117778565e+00
1.400000000000000000e+01 5.747840031338351530e+00 5.722185724931032169e+00 6.061657543366969492e+00 6.063877539278184514e+00
1.200000000000000000e+01 5.743289364880764580e+00 5.718051786379145796e+00 6.061073372454040431e+00 6.062120309052308365e+00
1.000000000000000000e+01 5.750429425045328280e+00 5.721278202826623804e+00 6.069432947342969342e+00 6.065168395999012141e+00
8.000000000000000000e+00 5.750379133985036972e+00 5.727060224716738368e+00 6.066179217987365035e+00 6.067004023203668162e+00
6.000000000000000000e+00 5.745220598383021127e+00 5.719860985971990885e+00 6.065196581468310200e+00 6.063529841680435517e+00
4.000000000000000000e+00 5.737055461988123994e+00 5.719901344362018136e+00 6.059476296017097141e+00 6.063793217511716627e+00
3.899999999999999911e+00 5.742386725445927098e+00 5.722448378792487134e+00 6.063561152069995686e+00 6.064635955879914775e+00
3.799999999999999822e+00 5.755324420906513083e+00 5.730038880129987966e+00 6.073770845860628320e+00 6.069841664776004286e+00
3.700000000000000178e+00 5.738453381741739356e+00 5.726872360763288761e+00 6.053871801672391584e+00 6.063668615470440670e+00
3.600000000000000089e+00 5.744225153724491051e+00 5.722505235505112253e+00 6.062953121066161799e+00 6.062862551326199778e+00
3.500000000000000000e+00 5.749251160036508601e+00 5.728077052001406599e+00 6.065649905816732357e+00 6.065648542511796748e+00
3.399999999999999911e+00 5.747008339049329173e+00 5.725223319454473270e+00 6.065557415265445229e+00 6.065501040883385819e+00
3.299999999999999822e+00 5.742947190000278646e+00 5.720292924617363717e+00 6.061569773598081134e+00 6.059853382367446528e+00
3.200000000000000178e+00 5.733864521688859739e+00 5.717148748783149159e+00 6.053017532077584306e+00 6.057460414449161945e+00
3.100000000000000089e+00 5.754099072291193551e+00 5.730554822738613829e+00 6.069993091837110555e+00 6.067422511284649822e+00
3.000000000000000000e+00 5.750871374206748321e+00 5.731118648563605866e+00 6.068791762545201252e+00 6.070450496014649922e+00
2.899999999999999911e+00 5.749873044646068188e+00 5.729213437445583423e+00 6.067770449795952814e+00 6.067898573326241163e+00
2.799999999999999822e+00 5.744379943021516333e+00 5.726781792416232086e+00 6.063725471640220910e+00 6.067061357278932476e+00
2.700000000000000178e+00 5.744281367515188030e+00 5.723673811637962849e+00 6.063998297638995894e+00 6.063904125452534544e+00
2.600000000000000089e+00 5.739702916724934489e+00 5.719962764236805164e+00 6.061707668700671015e+00 6.062824594944454581e+00
2.500000000000000000e+00 5.743609834711820739e+00 5.723961451089882857e+00 6.066204364792070258e+00 6.066512103504230424e+00
2.399999999999999911e+00 5.752054122334016917e+00 5.726270257027321620e+00 6.070120173923287510e+00 6.064529695447310687e+00
2.299999999999999822e+00 5.746473899513255823e+00 5.726161511098847967e+00 6.064290262026987399e+00 6.064153088340495934e+00
2.200000000000000178e+00 5.728578422187034391e+00 5.713402947453060321e+00 6.050462324157559912e+00 6.054909691520482973e+00
2.100000000000000089e+00 5.731914304473051835e+00 5.711566123280604756e+00 6.051712660519348752e+00 6.050898509045564921e+00
2.000000000000000000e+00 5.723971063869173648e+00 5.700362674088540693e+00 6.047813667367511137e+00 6.044070585618436020e+00
1.899999999999999911e+00 5.727349790606361957e+00 5.710726108901298836e+00 6.050882175958036235e+00 6.053200671951577405e+00
1.800000000000000044e+00 5.738368979222552291e+00 5.723189181422892347e+00 6.062871520721590635e+00 6.067403772440964183e+00
1.699999999999999956e+00 5.733198272986524735e+00 5.711578854386265114e+00 6.052798757825914144e+00 6.050544403153213402e+00
1.600000000000000089e+00 5.740354270831065087e+00 5.724263024126698518e+00 6.061222076928750369e+00 6.063918778892469774e+00
1.500000000000000000e+00 5.735593240167518481e+00 5.715301674612639715e+00 6.058710590514481353e+00 6.057573966167587365e+00
1.399999999999999911e+00 5.726032427719748519e+00 5.709245548788564051e+00 6.047962291823551162e+00 6.049974491146588029e+00
1.300000000000000044e+00 5.738803642198676336e+00 5.719511045124059834e+00 6.061185960488780111e+00 6.060847550330380251e+00
1.199999999999999956e+00 5.730910448404332946e+00 5.712555484235148029e+00 6.053405667944610435e+00 6.054272752238270883e+00
1.100000000000000089e+00 5.739846416864927470e+00 5.712269048074408495e+00 6.061953268073973611e+00 6.053257686696770890e+00
1.000000000000000000e+00 5.737242364908030190e+00 5.716220407197372566e+00 6.059234461698282281e+00 6.057158761175140960e+00
9.000000000000000222e-01 5.732650621208744468e+00 5.721898168332534951e+00 6.052913270015658931e+00 6.061177314038340924e+00
8.000000000000000444e-01 5.743689830800684071e+00 5.725288422869545535e+00 6.065440179400503951e+00 6.066030996818915888e+00
6.999999999999999556e-01 5.740853073603936707e+00 5.720101778724636432e+00 6.063805469057000685e+00 6.062441421078838211e+00
5.999999999999999778e-01 5.740439792797022989e+00 5.718405730726884073e+00 6.060163445444526786e+00 6.056350934287258347e+00
5.000000000000000000e-01 5.744306911555437267e+00 5.723090047782327439e+00 6.064410698359477436e+00 6.061343877513878375e+00
4.000000000000000222e-01 5.744275523481866763e+00 5.728253864873278367e+00 6.061915952687471076e+00 6.064528333227924506e+00
2.999999999999999889e-01 5.750446800196931108e+00 5.726659835180369917e+00 6.066961579962587336e+00 6.060929310449532537e+00
2.000000000000000111e-01 5.742804650806011324e+00 5.723792726915069906e+00 6.059970456283498841e+00 6.060225664569030002e+00
1.000000000000000056e-01 5.741280931232645379e+00 5.725367778591928136e+00 6.061922597889597419e+00 6.064367776571095270e+00
0.000000000000000000e+00 5.736723623004109207e+00 5.721301107944737119e+00 6.056387533269285584e+00 6.060056302821827501e+00
-1.000000000000000056e-01 5.748929564157639227e+00 5.730185821783726929e+00 6.068898984914812722e+00 6.066892713048301466e+00
-2.000000000000000111e-01 5.740995531728058765e+00 5.727329847484125658e+00 6.064060116475470608e+00 6.063544576806345177e+00
-2.999999999999999889e-01 5.721932601320639300e+00 5.719284746002400333e+00 6.052510157838052685e+00 6.057530883275017430e+00
-4.000000000000000222e-01 5.721006579290597749e+00 5.714893838510596069e+00 6.055840116945423013e+00 6.052125783926048719e+00
-5.000000000000000000e-01 5.715615339697247776e+00 5.719376593289102750e+00 6.053333519228228710e+00 6.058324613817346105e+00
-5.999999999999999778e-01 5.727858520448223523e+00 5.731014707916784801e+00 6.064723162877624141e+00 6.069093335625947105e+00
-6.999999999999999556e-01 5.717374970320460825e+00 5.714650802614229086e+00 6.054965187157732132e+00 6.053158949844304360e+00
-8.000000000000000444e-01 5.720312948008252185e+00 5.713371878102305068e+00 6.057008777493480878e+00 6.050274701275146327e+00
-9.000000000000000222e-01 5.714191957362662500e+00 5.712669596226491286e+00 6.052711314963393541e+00 6.051938881894647793e+00
-1.000000000000000000e+00 5.731740693637630280e+00 5.725252226368850117e+00 6.069463615569390846e+00 6.063737803172482899e+00
-1.100000000000000089e+00 5.722799682767138130e+00 5.720957010390240072e+00 6.061075292688888005e+00 6.059838968434133832e+00
-1.199999999999999956e+00 5.730307941260955218e+00 5.728915467379772863e+00 6.065291315238437342e+00 6.064886841575283682e+00
-1.300000000000000044e+00 5.725305558936495842e+00 5.728022199463065789e+00 6.061042140249719878e+00 6.064875230557587926e+00
-1.399999999999999911e+00 5.728936288647410890e+00 5.724239083499639058e+00 6.065816547262267378e+00 6.061717839541493902e+00
-1.500000000000000000e+00 5.732698746975305681e+00 5.730128487339102961e+00 6.070939133872023774e+00 6.069070594392199425e+00
-1.600000000000000089e+00 5.730910207235608844e+00 5.728888323176379416e+00 6.068627843326478200e+00 6.067289342229678084e+00
-1.699999999999999956e+00 5.727946686128496445e+00 5.727665132537853587e+00 6.063152914496192203e+00 6.064362652011878296e+00
-1.800000000000000044e+00 5.732159341316113377e+00 5.733620521691466188e+00 6.071142530479594512e+00 6.073654975955516733e+00
-1.899999999999999911e+00 5.735087068042899361e+00 5.733324634125769315e+00 6.074808098646036214e+00 6.073981053331872104e+00
-2.000000000000000000e+00 5.727492323916679950e+00 5.724233077194782915e+00 6.067331701148331646e+00 6.064667910509599302e+00
-4.000000000000000000e+00 5.729388647509618515e+00 5.735535504007120977e+00 6.066788532616181229e+00 6.073791989955026338e+00
-6.000000000000000000e+00 5.742466160609294157e+00 5.739753042411697592e+00 6.078219657894933903e+00 6.076132265585523662e+00
-8.000000000000000000e+00 5.732908230067540245e+00 5.731713548544193237e+00 6.068069620470710746e+00 6.067866702925328148e+00
-1.000000000000000000e+01 5.740506093261680043e+00 5.737534804557732571e+00 6.077278980456161328e+00 6.074903468325881128e+00
-1.200000000000000000e+01 5.739483020246960443e+00 5.739772821847547668e+00 6.081304100173245963e+00 6.081985883566438211e+00
-1.400000000000000000e+01 5.732027052156319691e+00 5.728497862790656647e+00 6.073634475583991055e+00 6.070884921060300421e+00
-1.600000000000000000e+01 5.737400915264044166e+00 5.733735752473622327e+00 6.075079160329813988e+00 6.071507764546957731e+00
-1.800000000000000000e+01 5.731931359285712624e+00 5.729518613697566209e+00 6.068528225500352313e+00 6.066190270113567706e+00
-2.000000000000000000e+01 5.734530367407971063e+00 5.738161416614269150e+00 6.072090333954518471e+00 6.075675742830552117e+00
