# delays[ps] pumped_signal, blocked_signal, pumped_reference, blocked_reference
-2.000000000000000000e+01 4.524582302316055404e+00 4.520639443206227348e+00 6.152879553352133435e+00 6.149308157117372886e+00
-1.800000000000000000e+01 4.517565905267791670e+00 4.522435182431816969e+00 6.143221109764119170e+00 6.149961272038001248e+00
-1.600000000000000000e+01 4.518427140612997661e+00 4.517540842961340175e+00 6.143994104189190786e+00 6.143949102525038342e+00
-1.400000000000000000e+01 4.512814583400435176e+00 4.516184968232004771e+00 6.136627732281182190e+00 6.141215318459313899e+00
-1.200000000000000000e+01 4.514839025447805909e+00 4.511547517669542096e+00 6.140899813622906045e+00 6.137904499114307022e+00
-1.000000000000000000e+01 4.507640693348899497e+00 4.508919211774112590e+00 6.132329311720575937e+00 6.134547791552812157e+00
-8.000000000000000000e+00 4.512895302562649924e+00 4.516981580607933644e+00 6.137010266873090814e+00 6.143128382102739593e+00
-6.000000000000000000e+00 4.521359499913790714e+00 4.516372269382639359e+00 6.148875173547134310e+00 6.143582662770546321e+00
-4.000000000000000000e+00 4.510911301011862662e+00 4.512296402972165055e+00 6.136006970856842102e+00 6.138696870219055413e+00
-2.000000000000000000e+00 4.509768193139863435e+00 4.505748940080573028e+00 6.134273682405961381e+00 6.130308222831934550e+00
-1.899999999999999911e+00 4.511364619684758104e+00 4.512560416962426046e+00 6.136832974234572191e+00 6.139416126867296875e+00
-1.800000000000000044e+00 4.512865113270661865e+00 4.517689545488121183e+00 6.137809204793325257e+00 6.144541756469140026e+00
-1.699999999999999956e+00 4.502897697474267602e+00 4.506662784241825648e+00 6.124682424783047807e+00 6.130344976580616390e+00
-1.600000000000000089e+00 4.523185669679630649e+00 4.515925999106939592e+00 6.150184690077908911e+00 6.142410165517903309e+00
-1.500000000000000000e+00 4.511402095560945291e+00 4.508359149223424289e+00 6.135411989756364370e+00 6.132459679111707196e+00
-1.399999999999999911e+00 4.521781429101751293e+00 4.517787081416889450e+00 6.147882127717144485e+00 6.144060811398852628e+00
-1.300000000000000044e+00 4.511922199100539821e+00 4.509719584720681240e+00 6.136705808920073224e+00 6.134713948394343142e+00
-1.199999999999999956e+00 4.518264103125498643e+00 4.514689679884827278e+00 6.144190456746142281e+00 6.140881473725298356e+00
-1.100000000000000089e+00 4.522179415373475564e+00 4.520356369033364352e+00 6.149303753628363012e+00 6.148467098340022474e+00
-1.000000000000000000e+00 4.528868376563588427e+00 4.523423340474052701e+00 6.158554602744756856e+00 6.152897171956949407e+00
-9.000000000000000222e-01 4.519216785323777685e+00 4.521553769872725503e+00 6.146535938692102796e+00 6.150563781620995485e+00
-8.000000000000000444e-01 4.522785602852407827e+00 4.525438171710165491e+00 6.150583800012820568e+00 6.154927947967167690e+00
-6.999999999999999556e-01 4.528728157650697028e+00 4.521142010390052590e+00 6.158755271414367627e+00 6.150637131605326324e+00
-5.999999999999999778e-01 4.529206301668958545e+00 4.530632723586748511e+00 6.158616978811207510e+00 6.161454461437728902e+00
-5.000000000000000000e-01 4.519306631894782100e+00 4.517721657657429724e+00 6.146136348679578809e+00 6.145607035697747023e+00
-4.000000000000000222e-01 4.514628421637038258e+00 4.519383426176932339e+00 6.139988366926258045e+00 6.147931375955482558e+00
-2.999999999999999889e-01 4.529113010470423362e+00 4.523932794596582596e+00 6.154052292338906938e+00 6.152755675499800070e+00
-2.000000000000000111e-01 4.531491636486335572e+00 4.533559879669270209e+00 6.155712712577291690e+00 6.163869693660010363e+00
-1.000000000000000056e-01 4.530612145334690588e+00 4.529545750608891197e+00 6.156411795144109078e+00 6.160305182406260016e+00
-0.000000000000000000e+00 4.527712535166756425e+00 4.528867094062656307e+00 6.153115783698148711e+00 6.158526812722056931e+00
1.000000000000000056e-01 4.528443323862195946e+00 4.527812071675481498e+00 6.156602940244513711e+00 6.157851274509173578e+00
2.000000000000000111e-01 4.524120096451544448e+00 4.520438209367735993e+00 6.152893009952764558e+00 6.149358048298133816e+00
2.999999999999999889e-01 4.528976959890547604e+00 4.525309807491279201e+00 6.160255614871694263e+00 6.155804802177072155e+00
4.000000000000000222e-01 4.526642698816258026e+00 4.523753740971804049e+00 6.157232432066477301e+00 6.153303408313901990e+00
5.000000000000000000e-01 4.526445628449045522e+00 4.532849109872056914e+00 6.157120964528052909e+00 6.164031448663910950e+00
5.999999999999999778e-01 4.517790043078534268e+00 4.520479448741578032e+00 6.146328376000067095e+00 6.148295492377483740e+00
6.999999999999999556e-01 4.527321996400038628e+00 4.521435014477283687e+00 6.157548899202361703e+00 6.148679946581593114e+00
8.000000000000000444e-01 4.515679919302896472e+00 4.511428522308591482e+00 6.144239062851100108e+00 6.137747466173109956e+00
9.000000000000000222e-01 4.503729543825857107e+00 4.507251274603718549e+00 6.129417515430676922e+00 6.132672923433734269e+00
1.000000000000000000e+00 4.519857884932749315e+00 4.518024751509714498e+00 6.149183393065955627e+00 6.145578528716744593e+00
1.100000000000000089e+00 4.515522486711907035e+00 4.522229781898984058e+00 6.146488052627762322e+00 6.153109533972244805e+00
1.199999999999999956e+00 4.512793042179207958e+00 4.514050341437362945e+00 6.142158396415059229e+00 6.141975101454390185e+00
1.300000000000000044e+00 4.522687347966511950e+00 4.531218731364480945e+00 6.153192340561524531e+00 6.162138807842891808e+00
1.399999999999999911e+00 4.524874185548252825e+00 4.519814644853462404e+00 6.156747800266586523e+00 6.148579208832487097e+00
1.500000000000000000e+00 4.511975850593794135e+00 4.515667906280429911e+00 6.141133318462173030e+00 6.143618696238014820e+00
1.600000000000000089e+00 4.522347818689131493e+00 4.525512244021546948e+00 6.153852582764907986e+00 6.156090841128807334e+00
1.699999999999999956e+00 4.519485925911363999e+00 4.523348307238232557e+00 6.148824646742961697e+00 6.151811233989436190e+00
1.800000000000000044e+00 4.520671395013761362e+00 4.524715551936010272e+00 6.150528706736889006e+00 6.153888936675473431e+00
1.899999999999999911e+00 4.523340139070308297e+00 4.521015647603426224e+00 6.154153593566023872e+00 6.149179551646943409e+00
2.000000000000000000e+00 4.519749460712150224e+00 4.522889463598703585e+00 6.149122695479154466e+00 6.151190711062564986e+00
2.100000000000000089e+00 4.527451802891738097e+00 4.530387046546853647e+00 6.158445373488995678e+00 6.159983110899183600e+00
2.200000000000000178e+00 4.532588057710482232e+00 4.531857829884740951e+00 6.164347357628995105e+00 6.161175869479999179e+00
2.299999999999999822e+00 4.530765251290964635e+00 4.527636380869659583e+00 6.161496821172870675e+00 6.156098686961511746e+00
2.399999999999999911e+00 4.531636737292347838e+00 4.535119469716436313e+00 6.164167105056278295e+00 6.166483276778032874e+00
2.500000000000000000e+00 4.530362060429639293e+00 4.535920244906110455e+00 6.163443596025182103e+00 6.168568425634895824e+00
2.600000000000000089e+00 4.528535730960524752e+00 4.530636486618952574e+00 6.161060395393950451e+00 6.162111900255598407e+00
2.700000000000000178e+00 4.523079808205201502e+00 4.518643911273172442e+00 6.153447148587177118e+00 6.146207541082683967e+00
2.799999999999999822e+00 4.536532517547223975e+00 4.530379757858792544e+00 6.168094763404074143e+00 6.159331993403118766e+00
2.899999999999999911e+00 4.533717151638176901e+00 4.541176617610029886e+00 6.167709591606084452e+00 6.175821168351121493e+00
3.000000000000000000e+00 4.531559061707439717e+00 4.536072473677259964e+00 6.164412703310421016e+00 6.169192636253486128e+00
3.100000000000000089e+00 4.537653445139083530e+00 4.541000528121620583e+00 6.173978896175529307e+00 6.176758963794612534e+00
3.200000000000000178e+00 4.522231305048808103e+00 4.521242827241700013e+00 6.154344980614961713e+00 6.152268157994496889e+00
3.299999999999999822e+00 4.521330351704833994e+00 4.520224080514695153e+00 6.152027843455283751e+00 6.149620460802148081e+00
3.399999999999999911e+00 4.526136447307297139e+00 4.526081835280330701e+00 6.157963541649750461e+00 6.156612948857207890e+00
3.500000000000000000e+00 4.528111481011041661e+00 4.525573822482553688e+00 6.159524982903363366e+00 6.155314723328843662e+00
3.600000000000000089e+00 4.523799703835768682e+00 4.524337344822146889e+00 6.156353174502052994e+00 6.155976328020139832e+00
3.700000000000000178e+00 4.520293588656029371e+00 4.517163676773743752e+00 6.149830026436779562e+00 6.145341496887508193e+00
3.799999999999999822e+00 4.523819483840129330e+00 4.521459037755227506e+00 6.154503855603675078e+00 6.150953120047577549e+00
3.899999999999999911e+00 4.527453163254571145e+00 4.531670128104873463e+00 6.159318381664930619e+00 6.163824608246030401e+00
4.000000000000000000e+00 4.527681307496917107e+00 4.533208900495540483e+00 6.156422448944696590e+00 6.162731387391478854e+00
5.000000000000000000e+00 4.519158329306797839e+00 4.522648669942869404e+00 6.145586135296785990e+00 6.150698711756358961e+00
6.000000000000000000e+00 4.525424959623456367e+00 4.522502047121661484e+00 6.153799811286283727e+00 6.151009252371759217e+00
7.000000000000000000e+00 4.527829767566539765e+00 4.530817703147277165e+00 6.157811553236790303e+00 6.162595573505046609e+00
8.000000000000000000e+00 4.533266155366163730e+00 4.532501254349045716e+00 6.164873791974072148e+00 6.165234943881793050e+00
9.000000000000000000e+00 4.524933522432684541e+00 4.520186445158900668e+00 6.152446410951044165e+00 6.148919700931739563e+00
1.000000000000000000e+01 4.515612492038548531e+00 4.515291381972430962e+00 6.142472379196240340e+00 6.145179417038638015e+00
1.100000000000000000e+01 4.526615792705152685e+00 4.530959600975478452e+00 6.154957256621823802e+00 6.163444480736850473e+00
1.200000000000000000e+01 4.540023020652419028e+00 4.535894300869707685e+00 6.169461697588782378e+00 6.168212321626957539e+00
1.300000000000000000e+01 4.529021482165470402e+00 4.531040077330849236e+00 6.154443474297877970e+00 6.161454379657439695e+00
1.400000000000000000e+01 4.540979707317432279e+00 4.537294057064992003e+00 6.168524864923467632e+00 6.169000529003696442e+00
1.500000000000000000e+01 4.530222247686573667e+00 4.529528774841490524e+00 6.155919075447466859e+00 6.160111875646860469e+00
1.600000000000000000e+01 4.541483315745313831e+00 4.533903893089887838e+00 6.168250038338454644e+00 6.163983564753558575e+00
1.700000000000000000e+01 4.528741452508897147e+00 4.531364873448339381e+00 6.154323761015608518e+00 6.162970258842535465e+00
1.800000000000000000e+01 4.543474124313690687e+00 4.540273183073480823e+00 6.171218047936873674e+00 6.173043425178208032e+00
1.900000000000000000e+01 4.533624741366431010e+00 4.530505800404533545e+00 6.159015524863685975e+00 6.161082338669636727e+00
2.000000000000000000e+01 4.525146049113280888e+00 4.517889338467122151e+00 6.150120388186138598e+00 6.146734530442125255e+00
2.100000000000000000e+01 4.535997520263928884e+00 4.531831885714314723e+00 6.162780390933360053e+00 6.163787774372265993e+00
2.200000000000000000e+01 4.534818537270861150e+00 4.531340928613511565e+00 6.160568395621613291e+00 6.162669322058195398e+00
2.300000000000000000e+01 4.533036252094574614e+00 4.533833023819130226e+00 6.158896851114605830e+00 6.166426262004423009e+00
2.400000000000000000e+01 4.532646353900666725e+00 4.529243457331824096e+00 6.156469046397703870e+00 6.158486210760331758e+00
2.500000000000000000e+01 4.534115377821966497e+00 4.533392918706562469e+00 6.157758543364467485e+00 6.162765740668046277e+00
2.600000000000000000e+01 4.536917612460107385e+00 4.535314698501913711e+00 6.163646355993464887e+00 6.167924279190737380e+00
2.700000000000000000e+01 4.538395524036486606e+00 4.537875580934123576e+00 6.165292438242506279e+00 6.170540029223604783e+00
2.800000000000000000e+01 4.545116836583252606e+00 4.541355752943475821e+00 6.174705205195028412e+00 6.175676311019681286e+00
2.900000000000000000e+01 4.547295586129953548e+00 4.541995811230171931e+00 6.175045613888736185e+00 6.174508930325985467e+00
3.000000000000000000e+01 4.554872926642248743e+00 4.545978069742721672e+00 6.186334604988929620e+00 6.181317400886271685e+00
3.100000000000000000e+01 4.543411903322870593e+00 4.535987672330568543e+00 6.173668752709183138e+00 6.170335350621254378e+00
3.200000000000000000e+01 4.541116318419851972e+00 4.542760391492174143e+00 6.171147095362182533e+00 6.178725595333600218e+00
3.300000000000000000e+01 4.537101631100505905e+00 4.529283496974864320e+00 6.164848166704444132e+00 6.160592663334333530e+00
3.400000000000000000e+01 4.538207260974503221e+00 4.534644130477850865e+00 6.166437311285137390e+00 6.167419711044642483e+00
3.500000000000000000e+01 4.537211336507929182e+00 4.531533194893305527e+00 6.165783235316492750e+00 6.163683028865944102e+00
3.600000000000000000e+01 4.538289982018249624e+00 4.534527217184810333e+00 6.167582908712600620e+00 6.167648493665858211e+00
3.700000000000000000e+01 4.539338037553508620e+00 4.535315660990169029e+00 6.168136568058430136e+00 6.167694538288044370e+00
3.800000000000000000e+01 4.542257825002998572e+00 4.536709009348625088e+00 6.172027233640279498e+00 6.168875205072948731e+00
3.900000000000000000e+01 4.547948297527986128e+00 4.541984841641553139e+00 6.178109715170235994e+00 6.174303693063071918e+00
4.000000000000000000e+01 4.542918546299845595e+00 4.543597123172944841e+00 6.173098839659539649e+00 6.177752970515633990e+00
4.100000000000000000e+01 4.538698698548179422e+00 4.539363422113813051e+00 6.170080221576283108e+00 6.174905158752414636e+00
4.200000000000000000e+01 4.545212529458178885e+00 4.543187204480243047e+00 6.176310368299829712e+00 6.177592891293528510e+00
4.300000000000000000e+01 4.536542609122344416e+00 4.538261073732734019e+00 6.165570068814576921e+00 6.171175926722749061e+00
4.400000000000000000e+01 4.546178103769479506e+00 4.543212751104918290e+00 6.177641582342893400e+00 6.177390297880749337e+00
4.500000000000000000e+01 4.539972893998139192e+00 4.543674558122016371e+00 6.169991977823608309e+00 6.177741999506924486e+00
4.600000000000000000e+01 4.543567734386406265e+00 4.537239283487507713e+00 6.175156841862292190e+00 6.170894692055833630e+00
4.700000000000000000e+01 4.538857652961223899e+00 4.538240174833759966e+00 6.169383143670757796e+00 6.171949002052453004e+00
4.800000000000000000e+01 4.545456204595692995e+00 4.544186733877804585e+00 6.178278763096194837e+00 6.179407780635348679e+00
4.900000000000000000e+01 4.526985590626660283e+00 4.519852441823418054e+00 6.154902482671945840e+00 6.149484730871142446e+00
5.000000000000000000e+01 4.539182766655898149e+00 4.531517260796158020e+00 6.169926229904193704e+00 6.163276636347496229e+00
5.100000000000000000e+01 4.545313826369463683e+00 4.540444389010768411e+00 6.176704029126934614e+00 6.173736820547484960e+00
5.200000000000000000e+01 4.545338650588430340e+00 4.538692051989148268e+00 6.176445617737849503e+00 6.171355303107856294e+00
5.300000000000000000e+01 4.546010180253082567e+00 4.538600682037817080e+00 6.177714851777937000e+00 6.171939308651190004e+00
5.400000000000000000e+01 4.535329915321868910e+00 4.536619644134351148e+00 6.166010259462237464e+00 6.170879078897179681e+00
5.500000000000000000e+01 4.543373707185041965e+00 4.542515916382771302e+00 6.174563225445633741e+00 6.176609538580263958e+00
5.600000000000000000e+01 4.529673555145711461e+00 4.529631513402317289e+00 6.159048119802950971e+00 6.161920754831899494e+00
5.700000000000000000e+01 4.542766238518675337e+00 4.545059499063434316e+00 6.175484281961333366e+00 6.181654207293981074e+00
5.800000000000000000e+01 4.538307759568368738e+00 4.531848141767162552e+00 6.168094127109690739e+00 6.163273674080645748e+00
5.900000000000000000e+01 4.536589453760529800e+00 4.535148457962834279e+00 6.168682137318985070e+00 6.170106404660168131e+00
6.000000000000000000e+01 4.545455803129639705e+00 4.543194173143647596e+00 6.177975825688452716e+00 6.178814404720943898e+00
6.100000000000000000e+01 4.545473501603863653e+00 4.537127174733888602e+00 6.175877545700846127e+00 6.169011738417293778e+00
6.200000000000000000e+01 4.535185534851043698e+00 4.531401149160942055e+00 6.165455878373443888e+00 6.163587100359645632e+00
6.300000000000000000e+01 4.541702487860447945e+00 4.539769494028252694e+00 6.175142589298438622e+00 6.176016717963253022e+00
6.400000000000000000e+01 4.535785716853337313e+00 4.531045284703989928e+00 6.167312647767410283e+00 6.164279935440670322e+00
6.500000000000000000e+01 4.536635900784607323e+00 4.535326792016908470e+00 6.166066154547834799e+00 6.167191088792826292e+00
6.600000000000000000e+01 4.543438648619612330e+00 4.547463747590315464e+00 6.174851983392168897e+00 6.182743426211217752e+00
6.700000000000000000e+01 4.540098213705030084e+00 4.533735090656577427e+00 6.171987917523075851e+00 6.166951256754453325e+00
6.800000000000000000e+01 4.539994833356191251e+00 4.530589562402506765e+00 6.170915673187537642e+00 6.162262689534490079e+00
6.900000000000000000e+01 4.538990901138157064e+00 4.532878979929733987e+00 6.169740209529669173e+00 6.165091923397493012e+00
7.000000000000000000e+01 4.536495843318803622e+00 4.536823201270996364e+00 6.167560085479710352e+00 6.170862502782195058e+00
7.100000000000000000e+01 4.551825575595920270e+00 4.545663205284197872e+00 6.186378970914904407e+00 6.181166615314928059e+00
7.200000000000000000e+01 4.552665509188334347e+00 4.543563651915583534e+00 6.185081307234510106e+00 6.176509121601968744e+00
7.300000000000000000e+01 4.536685308770763925e+00 4.536063746446210132e+00 6.165667526581190216e+00 6.167513403581173392e+00
7.400000000000000000e+01 4.539123430146707605e+00 4.543668392817110657e+00 6.169648361148323268e+00 6.177534599136117244e+00
7.500000000000000000e+01 4.542394599031860380e+00 4.541072517272306541e+00 6.174904358523622960e+00 6.175628101214621246e+00
7.600000000000000000e+01 4.532091337296595412e+00 4.532509823344133437e+00 6.162641778989064179e+00 6.164923522015565815e+00
7.700000000000000000e+01 4.540511337663151181e+00 4.544801729572867544e+00 6.172749228151148237e+00 6.180339407528590456e+00
7.800000000000000000e+01 4.547707984794789660e+00 4.545823038699742469e+00 6.182065487458618058e+00 6.181645318502045683e+00
7.900000000000000000e+01 4.530436854762675658e+00 4.535292999021694804e+00 6.161409219230499446e+00 6.168791206435046526e+00
8.000000000000000000e+01 4.541415168334792085e+00 4.544288191511372865e+00 6.172885268934789949e+00 6.178483999752242717e+00
8.100000000000000000e+01 4.538069688266411994e+00 4.539104691730797114e+00 6.169179422964290005e+00 6.172546783048149521e+00
8.200000000000000000e+01 4.535878766646433746e+00 4.535723175832611531e+00 6.166522917895624900e+00 6.168020616337915207e+00
8.300000000000000000e+01 4.536582249455896054e+00 4.536190269013066434e+00 6.167558168556023901e+00 6.168103017796816800e+00
8.400000000000000000e+01 4.552436406901883892e+00 4.548458713690610722e+00 6.185270050341622472e+00 6.182522335741349906e+00
8.500000000000000000e+01 4.542997982857472472e+00 4.540074191231952661e+00 6.175379539835719633e+00 6.174181334979421010e+00
8.600000000000000000e+01 4.554670569857409035e+00 4.549186057752798718e+00 6.189338728465653361e+00 6.183953568451617144e+00
8.700000000000000000e+01 4.541892190224914749e+00 4.546145431398589842e+00 6.174788721788823764e+00 6.181617372168649815e+00
8.800000000000000000e+01 4.556093229652107723e+00 4.555747133387247239e+00 6.193345593713093677e+00 6.194678409478410863e+00
8.900000000000000000e+01 4.551887634873469146e+00 4.556097472794855996e+00 6.187659976659788619e+00 6.194916721154005046e+00
9.000000000000000000e+01 4.542562360685579392e+00 4.538791429156710855e+00 6.175892198519352227e+00 6.173379435604336329e+00
9.100000000000000000e+01 4.543864022241669076e+00 4.543767608541906533e+00 6.177147181694776279e+00 6.178956222487410166e+00
9.200000000000000000e+01 4.545964135975407494e+00 4.547186680342647058e+00 6.179756360224327949e+00 6.183219331987775291e+00
9.300000000000000000e+01 4.549891059298856177e+00 4.547703661246947249e+00 6.186930223286807973e+00 6.185390646619755906e+00
9.400000000000000000e+01 4.549910038937117207e+00 4.550480030949919374e+00 6.186842941139730989e+00 6.188058684608987114e+00
9.500000000000000000e+01 4.544081190857249375e+00 4.543823982711815646e+00 6.181978682577935480e+00 6.182214113947178902e+00
9.600000000000000000e+01 4.554768505755871111e+00 4.558075148803830245e+00 6.193484047229281586e+00 6.198075797466207959e+00
9.700000000000000000e+01 4.547358526807223633e+00 4.543646530710310216e+00 6.184420982221306318e+00 6.180213685873728657e+00
9.800000000000000000e+01 4.549710405989721984e+00 4.555267869534183056e+00 6.187214263214491083e+00 6.193920952934073298e+00
9.900000000000000000e+01 4.546471748409306457e+00 4.548446701181803498e+00 6.183734074939502889e+00 6.186047686601956919e+00
1.000000000000000000e+02 4.542551629967917393e+00 4.551602878373048888e+00 6.177957568751864414e+00 6.188467561548764984e+00
1.010000000000000000e+02 4.538819375032892012e+00 4.541992848849131015e+00 6.173216634829693739e+00 6.176954672966409099e+00
1.020000000000000000e+02 4.535441782272648048e+00 4.535746397744205183e+00 6.170523290942862005e+00 6.170179276770499932e+00
1.030000000000000000e+02 4.547156090679786544e+00 4.543979172966919222e+00 6.183353142651449197e+00 6.178740571351272415e+00
1.040000000000000000e+02 4.550856714737860464e+00 4.544535952949376068e+00 6.188107049125092907e+00 6.179756522032820776e+00
1.050000000000000000e+02 4.548327946913752307e+00 4.543649815615087739e+00 6.186444634734153070e+00 6.179777745349902318e+00
1.060000000000000000e+02 4.546158404675876064e+00 4.549927976212697622e+00 6.181636832197702880e+00 6.185135117897283763e+00
1.070000000000000000e+02 4.553990151827012056e+00 4.554199154131441496e+00 6.191649060850633823e+00 6.191252193899735801e+00
1.080000000000000000e+02 4.553652304322799438e+00 4.554076796579368924e+00 6.191412510150357207e+00 6.190824900568206779e+00
1.090000000000000000e+02 4.549846057197298954e+00 4.550472503772144073e+00 6.187306032529890309e+00 6.187586705067879222e+00
1.100000000000000000e+02 4.548039507368869749e+00 4.545295648673825184e+00 6.184968717136853478e+00 6.180083319475717651e+00
1.110000000000000000e+02 4.538115171644018453e+00 4.538292222308017543e+00 6.173883040884480700e+00 6.172925627128359238e+00
1.120000000000000000e+02 4.535594890829821146e+00 4.535566623466005254e+00 6.171507530132466002e+00 6.170036657894539367e+00
1.130000000000000000e+02 4.537510105313126374e+00 4.540616715168280138e+00 6.175351670597138742e+00 6.177754250693890725e+00
1.140000000000000000e+02 4.549565464797187708e+00 4.552767767526236575e+00 6.190091703738992202e+00 6.192474664594701750e+00
1.150000000000000000e+02 4.542457140145304884e+00 4.542634031094885394e+00 6.180363915742224101e+00 6.178498258183691583e+00
1.160000000000000000e+02 4.552211787813530641e+00 4.548078263476367233e+00 6.192298250545064775e+00 6.184882870747330230e+00
1.170000000000000000e+02 4.554810546144916650e+00 4.556347394889169067e+00 6.195099059238140526e+00 6.195047408489949170e+00
1.180000000000000000e+02 4.544593210021052876e+00 4.553481979249869305e+00 6.183114595000104075e+00 6.191325224750462652e+00
1.190000000000000000e+02 4.543129711539841686e+00 4.548656504653920685e+00 6.181859131258874207e+00 6.186292485197751212e+00
1.200000000000000000e+02 4.548624312982441076e+00 4.552320534143411201e+00 6.190028602211083530e+00 6.191693583913644439e+00
1.210000000000000000e+02 4.541873453280561357e+00 4.546370208409985736e+00 6.179499150580854305e+00 6.181621214163772748e+00
1.220000000000000000e+02 4.540738674203917746e+00 4.545163281101469721e+00 6.179775660641689150e+00 6.182135959588893392e+00
1.230000000000000000e+02 4.551868495533782699e+00 4.557721126420329227e+00 6.192643627750507029e+00 6.196664584581522028e+00
1.240000000000000000e+02 4.539065933439684564e+00 4.544883009124069950e+00 6.176974132292476938e+00 6.180356225665566861e+00
1.250000000000000000e+02 4.547560161663449563e+00 4.549667644129107735e+00 6.187231477682547442e+00 6.185836921367060093e+00
1.260000000000000000e+02 4.542327572399383229e+00 4.542082455858839296e+00 6.181008218266494936e+00 6.176186965848146748e+00
1.270000000000000000e+02 4.545843938938167739e+00 4.543360574719292444e+00 6.186154909447028061e+00 6.178530208662698087e+00
1.280000000000000000e+02 4.542780811168916522e+00 4.543429201075479540e+00 6.182607294677192833e+00 6.178832743123425786e+00
1.290000000000000000e+02 4.536999451166977337e+00 4.540988435950930935e+00 6.175410208931922718e+00 6.175688560647888181e+00
1.300000000000000000e+02 4.542843992895393868e+00 4.547040618320757233e+00 6.182311808281856003e+00 6.183165358517887178e+00
1.310000000000000000e+02 4.535775386088542582e+00 4.538989619883551541e+00 6.173231849479764222e+00 6.172797506403549406e+00
1.320000000000000000e+02 4.533741014558648530e+00 4.540172364589384557e+00 6.172235037488328580e+00 6.175852959087823280e+00
1.330000000000000000e+02 4.546394151444294707e+00 4.544475014460878981e+00 6.186219131045774589e+00 6.179955837473666946e+00
1.340000000000000000e+02 4.543921917074019490e+00 4.546191876346211025e+00 6.181845193631665403e+00 6.181581817167611348e+00
1.350000000000000000e+02 4.542388511630133685e+00 4.536468135708879856e+00 6.180803299409342699e+00 6.170059957850228649e+00
1.360000000000000000e+02 4.544677930370939478e+00 4.545554459467037844e+00 6.182895818455826920e+00 6.181570527596059073e+00
1.370000000000000000e+02 4.552407978203959260e+00 4.552475243860585330e+00 6.192947523549825029e+00 6.190133905012398685e+00
1.380000000000000000e+02 4.548998517556114507e+00 4.553619792574801650e+00 6.190396245489409921e+00 6.193857370161094167e+00
1.390000000000000000e+02 4.542683517477512645e+00 4.547081218298066219e+00 6.181044814573459334e+00 6.184408410413351653e+00
1.400000000000000000e+02 4.548265165149972589e+00 4.548880242211090774e+00 6.188665515657499228e+00 6.186731154810503064e+00
1.410000000000000000e+02 4.551908295106145808e+00 4.551171421060978162e+00 6.193903016084291835e+00 6.190270438576693124e+00
1.420000000000000000e+02 4.546237280800638381e+00 4.552912467340757274e+00 6.187530971240539301e+00 6.193264713123311616e+00
1.430000000000000000e+02 4.553118507027268613e+00 4.549790883970547206e+00 6.196564486596088273e+00 6.189881500907893574e+00
1.440000000000000000e+02 4.553526341337690297e+00 4.552976850437473466e+00 6.194900224204724637e+00 6.191591165200747149e+00
1.450000000000000000e+02 4.549907236788740761e+00 4.555307186927166185e+00 6.190355642604560948e+00 6.194164148075748777e+00
1.460000000000000000e+02 4.557262041319656731e+00 4.559914210919081334e+00 6.198749493856994697e+00 6.199267438467728653e+00
1.470000000000000000e+02 4.565171943418943279e+00 4.570402850848073406e+00 6.207995054234903165e+00 6.211334785359307276e+00
1.480000000000000000e+02 4.561590233860666643e+00 4.562779786103650537e+00 6.204430544394734071e+00 6.203181647866887971e+00
1.490000000000000000e+02 4.559867844740172593e+00 4.560415415718061638e+00 6.202167940274455837e+00 6.199802838370300329e+00
1.500000000000000000e+02 4.557654020850828935e+00 4.566576905018373544e+00 6.198219537224497699e+00 6.206203710726238221e+00
1.510000000000000000e+02 4.559933589674241894e+00 4.566299755982210051e+00 6.201095298574018422e+00 6.206211316803829980e+00
1.520000000000000000e+02 4.551962267262075201e+00 4.553820707269975010e+00 6.191232335361875450e+00 6.190834266726602308e+00
1.530000000000000000e+02 4.547506989677338574e+00 4.547864056350842787e+00 6.186252123130334013e+00 6.183609631618002922e+00
1.540000000000000000e+02 4.558581799531682854e+00 4.563405192729129034e+00 6.201126447835929589e+00 6.204005731678781999e+00
1.550000000000000000e+02 4.547636556005246966e+00 4.551847996601074087e+00 6.188329988268507442e+00 6.190260669443338415e+00
1.560000000000000000e+02 4.554185539487286327e+00 4.554171606593138577e+00 6.195379729975058147e+00 6.191846210660511218e+00
1.570000000000000000e+02 4.549180132056557468e+00 4.547904896599235691e+00 6.190691488919155994e+00 6.185695824706426649e+00
1.580000000000000000e+02 4.546926348249039407e+00 4.552949382039235715e+00 6.186741882372383650e+00 6.190455655793821066e+00
1.590000000000000000e+02 4.551125456366185595e+00 4.554090889317542690e+00 6.191209032604805707e+00 6.191780789118916495e+00
1.600000000000000000e+02 4.551921826665249249e+00 4.555070077177768795e+00 6.193141231454521112e+00 6.193390915335357683e+00
1.610000000000000000e+02 4.548158902017479299e+00 4.550778560283750274e+00 6.187990137546470315e+00 6.187439041307088772e+00
1.620000000000000000e+02 4.543032496266958375e+00 4.543814773904603754e+00 6.182391807602249045e+00 6.179373107739496440e+00
1.630000000000000000e+02 4.537302544801244508e+00 4.539758765352083003e+00 6.173790071505104393e+00 6.173743547968728151e+00
1.640000000000000000e+02 4.544060051719093885e+00 4.549297525920525054e+00 6.181987734163350900e+00 6.184802315110479398e+00
1.650000000000000000e+02 4.554281554042392877e+00 4.558090603749152869e+00 6.195068870530286986e+00 6.195857397103554653e+00
1.660000000000000000e+02 4.548502836389803683e+00 4.546848194564320877e+00 6.188558853662144088e+00 6.182838245605912775e+00
1.670000000000000000e+02 4.554644544387615568e+00 4.556198611442305868e+00 6.194762089069397959e+00 6.193473317038820092e+00
1.680000000000000000e+02 4.543327183001613534e+00 4.543357691611634941e+00 6.181044418578247601e+00 6.177612594551919578e+00
1.690000000000000000e+02 4.545364196318232963e+00 4.548475049778731183e+00 6.184445249560260649e+00 6.185056884137689615e+00
1.700000000000000000e+02 4.554841615727113435e+00 4.553355857840011289e+00 6.196614774026931727e+00 6.191262205447451983e+00
1.710000000000000000e+02 4.543913589587978308e+00 4.541099824066060719e+00 6.184122131856384819e+00 6.176981420078511142e+00
1.720000000000000000e+02 4.539345562778852816e+00 4.548049595852365456e+00 6.176444973788322024e+00 6.183585847915121114e+00
1.730000000000000000e+02 4.553807253709810432e+00 4.554922174238181576e+00 6.194426243394563159e+00 6.192788409225492785e+00
1.740000000000000000e+02 4.539415793314729441e+00 4.544107057115160941e+00 6.177737357401503537e+00 6.180106862438659476e+00
1.750000000000000000e+02 4.548676282165073914e+00 4.550426459140536117e+00 6.189340489798954792e+00 6.188156860449653074e+00
1.760000000000000000e+02 4.545888862032712474e+00 4.553127875163977656e+00 6.185536146399865487e+00 6.191659067933205307e+00
1.770000000000000000e+02 4.550963380400459002e+00 4.553791158668572869e+00 6.191660033702923727e+00 6.191879444250681708e+00
1.780000000000000000e+02 4.558373037069250344e+00 4.561094793687236582e+00 6.199864498414291880e+00 6.199802277137740347e+00
1.790000000000000000e+02 4.554141578249844002e+00 4.557657064561866811e+00 6.193283051320955579e+00 6.194119066197644408e+00
1.800000000000000000e+02 4.557533262806517271e+00 4.562425762812199359e+00 6.198335968692539666e+00 6.201215572495565098e+00
1.810000000000000000e+02 4.560784653620497231e+00 4.562119866386985301e+00 6.202272684028596217e+00 6.200829036108414627e+00
1.820000000000000000e+02 4.550333488918013813e+00 4.556356043177381743e+00 6.188819665030989015e+00 6.192782883212985645e+00
1.830000000000000000e+02 4.546520355137373848e+00 4.551839667620812158e+00 6.185607818890386689e+00 6.188710277743593835e+00
1.840000000000000000e+02 4.549997643324531715e+00 4.554414961837365716e+00 6.189252406387353744e+00 6.190976242461887047e+00
1.850000000000000000e+02 4.550234672644919875e+00 4.549966333473542512e+00 6.189371321494204992e+00 6.185223043685258659e+00
1.860000000000000000e+02 4.550818439254913805e+00 4.551720112324646905e+00 6.189811592132515194e+00 6.186847985375623971e+00
1.870000000000000000e+02 4.549290799651615202e+00 4.552817655132520791e+00 6.188588562105358903e+00 6.188975896191694304e+00
1.880000000000000000e+02 4.555409365547285816e+00 4.554307259323219448e+00 6.196203252590144928e+00 6.190952703399514867e+00
1.890000000000000000e+02 4.556228479184818880e+00 4.555991609558081024e+00 6.196135987419145508e+00 6.191697665427260411e+00
1.900000000000000000e+02 4.561073972865314019e+00 4.561642123749767741e+00 6.203584999603702244e+00 6.200304205747077191e+00
1.910000000000000000e+02 4.556917226223114348e+00 4.557936853251836951e+00 6.198946564026543982e+00 6.195979272554692052e+00
1.920000000000000000e+02 4.561277130162350701e+00 4.562820706301294216e+00 6.204823166358942821e+00 6.202769327516130637e+00
1.930000000000000000e+02 4.555366603896787048e+00 4.556867658953464684e+00 6.195133170598762895e+00 6.193151242311700777e+00
1.940000000000000000e+02 4.548902102010035087e+00 4.551610485715083421e+00 6.190749944577794039e+00 6.189925301209692421e+00
1.950000000000000000e+02 4.553963486376791714e+00 4.554709248807623290e+00 6.192737241504699952e+00 6.189958135033722719e+00
1.960000000000000000e+02 4.559198958337828955e+00 4.565920028880211312e+00 6.199893489116393930e+00 6.204228107548300564e+00
1.970000000000000000e+02 4.556917145702109373e+00 4.557259160619532956e+00 6.196534053798324670e+00 6.193110167541246547e+00
1.980000000000000000e+02 4.557762044180650562e+00 4.558880409000952483e+00 6.198944721095285715e+00 6.196396802686409799e+00
1.990000000000000000e+02 4.559462332285578512e+00 4.565165699300863800e+00 6.198754457134044493e+00 6.202000020437584915e+00
2.000000000000000000e+02 4.562033063489829843e+00 4.565096350407646497e+00 6.202862619088691964e+00 6.202620781458277222e+00
2.010000000000000000e+02 4.547226079150650691e+00 4.552231726431266168e+00 6.185893537865970515e+00 6.188564613694250482e+00
2.020000000000000000e+02 4.540725542025966455e+00 4.549919808406717614e+00 6.176948509009718258e+00 6.185182764257354471e+00
2.030000000000000000e+02 4.547778774106689959e+00 4.551698091794883716e+00 6.186857114959341430e+00 6.188614987711344106e+00
2.040000000000000000e+02 4.552191928504234042e+00 4.555049657236168059e+00 6.192554420020005779e+00 6.192238352543278701e+00
2.050000000000000000e+02 4.547929320246560714e+00 4.553386205714839541e+00 6.187028482295447773e+00 6.190023235729732676e+00
2.060000000000000000e+02 4.535864592947327800e+00 4.539893695638382631e+00 6.170823665874311637e+00 6.172107634677368004e+00
2.070000000000000000e+02 4.528491529641217817e+00 4.537248653502452989e+00 6.161599163266238577e+00 6.169198963214588716e+00
2.080000000000000000e+02 4.556302390801927338e+00 4.558638895451000650e+00 6.195315268241412099e+00 6.194224528359705495e+00
2.090000000000000000e+02 4.550168288635106251e+00 4.554032512049627002e+00 6.189331603490265898e+00 6.190274280370354987e+00
2.100000000000000000e+02 4.547357165520388378e+00 4.547528772215655657e+00 6.186542408055426101e+00 6.182611861678411813e+00
2.110000000000000000e+02 4.549023899727260734e+00 4.554101859343634651e+00 6.188364661148354706e+00 6.190787420355673198e+00
2.120000000000000000e+02 4.546766433616551417e+00 4.553269533764393806e+00 6.183447235114266860e+00 6.187408612246930950e+00
2.130000000000000000e+02 4.548005875156490241e+00 4.554087526898969784e+00 6.186854714590479531e+00 6.190112205835123227e+00
2.140000000000000000e+02 4.534388843052936657e+00 4.539684533201760352e+00 6.170511441326971713e+00 6.172790459737302449e+00
2.150000000000000000e+02 4.541456810335657401e+00 4.550576365006351764e+00 6.179052957824080927e+00 6.186193109630353959e+00
2.160000000000000000e+02 4.541122886383942792e+00 4.544467085177534393e+00 6.177822639229030521e+00 6.177946677727010893e+00
2.170000000000000000e+02 4.548950308504940310e+00 4.552245661151561151e+00 6.187725639442437142e+00 6.187651407146298688e+00
2.180000000000000000e+02 4.542399484378228713e+00 4.541282001815912572e+00 6.179294794821482029e+00 6.174025423948613422e+00
2.190000000000000000e+02 4.559687669751649075e+00 4.564910890542832611e+00 6.200256718481694129e+00 6.202779575668672329e+00
2.200000000000000000e+02 4.542045379493929502e+00 4.541310187526085507e+00 6.178825934900651795e+00 6.173901380248615567e+00
2.210000000000000000e+02 4.545281074853103398e+00 4.548278939121973785e+00 6.182077982433771268e+00 6.181763676301881283e+00
2.220000000000000000e+02 4.548946464390496658e+00 4.547666825714677508e+00 6.187389310843824042e+00 6.181786898048665435e+00
2.230000000000000000e+02 4.539470085170545843e+00 4.545820236219311639e+00 6.177811668427407810e+00 6.180897070791003145e+00
2.240000000000000000e+02 4.540437823561853214e+00 4.544966531625078687e+00 6.177659441643289284e+00 6.178957667269200371e+00
2.250000000000000000e+02 4.540194787531376619e+00 4.549496198172144901e+00 6.175513671066482857e+00 6.182742788871760986e+00
2.260000000000000000e+02 4.542465227915232440e+00 4.545165042823398061e+00 6.179692301682842448e+00 6.178635431136189737e+00
2.270000000000000000e+02 4.549658756053937658e+00 4.555346105664343170e+00 6.188175759748377303e+00 6.190918349731893144e+00
2.280000000000000000e+02 4.546220865665421940e+00 4.553341602965160106e+00 6.184950860321721144e+00 6.188966768169530397e+00
2.290000000000000000e+02 4.553663276261447734e+00 4.561001183802647851e+00 6.193328138500146629e+00 6.198170209890855986e+00
2.300000000000000000e+02 4.543580710431431413e+00 4.551651086966272963e+00 6.180876099431658055e+00 6.187090945245130591e+00
2.310000000000000000e+02 4.550771992747018935e+00 4.545590094317946139e+00 6.190283968933756320e+00 6.179364060035242190e+00
2.320000000000000000e+02 4.553083753978659054e+00 4.560661894353155610e+00 6.192706491171298566e+00 6.197995798430261161e+00
2.330000000000000000e+02 4.549671886442433255e+00 4.553650141784877370e+00 6.188648535485672397e+00 6.189514901371073741e+00
2.340000000000000000e+02 4.553287310005704747e+00 4.554987839023433516e+00 6.192984839610980785e+00 6.190721839327649079e+00
2.350000000000000000e+02 4.552808848006502984e+00 4.560123132814147162e+00 6.192600469070952407e+00 6.197831238651187569e+00
2.360000000000000000e+02 4.557030618402296618e+00 4.558654350709619330e+00 6.197694149062555447e+00 6.195978316542952946e+00
2.370000000000000000e+02 4.541630097354483198e+00 4.541608476643885339e+00 6.179286303452991014e+00 6.175388508662381426e+00
2.380000000000000000e+02 4.554586729879240181e+00 4.556978407003940745e+00 6.195318234086419018e+00 6.193968359873180951e+00
2.390000000000000000e+02 4.555793658665428403e+00 4.558191581642809354e+00 6.195613800951063510e+00 6.193940971317226207e+00
2.400000000000000000e+02 4.559575001703520591e+00 4.557400495553939557e+00 6.200088076449691954e+00 6.193811165341432279e+00
2.410000000000000000e+02 4.547819855064975769e+00 4.551862249724065279e+00 6.185417155074781626e+00 6.186560905258340348e+00
2.420000000000000000e+02 4.554931944073192795e+00 4.557015563856507967e+00 6.194258961555557441e+00 6.192668535702668287e+00
2.430000000000000000e+02 4.561894532251671741e+00 4.563915045809071813e+00 6.202214875509373115e+00 6.201598185335518210e+00
2.440000000000000000e+02 4.559864242894031250e+00 4.565811123280330008e+00 6.198456249381728789e+00 6.202313522768607257e+00
2.450000000000000000e+02 4.551464266263693048e+00 4.560378900049388839e+00 6.188967492643590695e+00 6.195737598944111468e+00
2.460000000000000000e+02 4.561326058680945650e+00 4.562867311246428415e+00 6.201296373979671372e+00 6.199247177048369473e+00
2.470000000000000000e+02 4.561972522777798744e+00 4.562095763516485825e+00 6.202931081332662799e+00 6.199298586918349230e+00
2.480000000000000000e+02 4.563105544229498101e+00 4.565726641611865588e+00 6.203913966399268176e+00 6.203657391798016896e+00
2.490000000000000000e+02 4.559227785577856018e+00 4.563197471623450241e+00 6.200922409552853232e+00 6.201923224080990948e+00
2.500000000000000000e+02 4.553547162365572554e+00 4.549095810916451654e+00 6.193171822920070291e+00 6.183551017459669730e+00
2.510000000000000000e+02 4.557477450230250859e+00 4.561395566360058496e+00 6.197757408500462084e+00 6.199368177267884583e+00
2.520000000000000000e+02 4.557068092539337201e+00 4.556894485095360992e+00 6.196733448995548343e+00 6.193078371386982361e+00
2.530000000000000000e+02 4.548916516734817783e+00 4.553074865472042099e+00 6.186440389664661588e+00 6.187920230677485200e+00
2.540000000000000000e+02 4.564286525601275457e+00 4.568342456226628379e+00 6.204764788835122502e+00 6.206314139686157638e+00
2.550000000000000000e+02 4.562405344198419144e+00 4.566270209581543504e+00 6.202202456255855978e+00 6.204084690919204448e+00
2.560000000000000000e+02 4.560803952021402097e+00 4.563080478185884026e+00 6.201210848960249322e+00 6.200401822595058121e+00
2.570000000000000000e+02 4.554081279101009905e+00 4.559348702403861253e+00 6.192830529220539226e+00 6.195546373909754045e+00
2.580000000000000000e+02 4.553101211356948674e+00 4.562636367118594549e+00 6.192379293475731572e+00 6.200675207000672984e+00
2.590000000000000000e+02 4.544384527175851396e+00 4.546890875687789269e+00 6.181217626499953433e+00 6.180840379842522658e+00
2.600000000000000000e+02 4.558542881492667398e+00 4.559631216297295175e+00 6.198841182024485974e+00 6.196975365903409916e+00
2.610000000000000000e+02 4.558559218551643255e+00 4.565862453548535704e+00 6.195895676164736798e+00 6.201610839632998307e+00
2.620000000000000000e+02 4.554996165944816156e+00 4.555838261813111245e+00 6.193516718346628203e+00 6.191411708528959501e+00
2.630000000000000000e+02 4.560549548298094891e+00 4.570395725843959589e+00 6.198634826643159457e+00 6.207772920728380051e+00
2.640000000000000000e+02 4.562210115918629683e+00 4.566687413171368171e+00 6.200897587269206923e+00 6.203225692795129476e+00
2.650000000000000000e+02 4.561566130865881696e+00 4.564195718660013945e+00 6.197574668857627422e+00 6.197403862962929999e+00
2.660000000000000000e+02 4.571725493266806772e+00 4.573281560593861705e+00 6.211145242778625786e+00 6.209705039670978088e+00
2.670000000000000000e+02 4.562092641450333552e+00 4.561366818838856751e+00 6.199830546790322749e+00 6.195501532640844466e+00
2.680000000000000000e+02 4.557161224636727681e+00 4.552254631471129187e+00 6.195717183788241655e+00 6.186174291753259169e+00
2.690000000000000000e+02 4.554157433304333757e+00 4.556947655837833011e+00 6.195794856721014376e+00 6.195781241760303537e+00
2.700000000000000000e+02 4.561524089830983009e+00 4.559550497893200216e+00 6.203566903690219014e+00 6.197564739246492316e+00
2.710000000000000000e+02 4.561046267814941046e+00 4.559127608398610754e+00 6.201191472749866485e+00 6.195977834319319477e+00
2.720000000000000000e+02 4.558901549418034271e+00 4.569234919755434277e+00 6.200024094682564879e+00 6.209623119567003968e+00
2.730000000000000000e+02 4.563712370835482979e+00 4.576580275785330443e+00 6.202391520800750513e+00 6.215327873290178218e+00
2.740000000000000000e+02 4.563942912168544197e+00 4.566993388827644829e+00 6.204066747742611909e+00 6.204217937925475823e+00
2.750000000000000000e+02 4.550437429274797552e+00 4.551427509283567652e+00 6.188414149712287760e+00 6.186869367263747144e+00
2.760000000000000000e+02 4.557041668641370613e+00 4.567068421135478395e+00 6.195799823381689109e+00 6.204985884530921147e+00
2.770000000000000000e+02 4.560034408318660581e+00 4.556698216559090575e+00 6.200807660416868927e+00 6.193568612312971844e+00
2.780000000000000000e+02 4.564407283305577323e+00 4.561649011542074916e+00 6.206309174213834545e+00 6.200245751027124719e+00
2.790000000000000000e+02 4.563050609510037603e+00 4.562396136271734903e+00 6.205244298642186962e+00 6.201771638963973210e+00
2.800000000000000000e+02 4.558865115255639644e+00 4.559465377550246501e+00 6.196640001614834858e+00 6.194623559909118171e+00
2.810000000000000000e+02 4.568632657397227348e+00 4.572586167353865250e+00 6.208729131391399036e+00 6.210937921375629500e+00
2.820000000000000000e+02 4.562942182560652427e+00 4.563431298535748581e+00 6.202254182684770356e+00 6.200374036280355661e+00
2.830000000000000000e+02 4.556965913586653372e+00 4.558806178649144947e+00 6.194890214486029834e+00 6.195064148264211923e+00
2.840000000000000000e+02 4.554244959813664728e+00 4.563592493662505412e+00 6.191937664374935757e+00 6.201355789974335231e+00
2.850000000000000000e+02 4.554607871122883900e+00 4.557252511346261414e+00 6.190275565025502580e+00 6.190824335293346081e+00
2.860000000000000000e+02 4.554486632254254097e+00 4.558648505795157568e+00 6.190473995615300318e+00 6.193454420886699729e+00
2.870000000000000000e+02 4.551841029494193336e+00 4.556729684451393148e+00 6.189313185895647607e+00 6.193642999091005130e+00
2.880000000000000000e+02 4.558645862604474353e+00 4.562212918646686433e+00 6.196138072394171026e+00 6.198658686964421349e+00
2.890000000000000000e+02 4.550888429163065574e+00 4.554781720994799166e+00 6.185782713988619008e+00 6.189009855893194079e+00
2.900000000000000000e+02 4.554923858633594058e+00 4.553849938944189546e+00 6.189079684189958463e+00 6.185768541711562207e+00
2.910000000000000000e+02 4.566976652552612315e+00 4.563380289258477163e+00 6.203244349417249559e+00 6.197320342856091457e+00
2.920000000000000000e+02 4.558169721474427227e+00 4.555733521566716959e+00 6.194149576476788432e+00 6.189730233761173928e+00
2.930000000000000000e+02 4.554798294280153925e+00 4.561193049142195477e+00 6.188799645278654005e+00 6.195280835003226017e+00
2.940000000000000000e+02 4.568599024899769212e+00 4.567031667825492747e+00 6.208107406151076368e+00 6.204883869909520122e+00
2.950000000000000000e+02 4.558394819504957951e+00 4.559618004650094036e+00 6.194482140216306831e+00 6.195074156868525250e+00
2.960000000000000000e+02 4.555284365093295484e+00 4.558847017268677249e+00 6.191480415283851180e+00 6.194317499263735982e+00
2.970000000000000000e+02 4.546502097498547279e+00 4.548292311615595551e+00 6.181024396101580720e+00 6.181864813923406032e+00
2.980000000000000000e+02 4.559370323316357165e+00 4.558403706997063765e+00 6.196705022011211206e+00 6.193513995091343816e+00
2.990000000000000000e+02 4.557569218599267558e+00 4.562098728669665704e+00 6.194207310089690388e+00 6.198474909508660424e+00
3.000000000000000000e+02 4.549609909129337382e+00 4.550990925911380103e+00 6.183152629558008151e+00 6.183632534436378059e+00
3.010000000000000000e+02 4.548142487191147332e+00 4.553427606153554130e+00 6.182271851596688350e+00 6.187962109459778759e+00
3.020000000000000000e+02 4.563680420488877232e+00 4.563803898675401705e+00 6.200672808431687777e+00 6.199843437718168815e+00
3.030000000000000000e+02 4.566574503924053730e+00 4.565304072103693045e+00 6.203865676864797507e+00 6.201141101398515154e+00
3.040000000000000000e+02 4.566272370875026354e+00 4.569631385143193114e+00 6.202495301485304147e+00 6.205598402929004997e+00
3.050000000000000000e+02 4.552376828824120203e+00 4.557716641808050362e+00 6.187168377792103158e+00 6.192710573583037004e+00
3.060000000000000000e+02 4.556427073827130414e+00 4.561483811405356192e+00 6.191477936409047089e+00 6.196520283014621988e+00
3.070000000000000000e+02 4.556167461053481915e+00 4.557474408240167918e+00 6.191356215273835062e+00 6.191632246070231993e+00
3.080000000000000000e+02 4.562947310987716776e+00 4.569979801706377742e+00 6.199114412697522170e+00 6.206639574683073590e+00
3.090000000000000000e+02 4.557213994828425818e+00 4.557895935802749321e+00 6.192439669816820036e+00 6.192064425123384730e+00
3.100000000000000000e+02 4.559395788224146706e+00 4.558383130566573627e+00 6.194795883420460392e+00 6.192619291458933972e+00
3.110000000000000000e+02 4.563478463966037957e+00 4.564932192213434270e+00 6.197947512779376389e+00 6.198952891221103378e+00
3.120000000000000000e+02 4.553015048361530148e+00 4.553892057524877579e+00 6.186414926950673632e+00 6.186274468865061493e+00
3.130000000000000000e+02 4.558013170217365406e+00 4.555785892238081836e+00 6.194302366045193686e+00 6.190863897572476127e+00
3.140000000000000000e+02 4.546162968850991248e+00 4.552302275940280474e+00 6.180160274330423142e+00 6.187025517499519900e+00
3.150000000000000000e+02 4.545109547932092653e+00 4.546518593564403687e+00 6.179915154959741308e+00 6.180088524937229266e+00
3.160000000000000000e+02 4.552632196107172291e+00 4.550434386802884035e+00 6.188453309008875358e+00 6.184493613359260955e+00
3.170000000000000000e+02 4.556365012970419848e+00 4.558202713513179738e+00 6.193799315358899271e+00 6.195181221002489913e+00
3.180000000000000000e+02 4.559290406019369080e+00 4.560013586691217036e+00 6.197284146329760546e+00 6.196861334744393268e+00
3.190000000000000000e+02 4.551470270783011252e+00 4.541045452723859732e+00 6.186728910241994228e+00 6.172675550054202986e+00
3.200000000000000000e+02 4.552798437418394073e+00 4.550476748270400051e+00 6.186305217602075857e+00 6.182692660374427440e+00
3.210000000000000000e+02 4.557912271432556395e+00 4.556008186685168937e+00 6.193158690030957203e+00 6.189936993249927077e+00
3.220000000000000000e+02 4.567960166669166711e+00 4.571845370901950645e+00 6.206427371830426587e+00 6.210661415010946484e+00
3.230000000000000000e+02 4.566318735827977982e+00 4.565890320873728925e+00 6.204649559145710036e+00 6.203217605225443521e+00
3.240000000000000000e+02 4.563502485981905998e+00 4.566390084663043858e+00 6.202816251310741436e+00 6.205306038436956939e+00
3.250000000000000000e+02 4.553184811697894574e+00 4.554052692738073560e+00 6.189946523319425964e+00 6.190560641893089411e+00
3.260000000000000000e+02 4.561426635269111074e+00 4.558863113960558877e+00 6.199824058462129805e+00 6.196015875319123012e+00
3.270000000000000000e+02 4.573406802482233857e+00 4.564140065242995092e+00 6.213144389933179745e+00 6.200846736750843746e+00
3.280000000000000000e+02 4.561667750704059721e+00 4.559441513083954511e+00 6.197219045585472763e+00 6.194291713668941490e+00
3.290000000000000000e+02 4.567270538431878357e+00 4.569373053471577961e+00 6.204980842674976849e+00 6.206728540606767375e+00
3.300000000000000000e+02 4.569402923266720151e+00 4.567578597215445235e+00 6.206900950312758347e+00 6.204823410680624818e+00
3.310000000000000000e+02 4.561843039919822651e+00 4.565337946051378104e+00 6.198635143635446987e+00 6.202453661940994678e+00
3.320000000000000000e+02 4.560763273028817011e+00 4.560698891202162208e+00 6.196246175598552064e+00 6.196005862947699505e+00
3.330000000000000000e+02 4.554959169877466962e+00 4.557518689939739076e+00 6.190763316721853649e+00 6.193634433128440087e+00
3.340000000000000000e+02 4.560815162500917452e+00 4.555302544040038093e+00 6.196711507049758261e+00 6.189765628381853624e+00
3.350000000000000000e+02 4.551448488421676153e+00 4.549547769482770398e+00 6.184487685434719495e+00 6.182180164214576834e+00
3.360000000000000000e+02 4.559331806916861574e+00 4.558089323728430564e+00 6.194781631188383209e+00 6.193414060730230375e+00
3.370000000000000000e+02 4.552893569592950662e+00 4.560052985469109643e+00 6.186729791369683262e+00 6.195276272611167201e+00
3.380000000000000000e+02 4.556965835089425987e+00 4.556002341734719963e+00 6.192009412335374385e+00 6.190383589483832161e+00
3.390000000000000000e+02 4.566610538241748785e+00 4.568142421731245406e+00 6.204464178056023016e+00 6.206395017162481764e+00
3.400000000000000000e+02 4.572541405104711743e+00 4.569562920422954200e+00 6.211361776468391049e+00 6.207566563383617897e+00
3.410000000000000000e+02 4.556788063604863659e+00 4.562790517957961534e+00 6.191394815532010654e+00 6.199067564640514227e+00
3.420000000000000000e+02 4.568988442649911441e+00 4.566060244728451067e+00 6.206903835281712745e+00 6.203153300804626014e+00
3.430000000000000000e+02 4.570528333910878871e+00 4.567999484811496202e+00 6.207440355828512502e+00 6.203943913241897867e+00
3.440000000000000000e+02 4.570554198561307402e+00 4.571074463153288470e+00 6.207796301709206155e+00 6.209134886099547224e+00
3.450000000000000000e+02 4.558012289369298031e+00 4.564020028487946412e+00 6.192209928687901765e+00 6.199921674782541636e+00
3.460000000000000000e+02 4.570101040599476860e+00 4.575271008461617939e+00 6.207544138493506836e+00 6.214026929096495344e+00
3.470000000000000000e+02 4.567088922745855761e+00 4.565392800042325838e+00 6.203616314662167674e+00 6.201391509748057196e+00
3.480000000000000000e+02 4.570467956884338712e+00 4.572118354024689246e+00 6.207905772243687004e+00 6.209618316181604314e+00
3.490000000000000000e+02 4.568777918402293636e+00 4.568379452834623322e+00 6.206378202570442149e+00 6.206331758335003279e+00
3.500000000000000000e+02 4.561761520416402149e+00 4.559358633051253662e+00 6.196616856970440068e+00 6.193815330583849033e+00
3.510000000000000000e+02 4.569619453228495942e+00 4.565933962844280991e+00 6.206277863856699994e+00 6.202014513209419988e+00
3.520000000000000000e+02 4.556239611367826292e+00 4.555957898564481745e+00 6.191090997826828257e+00 6.191080988469582103e+00
3.530000000000000000e+02 4.562223009025824894e+00 4.562126914712573367e+00 6.199294507411027944e+00 6.199390198053015055e+00
3.540000000000000000e+02 4.551187437312596451e+00 4.557494748037389520e+00 6.184493294663618634e+00 6.192388743452474920e+00
3.550000000000000000e+02 4.572763699663635606e+00 4.573864445634111320e+00 6.210420618031355922e+00 6.211982938498111118e+00
3.560000000000000000e+02 4.563439705573275162e+00 4.565650327522665641e+00 6.198853032829799936e+00 6.202205657982270637e+00
3.570000000000000000e+02 4.568546013321405752e+00 4.568431422307891232e+00 6.203360222770925247e+00 6.203338842320292201e+00
3.580000000000000000e+02 4.570630593413444132e+00 4.565736171424205736e+00 6.206360024946000031e+00 6.200784355561523853e+00
3.590000000000000000e+02 4.562070621276978599e+00 4.565393518000568029e+00 6.198202324316994805e+00 6.202710708474579171e+00
3.600000000000000000e+02 4.562714043829833699e+00 4.561708589314126705e+00 6.198503174972201712e+00 6.198038241265352077e+00
3.610000000000000000e+02 4.559914932407058252e+00 4.560547705203287450e+00 6.195582331725769443e+00 6.196670911534962300e+00
3.620000000000000000e+02 4.562159827256646594e+00 4.559953688592348620e+00 6.196924438408355051e+00 6.194944747881370617e+00
3.630000000000000000e+02 4.565785258767438570e+00 4.567497957216972715e+00 6.202502268208571756e+00 6.205834871250612395e+00
3.640000000000000000e+02 4.548083069981850635e+00 4.550716338870331334e+00 6.179287025943827061e+00 6.183587448471970838e+00
3.650000000000000000e+02 4.562041793050925165e+00 4.564831214017047500e+00 6.197424926169494697e+00 6.201752416782454702e+00
3.660000000000000000e+02 4.571180888377554652e+00 4.565583464792271506e+00 6.206911045549146522e+00 6.200826959764026647e+00
3.670000000000000000e+02 4.568950565713318035e+00 4.560381386808836091e+00 6.203044316084900700e+00 6.193264720313771399e+00
3.680000000000000000e+02 4.557598448958008142e+00 4.561640043500990949e+00 6.188061169687737006e+00 6.194049478493261596e+00
3.690000000000000000e+02 4.567866235359982596e+00 4.564697245973603934e+00 6.201205165424616084e+00 6.198068833402333055e+00
3.700000000000000000e+02 4.565966793623760012e+00 4.559768872147983210e+00 6.199687364876381501e+00 6.192911334002903168e+00
3.710000000000000000e+02 4.565445649853815624e+00 4.562314137262413638e+00 6.199934327854473182e+00 6.197199827718315568e+00
3.720000000000000000e+02 4.570398849251395390e+00 4.571360659768386903e+00 6.204769436529653071e+00 6.206950197472081321e+00
3.730000000000000000e+02 4.556963913863647520e+00 4.559276393002759775e+00 6.189435947834157403e+00 6.193038413188305391e+00
3.740000000000000000e+02 4.565130144772921561e+00 4.561235410712310312e+00 6.200827758630877540e+00 6.197096363897946603e+00
3.750000000000000000e+02 4.556803997941853979e+00 4.559853031328692019e+00 6.192036638284244887e+00 6.196560322021265499e+00
3.760000000000000000e+02 4.574991618050529674e+00 4.572172567373502083e+00 6.212418803735741513e+00 6.209881934494572597e+00
3.770000000000000000e+02 4.568151392721154558e+00 4.563891105450568197e+00 6.203164676199557803e+00 6.199169265804381546e+00
3.780000000000000000e+02 4.561140438929489171e+00 4.557764608496288616e+00 6.194639251545524417e+00 6.191357576816839625e+00
3.790000000000000000e+02 4.564602515068780342e+00 4.569119450309670150e+00 6.197605023750171860e+00 6.204384343131737367e+00
3.800000000000000000e+02 4.564560153700052858e+00 4.565049106321606764e+00 6.196812651501200975e+00 6.198740366223699283e+00
3.810000000000000000e+02 4.572324795220210625e+00 4.571339201196579438e+00 6.206715331189334606e+00 6.206500243943373185e+00
3.820000000000000000e+02 4.579977169375532675e+00 4.573241042643665821e+00 6.214832836371141589e+00 6.207597630005986744e+00
3.830000000000000000e+02 4.576329554585504944e+00 4.574070646856829292e+00 6.211981978585714437e+00 6.210472830936210720e+00
3.840000000000000000e+02 4.558156349898290216e+00 4.559118239802415040e+00 6.190501867545473935e+00 6.192900759107027753e+00
3.850000000000000000e+02 4.563356746380766715e+00 4.565293181477382056e+00 6.197673086299201550e+00 6.200995199438490424e+00
3.860000000000000000e+02 4.569524882877163741e+00 4.567322828042320815e+00 6.203359824972537240e+00 6.202048385104678374e+00
3.870000000000000000e+02 4.568865523044376431e+00 4.572100016896484043e+00 6.203874724217723013e+00 6.209079953378101813e+00
3.880000000000000000e+02 4.567328273665234306e+00 4.569453692354312757e+00 6.203432133430658801e+00 6.207723431173743478e+00
3.890000000000000000e+02 4.567922210588796439e+00 4.567954239677732176e+00 6.203007803089791494e+00 6.204236435586489407e+00
3.900000000000000000e+02 4.572124522253376178e+00 4.572457083034571212e+00 6.207778929665384915e+00 6.209703360682792272e+00
3.910000000000000000e+02 4.573249368544911597e+00 4.570172549116549021e+00 6.209477456155854114e+00 6.206971979715077303e+00
3.920000000000000000e+02 4.573385742980383029e+00 4.572118514785404209e+00 6.211235893425141263e+00 6.210918623611434874e+00
3.930000000000000000e+02 4.563487834850422864e+00 4.563889101768001666e+00 6.196756997706026837e+00 6.198748933333075861e+00
3.940000000000000000e+02 4.567448390516525514e+00 4.568175334258905096e+00 6.202380870491913889e+00 6.204533685984759295e+00
3.950000000000000000e+02 4.556844278005535820e+00 4.565578337580596724e+00 6.190171143919165786e+00 6.202334823429469957e+00
3.960000000000000000e+02 4.565233443780861933e+00 4.565730885234047243e+00 6.198895234800714249e+00 6.201047089339057017e+00
3.970000000000000000e+02 4.566389203231331351e+00 4.565592110589985708e+00 6.202256827461455124e+00 6.203056645666902291e+00
3.980000000000000000e+02 4.560884191524492870e+00 4.560680713269761100e+00 6.195936596912442695e+00 6.197221846290794645e+00
3.990000000000000000e+02 4.556687645135800935e+00 4.562831035595747764e+00 6.189849068080797601e+00 6.199011346569747616e+00
4.000000000000000000e+02 4.565136469552027343e+00 4.568556663159418996e+00 6.199662941641487457e+00 6.205686647343454432e+00
4.010000000000000000e+02 4.559047692910507266e+00 4.558837168325391431e+00 6.191474333176311795e+00 6.192931751087080272e+00
4.020000000000000000e+02 4.564375653469251226e+00 4.558221852963940002e+00 6.198173172981421786e+00 6.192025109944022887e+00
4.030000000000000000e+02 4.566143286130062151e+00 4.565717672696611551e+00 6.199793631269724159e+00 6.200921927883297435e+00
4.040000000000000000e+02 4.566443095645932537e+00 4.566255635045442851e+00 6.199737174344829960e+00 6.201642231508236236e+00
4.050000000000000000e+02 4.556736973194118079e+00 4.557336114530139426e+00 6.189099058156480204e+00 6.191777588094341311e+00
4.060000000000000000e+02 4.553638450180166330e+00 4.549057372925366494e+00 6.185796960299818181e+00 6.182093836948570065e+00
4.070000000000000000e+02 4.558828438916801673e+00 4.561353925542713128e+00 6.191723452329787492e+00 6.196462787120574411e+00
4.080000000000000000e+02 4.576990434113182182e+00 4.578320922692062922e+00 6.213061107715199149e+00 6.216330050387336215e+00
4.090000000000000000e+02 4.579826702487306278e+00 4.573541653251091965e+00 6.215503887098592806e+00 6.209115026426276884e+00
4.100000000000000000e+02 4.573608678602222533e+00 4.571370110458815361e+00 6.209268056389848134e+00 6.208156896017056781e+00
4.110000000000000000e+02 4.563151907666156859e+00 4.564672821688836812e+00 6.196003860463171975e+00 6.199672073400112282e+00
4.120000000000000000e+02 4.563866361041609032e+00 4.563325115515674213e+00 6.196330981404226002e+00 6.197729620751527335e+00
4.130000000000000000e+02 4.558988033397781692e+00 4.556358686513223510e+00 6.191412189263079568e+00 6.189889667856724564e+00
4.140000000000000000e+02 4.563033232021481922e+00 4.561517523034803290e+00 6.196740816649634276e+00 6.196916586841926033e+00
4.150000000000000000e+02 4.556948377531040428e+00 4.558509569241709691e+00 6.190913784213316617e+00 6.194069335263035825e+00
4.160000000000000000e+02 4.558698072825887238e+00 4.556330498426998332e+00 6.192412203874659404e+00 6.190923472798174565e+00
4.170000000000000000e+02 4.553107617043130162e+00 4.552314769089520041e+00 6.183501207766005869e+00 6.183993447297118529e+00
4.180000000000000000e+02 4.548303200636759414e+00 4.544271856615703875e+00 6.178647277782794767e+00 6.175439598071203129e+00
4.190000000000000000e+02 4.564477272979893030e+00 4.567122234396896907e+00 6.196761641034379764e+00 6.201111314195814295e+00
4.200000000000000000e+02 4.573646554930171249e+00 4.571306608772960800e+00 6.208316489024902296e+00 6.207058626156734427e+00
4.210000000000000000e+02 4.573713499379700842e+00 4.573182665620892706e+00 6.209703758842084476e+00 6.210978601770667851e+00
4.220000000000000000e+02 4.573525318518069760e+00 4.572348417255681419e+00 6.208317852424823258e+00 6.208248582877097022e+00
4.230000000000000000e+02 4.571475331020911526e+00 4.571233655788933703e+00 6.206097367454543878e+00 6.207235593565141762e+00
4.240000000000000000e+02 4.573486320550482986e+00 4.574131344517368802e+00 6.209686865240811038e+00 6.211942179630791649e+00
4.250000000000000000e+02 4.570490937465685910e+00 4.563665526279870654e+00 6.203994760281065446e+00 6.197200387819441936e+00
4.260000000000000000e+02 4.561355447263613527e+00 4.564520753659086161e+00 6.193058112304185236e+00 6.198361275655671854e+00
4.270000000000000000e+02 4.557432445427005874e+00 4.551757828932762706e+00 6.189954928528352163e+00 6.184221188278754333e+00
4.280000000000000000e+02 4.556778453057968470e+00 4.550982198722838490e+00 6.188757284745159737e+00 6.182583756308842382e+00
4.290000000000000000e+02 4.569587742777263983e+00 4.564135499990036315e+00 6.204198479755023143e+00 6.198723467483776339e+00
4.300000000000000000e+02 4.573819363179124409e+00 4.573298298024006669e+00 6.207776204946278575e+00 6.208353726393026406e+00
4.310000000000000000e+02 4.569142350473153869e+00 4.568385297837640913e+00 6.202541584526281682e+00 6.202953187049772943e+00
4.320000000000000000e+02 4.572638217863911336e+00 4.574255464998610243e+00 6.207535568279776150e+00 6.210610963656330696e+00
4.330000000000000000e+02 4.582582332545031889e+00 4.580867230002182211e+00 6.219008020382257307e+00 6.218244555057715672e+00
4.340000000000000000e+02 4.581196108936925526e+00 4.580410307942273107e+00 6.216433832568331042e+00 6.216595830944312340e+00
4.350000000000000000e+02 4.578492208313796219e+00 4.575726090031184690e+00 6.214577543017619554e+00 6.212679618614970423e+00
4.360000000000000000e+02 4.567704478524425404e+00 4.569564921655845602e+00 6.201450924778554530e+00 6.205088788786208731e+00
4.370000000000000000e+02 4.565344111413325301e+00 4.571281222527675325e+00 6.199600002092256368e+00 6.207732959325587885e+00
4.380000000000000000e+02 4.567063698202824540e+00 4.567532311781954846e+00 6.201642152015821807e+00 6.203125035262288200e+00
4.390000000000000000e+02 4.560366569584918039e+00 4.560112562730449959e+00 6.194398058219872993e+00 6.194747596771398079e+00
4.400000000000000000e+02 4.562566140242257262e+00 4.562580393828230108e+00 6.196575937864579942e+00 6.197505002189011236e+00
4.410000000000000000e+02 4.555990170930767746e+00 4.558901390488840022e+00 6.186927426332499813e+00 6.191562337397024329e+00
4.420000000000000000e+02 4.574431876063108859e+00 4.572519462199426954e+00 6.208953509746011790e+00 6.206982548642669073e+00
4.430000000000000000e+02 4.567560258199025114e+00 4.569069961295213922e+00 6.201727432676086949e+00 6.203866796931167826e+00
4.440000000000000000e+02 4.572998006680471406e+00 4.574286535754179539e+00 6.208095393900977754e+00 6.209986917444060950e+00
4.450000000000000000e+02 4.561504792914420570e+00 4.561173991670579575e+00 6.194106175108277768e+00 6.194192016899869202e+00
4.460000000000000000e+02 4.568280477118705996e+00 4.569376658776848288e+00 6.202111248991761805e+00 6.203920049597922315e+00
4.470000000000000000e+02 4.568970745339200334e+00 4.566073939082482269e+00 6.203668364322837192e+00 6.200817989436905542e+00
4.480000000000000000e+02 4.573349227074719359e+00 4.574818329815987461e+00 6.208389841065044656e+00 6.210631061801683117e+00
4.490000000000000000e+02 4.578790738367029434e+00 4.574818809404511910e+00 6.217136596674913029e+00 6.212429691885039240e+00
4.500000000000000000e+02 4.561549955850375149e+00 4.563213246539925549e+00 6.194428006335352954e+00 6.197002992150922651e+00
4.510000000000000000e+02 4.561427677229946021e+00 4.562145973456543047e+00 6.194056684504035459e+00 6.195650317054679945e+00
4.520000000000000000e+02 4.569874099403294032e+00 4.570776253307905712e+00 6.204703369299881643e+00 6.206022013116204050e+00
4.530000000000000000e+02 4.569261987697966987e+00 4.565867018014019507e+00 6.203066178020832488e+00 6.198931670858429221e+00
4.540000000000000000e+02 4.572554696977655375e+00 4.570230285133593640e+00 6.208596281210636114e+00 6.205911106927589849e+00
4.550000000000000000e+02 4.572340489693160315e+00 4.571981821482435038e+00 6.208333065746659329e+00 6.208177552787210729e+00
4.560000000000000000e+02 4.566929407274932906e+00 4.568863280679479999e+00 6.200998723977432014e+00 6.203407628923983452e+00
4.570000000000000000e+02 4.565339065220807235e+00 4.565282931822943091e+00 6.200749758882687424e+00 6.200199305310134079e+00
4.580000000000000000e+02 4.558433336024568128e+00 4.558225295190815096e+00 6.192895233473922012e+00 6.192532962103994620e+00
4.590000000000000000e+02 4.566078102260921590e+00 4.566309767891519655e+00 6.200625479926138439e+00 6.200436418437771380e+00
4.600000000000000000e+02 4.571562696496854095e+00 4.570609772723501329e+00 6.205955390930239624e+00 6.204891954158146206e+00
4.610000000000000000e+02 4.571317978522069225e+00 4.568063065206440676e+00 6.206130199343537157e+00 6.202072888929822447e+00
4.620000000000000000e+02 4.568012858394318698e+00 4.567812582859185788e+00 6.201674264890071342e+00 6.201229188199969933e+00
4.630000000000000000e+02 4.573179462608821133e+00 4.571831916838644538e+00 6.210194558496516137e+00 6.208569695614229111e+00
4.640000000000000000e+02 4.577361033346694974e+00 4.577776315226552484e+00 6.214113733162894171e+00 6.214118136443870455e+00
4.650000000000000000e+02 4.573973591279768769e+00 4.574350516874275741e+00 6.211324937515605882e+00 6.210935198871375462e+00
4.660000000000000000e+02 4.569052105077250125e+00 4.577301695678780646e+00 6.204928553199325236e+00 6.214085145247720376e+00
4.670000000000000000e+02 4.576121595458515046e+00 4.576550810118033219e+00 6.213168980464617519e+00 6.212995047935526927e+00
4.680000000000000000e+02 4.566533182202800134e+00 4.568231309149132002e+00 6.199956666567664421e+00 6.201386702745427471e+00
4.690000000000000000e+02 4.563559822884704964e+00 4.566153856073859707e+00 6.196352279962420440e+00 6.198959138187229101e+00
4.700000000000000000e+02 4.563006166479495640e+00 4.563136452550559774e+00 6.196537019843579408e+00 6.195455085878174728e+00
4.710000000000000000e+02 4.567114146648219020e+00 4.568188627706784466e+00 6.200274739635964316e+00 6.200820951586919705e+00
4.720000000000000000e+02 4.566223604938543623e+00 4.563898232103774433e+00 6.196924279394334434e+00 6.192865527684633165e+00
4.730000000000000000e+02 4.571657908868528963e+00 4.577124324810967870e+00 6.204748455916740291e+00 6.210542497333511491e+00
4.740000000000000000e+02 4.578573969607363736e+00 4.574741216422976819e+00 6.212920413459247726e+00 6.206830163416405810e+00
4.750000000000000000e+02 4.572365314727398378e+00 4.572279471477747492e+00 6.205196253078363533e+00 6.203543843652276735e+00
4.760000000000000000e+02 4.574272601540018357e+00 4.570150289137250077e+00 6.210896121110275558e+00 6.203916127945259262e+00
4.770000000000000000e+02 4.574549989510522607e+00 4.579577740971204847e+00 6.211432641966590396e+00 6.216142669048652536e+00
4.780000000000000000e+02 4.580075423051603423e+00 4.578759189134464336e+00 6.217618185404123921e+00 6.214000665501110632e+00
4.790000000000000000e+02 4.566352929353151069e+00 4.564296857780693273e+00 6.201957819143592232e+00 6.197048239551773641e+00
4.800000000000000000e+02 4.559250528329810592e+00 4.561548033974253791e+00 6.193199210674730892e+00 6.194319020310323332e+00
4.810000000000000000e+02 4.573657765372623807e+00 4.570056676314373512e+00 6.210410126867486724e+00 6.204019903723421159e+00
4.820000000000000000e+02 4.563536121233224385e+00 4.566628557118123766e+00 6.199293706989133845e+00 6.201222864867933282e+00
4.830000000000000000e+02 4.577601426285021979e+00 4.576771341896789025e+00 6.215205276550477720e+00 6.211888766335444068e+00
4.840000000000000000e+02 4.575771333708220645e+00 4.576690064438647454e+00 6.214561450675218701e+00 6.212925538783745871e+00
4.850000000000000000e+02 4.577873850132846201e+00 4.578167736074269634e+00 6.215438303096791017e+00 6.213598594029840605e+00
4.860000000000000000e+02 4.576793363252996905e+00 4.582237198001956280e+00 6.214137356049781680e+00 6.218271863031278990e+00
4.870000000000000000e+02 4.577007330407540486e+00 4.580483659986865241e+00 6.214383435592428562e+00 6.216534493515509574e+00
4.880000000000000000e+02 4.573976074348072629e+00 4.578093983478281892e+00 6.211743666626560412e+00 6.214561609612438531e+00
4.890000000000000000e+02 4.576935581899844507e+00 4.581083520269741527e+00 6.213666579464754314e+00 6.216161407929939209e+00
4.900000000000000000e+02 4.567786638954036249e+00 4.568580207189613773e+00 6.201745453461877666e+00 6.200338001422178280e+00
4.910000000000000000e+02 4.579983013376416778e+00 4.577477147086198350e+00 6.216386986147210081e+00 6.210928554157733927e+00
4.920000000000000000e+02 4.586844941985529722e+00 4.588692170891936151e+00 6.226448625126722369e+00 6.226245705622225124e+00
4.930000000000000000e+02 4.576490029271495175e+00 4.574568809045399753e+00 6.213430988151070977e+00 6.208374386482570451e+00
4.940000000000000000e+02 4.574985211107809313e+00 4.577479869419242675e+00 6.212245993783120035e+00 6.212354582388886826e+00
4.950000000000000000e+02 4.572056694501888785e+00 4.573430746113071876e+00 6.208659622892669816e+00 6.207667057053596338e+00
4.960000000000000000e+02 4.574898408126717442e+00 4.578217063608471804e+00 6.212316224505191720e+00 6.213234879315280956e+00
4.970000000000000000e+02 4.580647738462920060e+00 4.581184739520055338e+00 6.219244491152329246e+00 6.216856487193668457e+00
4.980000000000000000e+02 4.574929958096936033e+00 4.580533706507246450e+00 6.214384798002116739e+00 6.218843938083192135e+00
4.990000000000000000e+02 4.577806425034154358e+00 4.578072523530856586e+00 6.216891799191333945e+00 6.214243862025394805e+00
5.000000000000000000e+02 4.583679635732376134e+00 4.584417551439147864e+00 6.223065411698193827e+00 6.220919163106795047e+00
