# delays[ps] pumped_signal, blocked_signal, pumped_reference, blocked_reference
-2.000000000000000000e+01 4.486738276329957031e+00 4.482352268440804366e+00 6.267482665076830273e+00 6.262176778928446375e+00
-1.800000000000000000e+01 4.485243709018882363e+00 4.477595100879238288e+00 6.265420497437076186e+00 6.255680692853233360e+00
-1.600000000000000000e+01 4.480460676370581652e+00 4.477870487173823300e+00 6.258224209590400378e+00 6.255414032009377401e+00
-1.400000000000000000e+01 4.480611061194675671e+00 4.474077213502808625e+00 6.259239756498035767e+00 6.251129380502050914e+00
-1.200000000000000000e+01 4.483613489344405956e+00 4.483512992472298286e+00 6.263627709843491154e+00 6.263865863070055440e+00
-1.000000000000000000e+01 4.473872694574040132e+00 4.472749286875105312e+00 6.251552830850341635e+00 6.250351181599143047e+00
-8.000000000000000000e+00 4.474022359944751059e+00 4.475806808614533949e+00 6.250858956091137841e+00 6.253513221670696787e+00
-6.000000000000000000e+00 4.468919498390172329e+00 4.475264923406112594e+00 6.244683104140199781e+00 6.253697720627311440e+00
-4.000000000000000000e+00 4.479051230581941212e+00 4.478172619329499504e+00 6.257865058400096991e+00 6.257233562837198448e+00
-2.000000000000000000e+00 4.472196752110250806e+00 4.473524518123124238e+00 6.248988735743616019e+00 6.251170380307082830e+00
-1.000000000000000000e+00 4.471735825692034538e+00 4.469772644184603294e+00 6.247848025011679240e+00 6.245551548552548127e+00
-9.000000000000000222e-01 4.469350395316314284e+00 4.465915548556067094e+00 6.245050741228883595e+00 6.240536425250791552e+00
-8.000000000000000444e-01 4.474524606649756819e+00 4.473958858291641860e+00 6.251995743828116403e+00 6.251542501366524007e+00
-6.999999999999999556e-01 4.484182200398729279e+00 4.478470428840387818e+00 6.264451632949395332e+00 6.257020478127589769e+00
-5.999999999999999778e-01 4.478404604588257065e+00 4.476523181913388605e+00 6.257875229289558305e+00 6.255343642923953951e+00
-5.000000000000000000e-01 4.478509906189448664e+00 4.478134102963504226e+00 6.258456434264078716e+00 6.258146374499973241e+00
-4.000000000000000222e-01 4.481423848274418198e+00 4.477619204470252079e+00 6.262891712898874808e+00 6.256783527715525040e+00
-2.999999999999999889e-01 4.472893987326747478e+00 4.478566921387383992e+00 6.253111630971512902e+00 6.257907579494896844e+00
-2.000000000000000111e-01 4.478005016510360647e+00 4.484934688990527718e+00 6.262372967358313502e+00 6.266240654566670898e+00
-1.000000000000000056e-01 4.476061934890227079e+00 4.479546351303723029e+00 6.261397698727503958e+00 6.258592249512743955e+00
0.000000000000000000e+00 4.470113453676809456e+00 4.478272476327721741e+00 6.255120947001872267e+00 6.257596476997385082e+00
1.000000000000000056e-01 4.468774957990191865e+00 4.480224848238941959e+00 6.254084660002869889e+00 6.259962623756399225e+00
2.000000000000000111e-01 4.470996389644249724e+00 4.477813873292387115e+00 6.257145320692012014e+00 6.256234353425297989e+00
2.999999999999999889e-01 4.459848313419818133e+00 4.469821812868736366e+00 6.241970066012911822e+00 6.245312758632681316e+00
4.000000000000000222e-01 4.470482851517819434e+00 4.476285832600114922e+00 6.257178951697794922e+00 6.253913931917202795e+00
5.000000000000000000e-01 4.468040244824489804e+00 4.476725697573393781e+00 6.253469336704088555e+00 6.253869966308322148e+00
5.999999999999999778e-01 4.471895579491208750e+00 4.477026150317031217e+00 6.258397577396459077e+00 6.254029405880028314e+00
6.999999999999999556e-01 4.469869858402322649e+00 4.482472705232108723e+00 6.256390104973666766e+00 6.262290890317594894e+00
8.000000000000000444e-01 4.473395831960522706e+00 4.477049451032361738e+00 6.261602697358747527e+00 6.255048313442651775e+00
9.000000000000000222e-01 4.477798896401620432e+00 4.486767664951411660e+00 6.268001007893848175e+00 6.268337898406982411e+00
1.000000000000000000e+00 4.473787171793644823e+00 4.479976208408132266e+00 6.262325323104220409e+00 6.259266268087815277e+00
1.100000000000000089e+00 4.467326994371419779e+00 4.485016369567347283e+00 6.254715191269541563e+00 6.266323779384445736e+00
1.199999999999999956e+00 4.466355894722609854e+00 4.477616241951761111e+00 6.253440352162564331e+00 6.256685993453078076e+00
1.300000000000000044e+00 4.467234745668893225e+00 4.473362520658191066e+00 6.254425630784182566e+00 6.251160369185734922e+00
1.399999999999999911e+00 4.471672084003171399e+00 4.476926212199546562e+00 6.259583695226934807e+00 6.255100365584060462e+00
1.500000000000000000e+00 4.471515611289307301e+00 4.483406009117288704e+00 6.259856037745195501e+00 6.264018892858455700e+00
1.600000000000000089e+00 4.473342180329897388e+00 4.482668653778520529e+00 6.262847430557282991e+00 6.263203776289469005e+00
1.699999999999999956e+00 4.473627817596667278e+00 4.478812760081609667e+00 6.263242536952137840e+00 6.257625546396838878e+00
1.800000000000000044e+00 4.472930261649378458e+00 4.481519782098939864e+00 6.262517029791108136e+00 6.261493953976998483e+00
1.899999999999999911e+00 4.463330804434246346e+00 4.475497708998350532e+00 6.248989857218045785e+00 6.253331684382808398e+00
2.000000000000000000e+00 4.480249991229893425e+00 4.480996395323407100e+00 6.271045174528681265e+00 6.260099956549225908e+00
3.000000000000000000e+00 4.476404426523382440e+00 4.482833053889403452e+00 6.266031732100984186e+00 6.262746452939411235e+00
4.000000000000000000e+00 4.474372057196111641e+00 4.482199000114768239e+00 6.264120348494229162e+00 6.262854559236309626e+00
5.000000000000000000e+00 4.466235457835255218e+00 4.477773753063210904e+00 6.251882914725300111e+00 6.255795362400561999e+00
6.000000000000000000e+00 4.473309108584627936e+00 4.483349714086454441e+00 6.261064895178973799e+00 6.263429037011071898e+00
7.000000000000000000e+00 4.481074790437753030e+00 4.486509896049066803e+00 6.272789274062786191e+00 6.269175196228590430e+00
8.000000000000000000e+00 4.474655532294302240e+00 4.481792285807078002e+00 6.262726031919839009e+00 6.262294332674275488e+00
9.000000000000000000e+00 4.472117954891006164e+00 4.484338271089373329e+00 6.259471663619311954e+00 6.265755381436502347e+00
1.000000000000000000e+01 4.471306288592291622e+00 4.487847590740187798e+00 6.257616015914551966e+00 6.270004721253640945e+00
1.100000000000000000e+01 4.484099799842176992e+00 4.496321478103327607e+00 6.273902836668005634e+00 6.281125790801922015e+00
1.200000000000000000e+01 4.470733013340508322e+00 4.475751074511623351e+00 6.256339973256134890e+00 6.253008649979322264e+00
1.300000000000000000e+01 4.472406554996894990e+00 4.483220228520203854e+00 6.259089132349620499e+00 6.263612175145190086e+00
1.400000000000000000e+01 4.469171020567817010e+00 4.482571039923548994e+00 6.254498500407053463e+00 6.262227627274236319e+00
1.500000000000000000e+01 4.474291579910277150e+00 4.488071407489697684e+00 6.263122978840629074e+00 6.270477741858587528e+00
1.600000000000000000e+01 4.476880488161647520e+00 4.483894000784738765e+00 6.265920344939869935e+00 6.264523461664528448e+00
1.700000000000000000e+01 4.476066419464857837e+00 4.480283625002591918e+00 6.265361240039159618e+00 6.259720387305389266e+00
1.800000000000000000e+01 4.476362065368687304e+00 4.479575257624576423e+00 6.265393029690414117e+00 6.258797324921564709e+00
1.900000000000000000e+01 4.474067283248936988e+00 4.483277245919512488e+00 6.261922210710217485e+00 6.263149410065076417e+00
2.000000000000000000e+01 4.466738584129195999e+00 4.478132100417893113e+00 6.253572077065251200e+00 6.257780496456513575e+00
2.100000000000000000e+01 4.473797341720972653e+00 4.483964470081853726e+00 6.263843922464171321e+00 6.266592519602301792e+00
2.200000000000000000e+01 4.471981583400924443e+00 4.476407390004021991e+00 6.261219207377843432e+00 6.256631137558446909e+00
2.300000000000000000e+01 4.471011362494164310e+00 4.478263988578222055e+00 6.260633994339558583e+00 6.259257856369315753e+00
2.400000000000000000e+01 4.474588348321538511e+00 4.483844753846243592e+00 6.264440905060935982e+00 6.266193410252809848e+00
2.500000000000000000e+01 4.476904911699953971e+00 4.480337597093360102e+00 6.266391443599218292e+00 6.260266438600718963e+00
2.600000000000000000e+01 4.472373001799382131e+00 4.480488463213090355e+00 6.259591299862957037e+00 6.260284055699586681e+00
2.700000000000000000e+01 4.467024461983885253e+00 4.475913552057827260e+00 6.252156781067819580e+00 6.253892791490363479e+00
2.800000000000000000e+01 4.476738269500646794e+00 4.483361405506355979e+00 6.265750577192658710e+00 6.264000714196011899e+00
2.900000000000000000e+01 4.473494968807979255e+00 4.478142832016906993e+00 6.261465766056417692e+00 6.257441609473527677e+00
3.000000000000000000e+01 4.481542202887951021e+00 4.490856425220798087e+00 6.272439092232991342e+00 6.274644119943395992e+00
3.100000000000000000e+01 4.479370259147853695e+00 4.480610021033584189e+00 6.269437288552280663e+00 6.260673795510819595e+00
3.200000000000000000e+01 4.476343166572246624e+00 4.482259619567617648e+00 6.264507445929012874e+00 6.261993002030407318e+00
3.300000000000000000e+01 4.477195671998375204e+00 4.480667436794284697e+00 6.265734239879242828e+00 6.260135111193537938e+00
3.400000000000000000e+01 4.477371684096440596e+00 4.489567096509857969e+00 6.265141907144385236e+00 6.271778529201609942e+00
3.500000000000000000e+01 4.473141425895318157e+00 4.481828801332940593e+00 6.259503853991435385e+00 6.261632088189544199e+00
3.600000000000000000e+01 4.480126191437651784e+00 4.493679800579106320e+00 6.268670942249680245e+00 6.277309917509115600e+00
3.700000000000000000e+01 4.478995336832681140e+00 4.487572444812897743e+00 6.265218221449736724e+00 6.267962893879658992e+00
3.800000000000000000e+01 4.485811618375311838e+00 4.495045603448776461e+00 6.275926568772794312e+00 6.279007090242419764e+00
3.900000000000000000e+01 4.485600053306310286e+00 4.493060079659728423e+00 6.275205386010465958e+00 6.276186581813232301e+00
4.000000000000000000e+01 4.483037330903267836e+00 4.495777110608868199e+00 6.272833555637890690e+00 6.280733648367959887e+00
4.100000000000000000e+01 4.490615471743012677e+00 4.491486956585173829e+00 6.282043567208959622e+00 6.274409653277984056e+00
4.200000000000000000e+01 4.483652165804658196e+00 4.492156243624276790e+00 6.272443814315955990e+00 6.275493105056364485e+00
4.300000000000000000e+01 4.486921974226644849e+00 4.492724874965867699e+00 6.277541582693451083e+00 6.276697239246415982e+00
4.400000000000000000e+01 4.486172447808248975e+00 4.485444703704116520e+00 6.275932574450605372e+00 6.266809290176379221e+00
4.500000000000000000e+01 4.489264483033822195e+00 4.487100067970464679e+00 6.279779842044081128e+00 6.268132020586110187e+00
4.600000000000000000e+01 4.479981251253955854e+00 4.482386781650069985e+00 6.268368888512750203e+00 6.262888431257488620e+00
4.700000000000000000e+01 4.475483855547722989e+00 4.488529691317332926e+00 6.262470825757016968e+00 6.271550786588314885e+00
4.800000000000000000e+01 4.477885941480899135e+00 4.486495320954553279e+00 6.265402078628491189e+00 6.268606799859861134e+00
4.900000000000000000e+01 4.474300789710198067e+00 4.481456920451370785e+00 6.260783022048584279e+00 6.261951277432545204e+00
5.000000000000000000e+01 4.477755255151729230e+00 4.479650210846384262e+00 6.265245126369551443e+00 6.259759703960694033e+00
5.100000000000000000e+01 4.470720281209227487e+00 4.478714504885715542e+00 6.254983772961957733e+00 6.257796352739310564e+00
5.200000000000000000e+01 4.478304266832846992e+00 4.483555593764172009e+00 6.264929778987183617e+00 6.264295962112556460e+00
5.300000000000000000e+01 4.479133550392743857e+00 4.486114312536940041e+00 6.266008830779377980e+00 6.267802257982413749e+00
5.400000000000000000e+01 4.480970369213691740e+00 4.480083029925908455e+00 6.269534824020039032e+00 6.260791828847635188e+00
5.500000000000000000e+01 4.477678379697179523e+00 4.479072771600219660e+00 6.265403918419200302e+00 6.259708454287761903e+00
5.600000000000000000e+01 4.478167414241828403e+00 4.480735902188182074e+00 6.266560407208945804e+00 6.262494046405922887e+00
5.700000000000000000e+01 4.470133152506804208e+00 4.479957308614930689e+00 6.255045913448268990e+00 6.261055206425489850e+00
5.800000000000000000e+01 4.469294259630506971e+00 4.473303503396709679e+00 6.253707729297573792e+00 6.251985012257614827e+00
5.900000000000000000e+01 4.464924667532015334e+00 4.469551469091080698e+00 6.247298207600033848e+00 6.246036658834871247e+00
6.000000000000000000e+01 4.464034205400137623e+00 4.470216673786536532e+00 6.245357198114975361e+00 6.246692258262515729e+00
6.100000000000000000e+01 4.470504151905687173e+00 4.474868380788138644e+00 6.254055108512399208e+00 6.252586562303105389e+00
6.200000000000000000e+01 4.465188444270298262e+00 4.467489552443943523e+00 6.247096974870058439e+00 6.243232969707324109e+00
6.300000000000000000e+01 4.473381818723010106e+00 4.480208190996191497e+00 6.257333740389272592e+00 6.259570398726938656e+00
6.400000000000000000e+01 4.471252157564356899e+00 4.475685811805274916e+00 6.255349172045646000e+00 6.254190682581626248e+00
6.500000000000000000e+01 4.471140689247076416e+00 4.471926890044666258e+00 6.254586908557927316e+00 6.248277481369112429e+00
6.600000000000000000e+01 4.476276622879234779e+00 4.486456963976632295e+00 6.261515573787181488e+00 6.268178703443613387e+00
6.700000000000000000e+01 4.471619952856422664e+00 4.476173884705862527e+00 6.255828035747703630e+00 6.254697096193418737e+00
6.800000000000000000e+01 4.469726439892265368e+00 4.477909805060265924e+00 6.252913119734471614e+00 6.256788330118371988e+00
6.900000000000000000e+01 4.472042201857851396e+00 4.480275216971395302e+00 6.256384737884413738e+00 6.259967588326185606e+00
7.000000000000000000e+01 4.462324550367608111e+00 4.470636680800447849e+00 6.243354450272553535e+00 6.247306376898662528e+00
7.100000000000000000e+01 4.474374460229952000e+00 4.477865761308795989e+00 6.259480711456098412e+00 6.256847424751998510e+00
7.200000000000000000e+01 4.478921664255299362e+00 4.479882676222019633e+00 6.265577127873639185e+00 6.259125006387918688e+00
7.300000000000000000e+01 4.475642969176303332e+00 4.478015586778348656e+00 6.261086836453776172e+00 6.256949044588285602e+00
7.400000000000000000e+01 4.481261450430898741e+00 4.480448984465575712e+00 6.269648212504693952e+00 6.261047517996100709e+00
7.500000000000000000e+01 4.463973746651896057e+00 4.471032984082121686e+00 6.245056024292957808e+00 6.247384291132410894e+00
7.600000000000000000e+01 4.471641253922705950e+00 4.473176981194214363e+00 6.256187186421406921e+00 6.250886262941796723e+00
7.700000000000000000e+01 4.471809336872105689e+00 4.481876367349024726e+00 6.256102304234386402e+00 6.262398194148545372e+00
7.800000000000000000e+01 4.472396784669730785e+00 4.472518102973189968e+00 6.256825645542262393e+00 6.249670598959044199e+00
7.900000000000000000e+01 4.474367733646960055e+00 4.476572749381655392e+00 6.259110430727553798e+00 6.254484164364367160e+00
8.000000000000000000e+01 4.477349582068756995e+00 4.479916949493736311e+00 6.262841665068529906e+00 6.258734145747832933e+00
8.100000000000000000e+01 4.477443832987601624e+00 4.483509869113551538e+00 6.264169517436673829e+00 6.264796688791202328e+00
8.200000000000000000e+01 4.477204320991625686e+00 4.483044057849293829e+00 6.263801959347772730e+00 6.263793872078195157e+00
8.300000000000000000e+01 4.484851729068884296e+00 4.491331124965141974e+00 6.272976096320118877e+00 6.274534092453132317e+00
8.400000000000000000e+01 4.482642068445881200e+00 4.487711137912826942e+00 6.270465410355225977e+00 6.269948104308053161e+00
8.500000000000000000e+01 4.478589903237031322e+00 4.480936977431063895e+00 6.266039499115542810e+00 6.261810101329605693e+00
8.600000000000000000e+01 4.481386932812601920e+00 4.488128263182048272e+00 6.269649415751169741e+00 6.271212458958496327e+00
8.700000000000000000e+01 4.473781806750823264e+00 4.485823550624275846e+00 6.259424978497817094e+00 6.268413812820923248e+00
8.800000000000000000e+01 4.481658715560317141e+00 4.485265330229306180e+00 6.269914953008230540e+00 6.267763420241498906e+00
8.900000000000000000e+01 4.479084865623068623e+00 4.485045596738857832e+00 6.266641133121923168e+00 6.267678615930021735e+00
9.000000000000000000e+01 4.479143479173920639e+00 4.491402793388199477e+00 6.266532138164562227e+00 6.275706111588113423e+00
9.100000000000000000e+01 4.480428725149901759e+00 4.487463619351670374e+00 6.267855269623368919e+00 6.270168081749057265e+00
9.200000000000000000e+01 4.480662711376913521e+00 4.485741071392702395e+00 6.268105752326306401e+00 6.267221212967522881e+00
9.300000000000000000e+01 4.477960813950145003e+00 4.483922109334784523e+00 6.265034680485810803e+00 6.264817431474065224e+00
9.400000000000000000e+01 4.468194635505289725e+00 4.474134708794648141e+00 6.251607686511316153e+00 6.251144354029682049e+00
9.500000000000000000e+01 4.468570279897245534e+00 4.475459752525145163e+00 6.253199638495414270e+00 6.253240956684891216e+00
9.600000000000000000e+01 4.464278522198939392e+00 4.470888284790023981e+00 6.247818956299965087e+00 6.247615078208820449e+00
9.700000000000000000e+01 4.460852563038941732e+00 4.470881877332620213e+00 6.243976732154457032e+00 6.248011941495390076e+00
9.800000000000000000e+01 4.471297800538484246e+00 4.477536083094604713e+00 6.258210675648275156e+00 6.257011187261963592e+00
9.900000000000000000e+01 4.475322819256543738e+00 4.475827068464480973e+00 6.264279146093449491e+00 6.254737614681756597e+00
1.000000000000000000e+02 4.467883695164268865e+00 4.477950966128672050e+00 6.253716302519982229e+00 6.256637786399511292e+00
1.010000000000000000e+02 4.474593953182842476e+00 4.483359244252121734e+00 6.263014874467168092e+00 6.264081915422540447e+00
1.020000000000000000e+02 4.480427282676078704e+00 4.485909394267510564e+00 6.271289491704248320e+00 6.268039209329188566e+00
1.030000000000000000e+02 4.476474414472137120e+00 4.484829627196660340e+00 6.266234570239736179e+00 6.266712954669102054e+00
1.040000000000000000e+02 4.474808801000617287e+00 4.479909742404613482e+00 6.262614243529977642e+00 6.258590885779057977e+00
1.050000000000000000e+02 4.474840672441477096e+00 4.484892568965165971e+00 6.263008549302164774e+00 6.266066807296038377e+00
1.060000000000000000e+02 4.481380847520475719e+00 4.488510792408171746e+00 6.272598770227476805e+00 6.271182586562798811e+00
1.070000000000000000e+02 4.477822359786148176e+00 4.489605132620202887e+00 6.267138089164325798e+00 6.271850117028105132e+00
1.080000000000000000e+02 4.478793060761226741e+00 4.489393889145505412e+00 6.268272636240420859e+00 6.271565843206063029e+00
1.090000000000000000e+02 4.481935864379804180e+00 4.489928086930881967e+00 6.271886474351778595e+00 6.270965339083228507e+00
1.100000000000000000e+02 4.480016404969046739e+00 4.490781633146301743e+00 6.270809825427975603e+00 6.273820278375049853e+00
1.110000000000000000e+02 4.481044680366770727e+00 4.492558073464992141e+00 6.272241538246072778e+00 6.275681049490365204e+00
1.120000000000000000e+02 4.474064560203183660e+00 4.484013797392937484e+00 6.262902524566356099e+00 6.265138942516475851e+00
1.130000000000000000e+02 4.481641979067710224e+00 4.490779391918350960e+00 6.272683889267416824e+00 6.273130649107199197e+00
1.140000000000000000e+02 4.475935012275065183e+00 4.490155747037795742e+00 6.265581454638919467e+00 6.272444138428317828e+00
1.150000000000000000e+02 4.474582743181495736e+00 4.484261317032196104e+00 6.263489819356599320e+00 6.264566384516487396e+00
1.160000000000000000e+02 4.474131346056322123e+00 4.486918851816315446e+00 6.263646532421386581e+00 6.268492530010322028e+00
1.170000000000000000e+02 4.476288713995580260e+00 4.485502198922167061e+00 6.266799118324455797e+00 6.266069207953451681e+00
1.180000000000000000e+02 4.477254048997872715e+00 4.488158131151279484e+00 6.267716091457407046e+00 6.269339992666375316e+00
1.190000000000000000e+02 4.477915891118758651e+00 4.492605238460436468e+00 6.270000639348786819e+00 6.275972371599008781e+00
1.200000000000000000e+02 4.463964057691610421e+00 4.471255040656376245e+00 6.252118904463643823e+00 6.248348434119161965e+00
1.210000000000000000e+02 4.477700321900296210e+00 4.489012879336343964e+00 6.269649656285235295e+00 6.270946197648319398e+00
1.220000000000000000e+02 4.468244443771064667e+00 4.477146346016824374e+00 6.257244776976163436e+00 6.255365825766744159e+00
1.230000000000000000e+02 4.478397716662231964e+00 4.488921030880025143e+00 6.270671209274125246e+00 6.270710209081160613e+00
1.240000000000000000e+02 4.472130287548315764e+00 4.484169308435444812e+00 6.263421512490491949e+00 6.265011539477534974e+00
1.250000000000000000e+02 4.465776131949962036e+00 4.480949870025321857e+00 6.255041428342798859e+00 6.260015313522528047e+00
1.260000000000000000e+02 4.469395558773231691e+00 4.478374336944851208e+00 6.262145550394269122e+00 6.258039954185406373e+00
1.270000000000000000e+02 4.466834516977934655e+00 4.482497929588204144e+00 6.258412391260266716e+00 6.262886350020441029e+00
1.280000000000000000e+02 4.478079648738865437e+00 4.487108715594247066e+00 6.273244356015831968e+00 6.268710422021575468e+00
1.290000000000000000e+02 4.470056598880309373e+00 4.486896749686800412e+00 6.262995737977191446e+00 6.268874980759392201e+00
1.300000000000000000e+02 4.477758698905429213e+00 4.487638028599973516e+00 6.272870074238261040e+00 6.269301478356306134e+00
1.310000000000000000e+02 4.467980666831696368e+00 4.482688193663711296e+00 6.259798540474632134e+00 6.263090147955284515e+00
1.320000000000000000e+02 4.469053386949725315e+00 4.482689394324959942e+00 6.260424673075594804e+00 6.262486999148790368e+00
1.330000000000000000e+02 4.468958897105141936e+00 4.480613784702734748e+00 6.261675896230205041e+00 6.261194062193904841e+00
1.340000000000000000e+02 4.467555535719918147e+00 4.482657684704354217e+00 6.259747292408875730e+00 6.263883802465705308e+00
1.350000000000000000e+02 4.473089375428303427e+00 4.483261468924158777e+00 6.265900163858275640e+00 6.263691613640914646e+00
1.360000000000000000e+02 4.468468419958648852e+00 4.484226802781244636e+00 6.258923289720446093e+00 6.265045889503984888e+00
1.370000000000000000e+02 4.471780748076713330e+00 4.480278820152427066e+00 6.263419828686195956e+00 6.259984403753320770e+00
1.380000000000000000e+02 4.470852008904504515e+00 4.480774420730706531e+00 6.262050656167232887e+00 6.260598603228456405e+00
1.390000000000000000e+02 4.478093262474896363e+00 4.487941842519903801e+00 6.269901581507938637e+00 6.268341502305882607e+00
1.400000000000000000e+02 4.472778114498230373e+00 4.487345744416542104e+00 6.263227802396916566e+00 6.268165889565557869e+00
1.410000000000000000e+02 4.481256246438734436e+00 4.487161247611881620e+00 6.273533119108882339e+00 6.267211204566385696e+00
1.420000000000000000e+02 4.484308962705809698e+00 4.495750606897716217e+00 6.278007155144417872e+00 6.279326843008586678e+00
1.430000000000000000e+02 4.472523549102945140e+00 4.487543376825864350e+00 6.262866333430298305e+00 6.269015919924177282e+00
1.440000000000000000e+02 4.476327151685761230e+00 4.489289227646492186e+00 6.267508850861775116e+00 6.271073283011888932e+00
1.450000000000000000e+02 4.473810073492902717e+00 4.485647540153215651e+00 6.264741114875264749e+00 6.266642808066198889e+00
1.460000000000000000e+02 4.482305021645546894e+00 4.490742475198779893e+00 6.275843287581872154e+00 6.273110947343242927e+00
1.470000000000000000e+02 4.473806229916812427e+00 4.488299869661864783e+00 6.263715956821863884e+00 6.269665993345094002e+00
1.480000000000000000e+02 4.473691158897590725e+00 4.481174887849699751e+00 6.263372103043728600e+00 6.259890791838745194e+00
1.490000000000000000e+02 4.464910975696762208e+00 4.474774209650859369e+00 6.252180887168964141e+00 6.251848883991072192e+00
1.500000000000000000e+02 4.473679467588474346e+00 4.480799003772274247e+00 6.264472134513965784e+00 6.260442529401238687e+00
1.510000000000000000e+02 4.467202954028144823e+00 4.473570242182798751e+00 6.255688458617401970e+00 6.250704886345855193e+00
1.520000000000000000e+02 4.475580909035510757e+00 4.488545627352634071e+00 6.266304558392804758e+00 6.270292442542162448e+00
1.530000000000000000e+02 4.467738673492569035e+00 4.475554564439983452e+00 6.255941907113194311e+00 6.252867633297944927e+00
1.540000000000000000e+02 4.465832348137880103e+00 4.477053855964348905e+00 6.254392000364340731e+00 6.255392170099585591e+00
1.550000000000000000e+02 4.473571122610596973e+00 4.479391080486081478e+00 6.264395900248548976e+00 6.258024735649494907e+00
1.560000000000000000e+02 4.467566746862032367e+00 4.479452499409560140e+00 6.255958322858407250e+00 6.258001111276251471e+00
1.570000000000000000e+02 4.469985489493410569e+00 4.476684378732487701e+00 6.259350185845342196e+00 6.254431716593368940e+00
1.580000000000000000e+02 4.469559556970215120e+00 4.479779056099632228e+00 6.259676183240343583e+00 6.258926253366389858e+00
1.590000000000000000e+02 4.465907699230672989e+00 4.478131300302277573e+00 6.254595153280229525e+00 6.256158117913508399e+00
1.600000000000000000e+02 4.466649538282197796e+00 4.479027047311070042e+00 6.255278059601884877e+00 6.257309557781124632e+00
1.610000000000000000e+02 4.466007075793873682e+00 4.478200726876755411e+00 6.254586906122487910e+00 6.256373045384650666e+00
1.620000000000000000e+02 4.472513377852613381e+00 4.486921974369173505e+00 6.263390040143010928e+00 6.268249171831110189e+00
1.630000000000000000e+02 4.476099010780480114e+00 4.491642626231296731e+00 6.268882188822668233e+00 6.275066930135326793e+00
1.640000000000000000e+02 4.478891716190136485e+00 4.487423820631547322e+00 6.271703577686187359e+00 6.268496933543194594e+00
1.650000000000000000e+02 4.466561533312487065e+00 4.479572536545244787e+00 6.254562323286686265e+00 6.257830307096239331e+00
1.660000000000000000e+02 4.470091752140034735e+00 4.480998636457920625e+00 6.260839315493774926e+00 6.260739857216629289e+00
1.670000000000000000e+02 4.471385004388626960e+00 4.481109944487015717e+00 6.263239171873985711e+00 6.261363585153359779e+00
1.680000000000000000e+02 4.474362208687767684e+00 4.486435182335196892e+00 6.266886005051993891e+00 6.268325084541313430e+00
1.690000000000000000e+02 4.465395203912366107e+00 4.475904263585896992e+00 6.254766443112012908e+00 6.254606047559744475e+00
1.700000000000000000e+02 4.469688321935293196e+00 4.484369502127438345e+00 6.259626535574745354e+00 6.264978146438179962e+00
1.710000000000000000e+02 4.470054677332035098e+00 4.482637425563933853e+00 6.260223518600531278e+00 6.263266001806816696e+00
1.720000000000000000e+02 4.478595268799574036e+00 4.488870341813862908e+00 6.272117179894590500e+00 6.271531569219241931e+00
1.730000000000000000e+02 4.472068787275792268e+00 4.484992505425481113e+00 6.262706894723109485e+00 6.265836582129066024e+00
1.740000000000000000e+02 4.485240904912516591e+00 4.494898340434630768e+00 6.280826299795500667e+00 6.279203520777283387e+00
1.750000000000000000e+02 4.476036951021918675e+00 4.491055818718190373e+00 6.267712009924593097e+00 6.273747487286022384e+00
1.760000000000000000e+02 4.472606907852519242e+00 4.485023496322138037e+00 6.263384913419399957e+00 6.266136956764057686e+00
1.770000000000000000e+02 4.473969829463638526e+00 4.484224322147113639e+00 6.265870458202530635e+00 6.265327528359257769e+00
1.780000000000000000e+02 4.478807714089508174e+00 4.492246812632743946e+00 6.272428842069417421e+00 6.275681772171393114e+00
1.790000000000000000e+02 4.477648110591427866e+00 4.489414468150195070e+00 6.270145577433371642e+00 6.271660172565922231e+00
1.800000000000000000e+02 4.489874033366843875e+00 4.500850426063003340e+00 6.286124902299667916e+00 6.286543389862806031e+00
1.810000000000000000e+02 4.484093154127083203e+00 4.495233865256877515e+00 6.278758928660012728e+00 6.279184781919340708e+00
1.820000000000000000e+02 4.481547969539244392e+00 4.491092814986447301e+00 6.275448666468071757e+00 6.273632976949950368e+00
1.830000000000000000e+02 4.482526355713223332e+00 4.494291833122047386e+00 6.276152628144784806e+00 6.277162413014162112e+00
1.840000000000000000e+02 4.479997267309447473e+00 4.487294656482279542e+00 6.273739961643790330e+00 6.268177504786036636e+00
1.850000000000000000e+02 4.476100212407381207e+00 4.484840519293811667e+00 6.269154855541699156e+00 6.266034457618896880e+00
1.860000000000000000e+02 4.469149960587696313e+00 4.480602334135596720e+00 6.259890553103436339e+00 6.260064803586332438e+00
1.870000000000000000e+02 4.467277586718257254e+00 4.474025405158366553e+00 6.257085260190232034e+00 6.250586616722658029e+00
1.880000000000000000e+02 4.479226280095717883e+00 4.487702571718830136e+00 6.273128485155882395e+00 6.268618094204349234e+00
1.890000000000000000e+02 4.482255213882869960e+00 4.489386361776203316e+00 6.278027816674044637e+00 6.271671465691889047e+00
1.900000000000000000e+02 4.474695171047736508e+00 4.486597740304477888e+00 6.267701038476135800e+00 6.268027435849919726e+00
1.910000000000000000e+02 4.477608074287660500e+00 4.492815282761236872e+00 6.271956708455127760e+00 6.276276109600826381e+00
1.920000000000000000e+02 4.465341391616785671e+00 4.480151257517012375e+00 6.255378398339595414e+00 6.259636226946688531e+00
1.930000000000000000e+02 4.474476799783500880e+00 4.489467401039095584e+00 6.268342624053309997e+00 6.272687257093848778e+00
1.940000000000000000e+02 4.466570181225764991e+00 4.485011164227911351e+00 6.257215065745405091e+00 6.266488979379110091e+00
1.950000000000000000e+02 4.474464787651071696e+00 4.480620030568737810e+00 6.266776777824868638e+00 6.259431945471386705e+00
1.960000000000000000e+02 4.471686337046670623e+00 4.480800125397043310e+00 6.263713555967717284e+00 6.260748028334246484e+00
1.970000000000000000e+02 4.463147426976039611e+00 4.471318382090998078e+00 6.252866993738651402e+00 6.248767162035650635e+00
1.980000000000000000e+02 4.466306086309125511e+00 4.476028144064235548e+00 6.256049132460185014e+00 6.254061438321548927e+00
1.990000000000000000e+02 4.464439718431179926e+00 4.473760346363680362e+00 6.253347861375539551e+00 6.251459381312006514e+00
2.000000000000000000e+02 4.468567637125889114e+00 4.481375402134930575e+00 6.259725433983613030e+00 6.262642992756703997e+00
2.010000000000000000e+02 4.467247317414967611e+00 4.472786683298709320e+00 6.257739817804716331e+00 6.250575801078701588e+00
2.020000000000000000e+02 4.472077115221633647e+00 4.482232312523574791e+00 6.263594398966358945e+00 6.262741889869524847e+00
2.030000000000000000e+02 4.477353345664329964e+00 4.485175803629548597e+00 6.269920319556864463e+00 6.266170909452994486e+00
2.040000000000000000e+02 4.464940363772393006e+00 4.478786095298424641e+00 6.253859640948221887e+00 6.258084556147372801e+00
2.050000000000000000e+02 4.473308227303157913e+00 4.481564865542600806e+00 6.264484384687155405e+00 6.261300644721395692e+00
2.060000000000000000e+02 4.470173832951866544e+00 4.480259922823584873e+00 6.260855494696499157e+00 6.259890955162442872e+00
2.070000000000000000e+02 4.472105383200201345e+00 4.480971811983556208e+00 6.263104082815655005e+00 6.260759400034320521e+00
2.080000000000000000e+02 4.470733173424959794e+00 4.486321873378434688e+00 6.261855264819399025e+00 6.268088536219233120e+00
2.090000000000000000e+02 4.468484114988805267e+00 4.478648200152681724e+00 6.259746411068992877e+00 6.258370350508234203e+00
2.100000000000000000e+02 4.470676559043785581e+00 4.479353603941870432e+00 6.263113771894737170e+00 6.259601150617172927e+00
2.110000000000000000e+02 4.472621561919870814e+00 4.485433174314592542e+00 6.265699487599499129e+00 6.267371282268863197e+00
2.120000000000000000e+02 4.469385548928796581e+00 4.484862780906210489e+00 6.261373277721171249e+00 6.266365660432669848e+00
2.130000000000000000e+02 4.484095716313906799e+00 4.490768821358336993e+00 6.280449374490887138e+00 6.273512700270278408e+00
2.140000000000000000e+02 4.483751863350784461e+00 4.492221908152022714e+00 6.280605046507944600e+00 6.275691460558455503e+00
2.150000000000000000e+02 4.476214002259207625e+00 4.484392564872940135e+00 6.270138452741797153e+00 6.264780515035740294e+00
2.160000000000000000e+02 4.478450568282776878e+00 4.491580327081956092e+00 6.273020699088432295e+00 6.274339264527012183e+00
2.170000000000000000e+02 4.482543092578997523e+00 4.490790282632018737e+00 6.279505255391111262e+00 6.274231081482633421e+00
2.180000000000000000e+02 4.475326583410040193e+00 4.487740447823947321e+00 6.269853537068135196e+00 6.269996635460711509e+00
2.190000000000000000e+02 4.476016450923148149e+00 4.489172554538734872e+00 6.270535559497500522e+00 6.271643117844257098e+00
2.200000000000000000e+02 4.474154567599170740e+00 4.484076658819592609e+00 6.267745322032835631e+00 6.264495116918407547e+00
2.210000000000000000e+02 4.474852122626489681e+00 4.488121617281110254e+00 6.268404602706509010e+00 6.269520412256500919e+00
2.220000000000000000e+02 4.484614698944299427e+00 4.496433186883109556e+00 6.281876123858464389e+00 6.280707945214197174e+00
2.230000000000000000e+02 4.475733375918320434e+00 4.486443271266012722e+00 6.271098185419991644e+00 6.267962814501753854e+00
2.240000000000000000e+02 4.483254420960983033e+00 4.498045228307442578e+00 6.280338064803228981e+00 6.283149523037614870e+00
2.250000000000000000e+02 4.481512253605854035e+00 4.490815426076529171e+00 6.279111190506160511e+00 6.274165895447070262e+00
2.260000000000000000e+02 4.478369609542978580e+00 4.497083097313463007e+00 6.274759912079494129e+00 6.282125167841662972e+00
2.270000000000000000e+02 4.480549962856692048e+00 4.490826076723159588e+00 6.277216148266892226e+00 6.273403873968030453e+00
2.280000000000000000e+02 4.472243356164448791e+00 4.485679171057014081e+00 6.265069755620753966e+00 6.265749058130330340e+00
2.290000000000000000e+02 4.470173191582903272e+00 4.486535919890153323e+00 6.264000315739725266e+00 6.268663013607942425e+00
2.300000000000000000e+02 4.468979955554149619e+00 4.482256335051554075e+00 6.261702156819504594e+00 6.262256455148078160e+00
2.310000000000000000e+02 4.464418977735733485e+00 4.483366770935503176e+00 6.255747957565012562e+00 6.263625068926933714e+00
2.320000000000000000e+02 4.459852636323859976e+00 4.474831144051913512e+00 6.248746903008107978e+00 6.251483245834632108e+00
2.330000000000000000e+02 4.461389243525669457e+00 4.475954552299393541e+00 6.251346952198162832e+00 6.253361795721454008e+00
2.340000000000000000e+02 4.461236375011181643e+00 4.475940778769023964e+00 6.250664286194790975e+00 6.252803731740955939e+00
2.350000000000000000e+02 4.456272366931638196e+00 4.469970835585463043e+00 6.244154265882029264e+00 6.244922934854408858e+00
2.360000000000000000e+02 4.452018167794977721e+00 4.467106942071219500e+00 6.237898817140654195e+00 6.240649734516226843e+00
2.370000000000000000e+02 4.460854324817018046e+00 4.470016721324631348e+00 6.250025583714546862e+00 6.244973067073493311e+00
2.380000000000000000e+02 4.462875082931859971e+00 4.480420878280218844e+00 6.253712776899008396e+00 6.259540612895732714e+00
2.390000000000000000e+02 4.466690377838969717e+00 4.479521926769726825e+00 6.258320062677599438e+00 6.257662782040685379e+00
2.400000000000000000e+02 4.454520432750230796e+00 4.470291065907058936e+00 6.242894406198893797e+00 6.246626033869721262e+00
2.410000000000000000e+02 4.466978097240895451e+00 4.474796870469725185e+00 6.259842747499127391e+00 6.252535870086961545e+00
2.420000000000000000e+02 4.455859167365688656e+00 4.468101505395559947e+00 6.244413960484084036e+00 6.243326180961413563e+00
2.430000000000000000e+02 4.454441635199906102e+00 4.465894728552846971e+00 6.243450464280880574e+00 6.240949948513995871e+00
2.440000000000000000e+02 4.459863526276084400e+00 4.469054430450270843e+00 6.250314267855111794e+00 6.245016953111648839e+00
2.450000000000000000e+02 4.466645053976246338e+00 4.473193158371564948e+00 6.259098100590481550e+00 6.250380654050726292e+00
2.460000000000000000e+02 4.460300028616866364e+00 4.475809531783292883e+00 6.249641451377528689e+00 6.253201559715738433e+00
2.470000000000000000e+02 4.465156973267411011e+00 4.476647222944308169e+00 6.255941908099104332e+00 6.254144397004738565e+00
2.480000000000000000e+02 4.461620186719392755e+00 4.473573926730201933e+00 6.251477718223970470e+00 6.250396749000960206e+00
2.490000000000000000e+02 4.457901465441992173e+00 4.469219069082758011e+00 6.246575825726424114e+00 6.244200956021959570e+00
2.500000000000000000e+02 4.458858472306522991e+00 4.472716935854829323e+00 6.247622124591224235e+00 6.249165467788523110e+00
2.510000000000000000e+02 4.462828398020341147e+00 4.475359975821086245e+00 6.252721492347944832e+00 6.252120024843377699e+00
2.520000000000000000e+02 4.459215537220925007e+00 4.468203764358158026e+00 6.248827455923616547e+00 6.243135835454637572e+00
2.530000000000000000e+02 4.459198001582655557e+00 4.471674005772114491e+00 6.248644881715675226e+00 6.247964538339802587e+00
2.540000000000000000e+02 4.456912507851373384e+00 4.472901354916786865e+00 6.245604320472900817e+00 6.250177654656034143e+00
2.550000000000000000e+02 4.470636841200955836e+00 4.479572058050955263e+00 6.263759042222789120e+00 6.259023554768307740e+00
2.560000000000000000e+02 4.477097019798526922e+00 4.488383711469054127e+00 6.272109658585148573e+00 6.270705086965044472e+00
2.570000000000000000e+02 4.471879723987198574e+00 4.483017392940838342e+00 6.265281081553251141e+00 6.263273847902866898e+00
2.580000000000000000e+02 4.468074598631825545e+00 4.481170884431159962e+00 6.259885107060328302e+00 6.261074746339335917e+00
2.590000000000000000e+02 4.479323413570373447e+00 4.492945889204888132e+00 6.274472432499734964e+00 6.276371962763716894e+00
2.600000000000000000e+02 4.466943503748805000e+00 4.478589343538831535e+00 6.258466847586458215e+00 6.257482286367658020e+00
2.610000000000000000e+02 4.469923589600815816e+00 4.483499300267209442e+00 6.263000301083501142e+00 6.264059494417980822e+00
2.620000000000000000e+02 4.476968092647046760e+00 4.490095608921809145e+00 6.272047271793259604e+00 6.272484177637414504e+00
2.630000000000000000e+02 4.466581393355641971e+00 4.482180581762546190e+00 6.257958353286771747e+00 6.261997483216658722e+00
2.640000000000000000e+02 4.473789735148979041e+00 4.487001652278965302e+00 6.268239565996763574e+00 6.269402617215741103e+00
2.650000000000000000e+02 4.478937439759610228e+00 4.490242791348971529e+00 6.274604241112671232e+00 6.273443671993534920e+00
2.660000000000000000e+02 4.473251132719182621e+00 4.485583718653525231e+00 6.267308977715932095e+00 6.267221612495911920e+00
2.670000000000000000e+02 4.465489134655217462e+00 4.478030561339488180e+00 6.258042833579414932e+00 6.258306286554830677e+00
2.680000000000000000e+02 4.476942147762840385e+00 4.484777738363172617e+00 6.271647522987214174e+00 6.265467345017717626e+00
2.690000000000000000e+02 4.473636868311532844e+00 4.484184202777980133e+00 6.266827954750675111e+00 6.264056288966121322e+00
2.700000000000000000e+02 4.465715354124703218e+00 4.481000799326339212e+00 6.256666373880785059e+00 6.260627029393685206e+00
2.710000000000000000e+02 4.463374208215703298e+00 4.474750747018260810e+00 6.253360759153560267e+00 6.251946739478801085e+00
2.720000000000000000e+02 4.465244257769536596e+00 4.480262325223725917e+00 6.255440860077360554e+00 6.259059745969735467e+00
2.730000000000000000e+02 4.474162015051729391e+00 4.483591148407253257e+00 6.267490674803310569e+00 6.263691053349008442e+00
2.740000000000000000e+02 4.462883011018993429e+00 4.474141675038787014e+00 6.252189294191391689e+00 6.251203930730171443e+00
2.750000000000000000e+02 4.460460984841962073e+00 4.471597531236884748e+00 6.249073138621256795e+00 6.247829125353484336e+00
2.760000000000000000e+02 4.469383947597644458e+00 4.482062066906726372e+00 6.260825785133538268e+00 6.261852221571979626e+00
2.770000000000000000e+02 4.459985804657653929e+00 4.476264932147296705e+00 6.247996730479355776e+00 6.253945482269297251e+00
2.780000000000000000e+02 4.462259286323016383e+00 4.478093904077740106e+00 6.250857275489905440e+00 6.257034731845540598e+00
2.790000000000000000e+02 4.464105875254404943e+00 4.473978398327148831e+00 6.252809898044851877e+00 6.250481310643084321e+00
2.800000000000000000e+02 4.468678463928678291e+00 4.477080442910589930e+00 6.258361143625128520e+00 6.254214226039897184e+00
2.810000000000000000e+02 4.461420795469130063e+00 4.475914194457555340e+00 6.248399124701700558e+00 6.252826237487343342e+00
2.820000000000000000e+02 4.476076989380113780e+00 4.486545449694167687e+00 6.269077098522611635e+00 6.268030238778739438e+00
2.830000000000000000e+02 4.465673793353751364e+00 4.475525336365000939e+00 6.255066494293179957e+00 6.253319834389678533e+00
2.840000000000000000e+02 4.472222936571961682e+00 4.482367562906973468e+00 6.263162378461519353e+00 6.262444078177065165e+00
2.850000000000000000e+02 4.464353153696391630e+00 4.477701843617492905e+00 6.251348872162090231e+00 6.255330350000051887e+00
2.860000000000000000e+02 4.472992321755504541e+00 4.486826201695681249e+00 6.263848086142592919e+00 6.268312353643261225e+00
2.870000000000000000e+02 4.467467690772460642e+00 4.480798524353739154e+00 6.255652664519098849e+00 6.259546138925942138e+00
2.880000000000000000e+02 4.467680457551070461e+00 4.477553139721238473e+00 6.255733465113557656e+00 6.255224567216787435e+00
2.890000000000000000e+02 4.478498455315693683e+00 4.488202334671140825e+00 6.269443696645340403e+00 6.268675667516881767e+00
2.900000000000000000e+02 4.472145341250118200e+00 4.479263997385301010e+00 6.261710323800924627e+00 6.257998950645560221e+00
2.910000000000000000e+02 4.467941830442882178e+00 4.481609227723859945e+00 6.257036894063206844e+00 6.262091493312635926e+00
2.920000000000000000e+02 4.477213130162693844e+00 4.482503214220001198e+00 6.269586475142238768e+00 6.263757437201147305e+00
2.930000000000000000e+02 4.467463126900505621e+00 4.479924637375276575e+00 6.255851419859009610e+00 6.259933715252005371e+00
2.940000000000000000e+02 4.468710414061534131e+00 4.477950967309141994e+00 6.256898917572536689e+00 6.256358638162659247e+00
2.950000000000000000e+02 4.466124789624152491e+00 4.474868379568948562e+00 6.252878281534170135e+00 6.252279380162876876e+00
2.960000000000000000e+02 4.465258431109526249e+00 4.471327189867373875e+00 6.251477879230496804e+00 6.247699800591788311e+00
2.970000000000000000e+02 4.467929498667333021e+00 4.474482806993959727e+00 6.254883196706707338e+00 6.251184075594968803e+00
2.980000000000000000e+02 4.472290923345908276e+00 4.480901743875963739e+00 6.260966962562491744e+00 6.260535501538780245e+00
2.990000000000000000e+02 4.472570553669036997e+00 4.483407850638901238e+00 6.261392095113596845e+00 6.263768248095720637e+00
3.000000000000000000e+02 4.467190062077344592e+00 4.474560721612551362e+00 6.253895033424808680e+00 6.251650607711366270e+00
3.010000000000000000e+02 4.471237902665174957e+00 4.481280590489986615e+00 6.259668816288583848e+00 6.261195983830541323e+00
3.020000000000000000e+02 4.476894821388110124e+00 4.485431250674188242e+00 6.267143935075706551e+00 6.266822423129362996e+00
3.030000000000000000e+02 4.469152762073199447e+00 4.478785053061927535e+00 6.257635393434635596e+00 6.258183048983259056e+00
3.040000000000000000e+02 4.464665377290264026e+00 4.476248836296997879e+00 6.250277191487950468e+00 6.254072405164419202e+00
3.050000000000000000e+02 4.467478261111086368e+00 4.476731865298662960e+00 6.254630069053759733e+00 6.255116224656982027e+00
3.060000000000000000e+02 4.464370931673076193e+00 4.477063625687154769e+00 6.250282475464321585e+00 6.255559373692826775e+00
3.070000000000000000e+02 4.469036570469661740e+00 4.478650202122926416e+00 6.256274390274777275e+00 6.257718915972319884e+00
3.080000000000000000e+02 4.473059027717099845e+00 4.485592526683231718e+00 6.262108074959689574e+00 6.267081074451107625e+00
3.090000000000000000e+02 4.479282574608123291e+00 4.491990244058579052e+00 6.271029400618790106e+00 6.276315829564723892e+00
3.100000000000000000e+02 4.475175397458766469e+00 4.483403927080356510e+00 6.264668327999340924e+00 6.263715637422521354e+00
3.110000000000000000e+02 4.468886345392613535e+00 4.482434268205910399e+00 6.256364559265748859e+00 6.262574767129953202e+00
3.120000000000000000e+02 4.468403878057873868e+00 4.477440231149130589e+00 6.255106694127758438e+00 6.255397057391590465e+00
3.130000000000000000e+02 4.470846004666381823e+00 4.478843750944965230e+00 6.258174645339409814e+00 6.257258230748989902e+00
3.140000000000000000e+02 4.481277788561616404e+00 4.493582026187151968e+00 6.271690367779746644e+00 6.277081055520677744e+00
3.150000000000000000e+02 4.475659625068638015e+00 4.485154022509426852e+00 6.265111876205124553e+00 6.266515805330628019e+00
3.160000000000000000e+02 4.474497860439897501e+00 4.483748580781479198e+00 6.262934717500949766e+00 6.264155825948091838e+00
3.170000000000000000e+02 4.467178771686042715e+00 4.480991751477333196e+00 6.252563658019067994e+00 6.259661691539469608e+00
3.180000000000000000e+02 4.470803962971714896e+00 4.475574424699376053e+00 6.257042099504749544e+00 6.251823819308016006e+00
3.190000000000000000e+02 4.475063928240981426e+00 4.484696859869000463e+00 6.262951612522340561e+00 6.264814228510735106e+00
3.200000000000000000e+02 4.473381259057171988e+00 4.489035701440919901e+00 6.260955109844406508e+00 6.270825920525754604e+00
3.210000000000000000e+02 4.475572101246847900e+00 4.480571264320452940e+00 6.265053261559631714e+00 6.260575301529519798e+00
3.220000000000000000e+02 4.479218512828177623e+00 4.486238352536386031e+00 6.269222921658316849e+00 6.267727064341720222e+00
3.230000000000000000e+02 4.477027029766302846e+00 4.483769801791247289e+00 6.267183654511909729e+00 6.265146231729628035e+00
3.240000000000000000e+02 4.471118907304513002e+00 4.483690204044400218e+00 6.257678717585145378e+00 6.264251999107162128e+00
3.250000000000000000e+02 4.481422968563543385e+00 4.489674160768196032e+00 6.271297423350335798e+00 6.271896645872875098e+00
3.260000000000000000e+02 4.480399016455563377e+00 4.497097591500347491e+00 6.269934094599356911e+00 6.281693547930055743e+00
3.270000000000000000e+02 4.482185627583749721e+00 4.489112657247924076e+00 6.273204081128393561e+00 6.272213995781248386e+00
3.280000000000000000e+02 4.481238149264667570e+00 4.487245487069298377e+00 6.270847063982599501e+00 6.268768956320367458e+00
3.290000000000000000e+02 4.478132980992957535e+00 4.483273483438829921e+00 6.266336749463913058e+00 6.262912382407497702e+00
3.300000000000000000e+02 4.484417147613537935e+00 4.487030161262363315e+00 6.274454014525713497e+00 6.267916693568357012e+00
3.310000000000000000e+02 4.482458290544589552e+00 4.493132469827514797e+00 6.271721593932663374e+00 6.276559264857739961e+00
3.320000000000000000e+02 4.476607585344063445e+00 4.485307050865890766e+00 6.263878840389401681e+00 6.266193972011995683e+00
3.330000000000000000e+02 4.482994970260501866e+00 4.488770404772629341e+00 6.271626541096009255e+00 6.270200672344492077e+00
3.340000000000000000e+02 4.469520559738490384e+00 4.479346557334542567e+00 6.254485128839313290e+00 6.258499918403591877e+00
3.350000000000000000e+02 4.481782356268929846e+00 4.487488523344683955e+00 6.270504169438948949e+00 6.268968272772529993e+00
3.360000000000000000e+02 4.481974703198853938e+00 4.489190412676753006e+00 6.270608192551952342e+00 6.271382786575757429e+00
3.370000000000000000e+02 4.479722280991031091e+00 4.485859265998539236e+00 6.267561303585026167e+00 6.266635442624796326e+00
3.380000000000000000e+02 4.480849772791746233e+00 4.488396202771802734e+00 6.269377311577760459e+00 6.270039636701601360e+00
3.390000000000000000e+02 4.468257575761862554e+00 4.476724096953952348e+00 6.252102326293629275e+00 6.254178749436100304e+00
3.400000000000000000e+02 4.474621179264365978e+00 4.480447383530619554e+00 6.262135136985245154e+00 6.260544709738800506e+00
3.410000000000000000e+02 4.479802039245288192e+00 4.488142837034706290e+00 6.268461543012390003e+00 6.270505930152187268e+00
3.420000000000000000e+02 4.475896735873788224e+00 4.482649597576637390e+00 6.263476686243063973e+00 6.263610417989278645e+00
3.430000000000000000e+02 4.472546932146653553e+00 4.479018078438080863e+00 6.258497599366417141e+00 6.258446184364928833e+00
3.440000000000000000e+02 4.482590579369427175e+00 4.491805264695283739e+00 6.272714082635729937e+00 6.276224300014808577e+00
3.450000000000000000e+02 4.473754820619018524e+00 4.484725206108585382e+00 6.260912267289914013e+00 6.266929005099032501e+00
3.460000000000000000e+02 4.479328218827027364e+00 4.486115353366570524e+00 6.266903621908974209e+00 6.267084678482258475e+00
3.470000000000000000e+02 4.466014523506251166e+00 4.472828244380088414e+00 6.249050715501335951e+00 6.249587720770587218e+00
3.480000000000000000e+02 4.471199385761766898e+00 4.478750379901483392e+00 6.255548403987351236e+00 6.257226678405655385e+00
3.490000000000000000e+02 4.472881415197261568e+00 4.482271230733102740e+00 6.257408376346187850e+00 6.261440623751781231e+00
3.500000000000000000e+02 4.478000133284566253e+00 4.486501166572976373e+00 6.264376202611855682e+00 6.267330196277708154e+00
3.510000000000000000e+02 4.478479076548397941e+00 4.486558102749065746e+00 6.264735350539511138e+00 6.267230661981781026e+00
3.520000000000000000e+02 4.477530878491116084e+00 4.489283622359683257e+00 6.264840173640841670e+00 6.272281660524429370e+00
3.530000000000000000e+02 4.470892128518699771e+00 4.478769598055601264e+00 6.256238277015012450e+00 6.258462520999019674e+00
3.540000000000000000e+02 4.472492318546110290e+00 4.475932370449807074e+00 6.258243590221253427e+00 6.254751468186583452e+00
3.550000000000000000e+02 4.484983217434808545e+00 4.487402440106203372e+00 6.274264713943202842e+00 6.269548358011368450e+00
3.560000000000000000e+02 4.476200470666506170e+00 4.484823302179218985e+00 6.262119045412895879e+00 6.265517633061837621e+00
3.570000000000000000e+02 4.472135252090743585e+00 4.480119705451637735e+00 6.255464561774342513e+00 6.258467324612311700e+00
3.580000000000000000e+02 4.475597805310156829e+00 4.481096572128540068e+00 6.260673313238382498e+00 6.260400648775227062e+00
3.590000000000000000e+02 4.478284248087037511e+00 4.481598580170457424e+00 6.264759855071243777e+00 6.261270060448551611e+00
3.600000000000000000e+02 4.483636551293426642e+00 4.488532255459325881e+00 6.271708699929131825e+00 6.270471179508604997e+00
3.610000000000000000e+02 4.482298536391533084e+00 4.487003413533416918e+00 6.269826389522485499e+00 6.268282645191274760e+00
3.620000000000000000e+02 4.470625791247467617e+00 4.478309392874974648e+00 6.253836579759740388e+00 6.256553303104023023e+00
3.630000000000000000e+02 4.490173283008738636e+00 4.494793199321187593e+00 6.280283051197264044e+00 6.279107188619164504e+00
3.640000000000000000e+02 4.476155225653094760e+00 4.485802970861332284e+00 6.262036962487516512e+00 6.267431656626610170e+00
3.650000000000000000e+02 4.477169007819280289e+00 4.482958536555926798e+00 6.263359531185072271e+00 6.263639886194680706e+00
3.660000000000000000e+02 4.476554331980263868e+00 4.480089437534467756e+00 6.262695443175177346e+00 6.260109968270820779e+00
3.670000000000000000e+02 4.474336263201838193e+00 4.474617817098714312e+00 6.259531721061236453e+00 6.252889014143038438e+00
3.680000000000000000e+02 4.475125509077064301e+00 4.479972684087051071e+00 6.259958460307362138e+00 6.259630300065341046e+00
3.690000000000000000e+02 4.474133988017389818e+00 4.480964123886322703e+00 6.258678732159535407e+00 6.260983456564950700e+00
3.700000000000000000e+02 4.482374690447737287e+00 4.489746550468067809e+00 6.269906548439139193e+00 6.273026865425453735e+00
3.710000000000000000e+02 4.473418255404151722e+00 4.480893976588154359e+00 6.258150219088581601e+00 6.261350055210061605e+00
3.720000000000000000e+02 4.479352322606104941e+00 4.485733223040111461e+00 6.265155039758171895e+00 6.267019014076367966e+00
3.730000000000000000e+02 4.482469101881968676e+00 4.489223884551996946e+00 6.269178559219819036e+00 6.271619896133752370e+00
3.740000000000000000e+02 4.483162332476959833e+00 4.488136352191021139e+00 6.271330493005006446e+00 6.271255063725351242e+00
3.750000000000000000e+02 4.489188810674843211e+00 4.489458592225828326e+00 6.279290567877938933e+00 6.272624715495015657e+00
3.760000000000000000e+02 4.483471191568566105e+00 4.486921494738455252e+00 6.271574650519207594e+00 6.269508320467357620e+00
3.770000000000000000e+02 4.476528228102819362e+00 4.482662648994923060e+00 6.261859432635527689e+00 6.263739420283766179e+00
3.780000000000000000e+02 4.472112830254935112e+00 4.480615065714236955e+00 6.255676928419319438e+00 6.260444691567560227e+00
3.790000000000000000e+02 4.470621626740221899e+00 4.482797979975758018e+00 6.254009306617317243e+00 6.263924080137152295e+00
3.800000000000000000e+02 4.482349144427236531e+00 4.487986605759389569e+00 6.268679429924633340e+00 6.269944183129948279e+00
3.810000000000000000e+02 4.485958961868412587e+00 4.488729325313688179e+00 6.273140416994097635e+00 6.270527951733797067e+00
3.820000000000000000e+02 4.482054299783206908e+00 4.492222789728766763e+00 6.268068917740451163e+00 6.275115861743707057e+00
3.830000000000000000e+02 4.487109916278725130e+00 4.491756738004747618e+00 6.274131461014172295e+00 6.273861279049783413e+00
3.840000000000000000e+02 4.486142740861269296e+00 4.491267063395384618e+00 6.273405077283838338e+00 6.273570675280660147e+00
3.850000000000000000e+02 4.475818582133995527e+00 4.478227473691660521e+00 6.260114216600077164e+00 6.256913093846146801e+00
3.860000000000000000e+02 4.481879490678688960e+00 4.478095425957540954e+00 6.267845180443887720e+00 6.256348064027185352e+00
3.870000000000000000e+02 4.477615921392639642e+00 4.479155332275522206e+00 6.261703519822469310e+00 6.257108964184993738e+00
3.880000000000000000e+02 4.477364477132184994e+00 4.484273489395349088e+00 6.262145468498488299e+00 6.264983992923682798e+00
3.890000000000000000e+02 4.478333495939602393e+00 4.477879456447059425e+00 6.263022082934385004e+00 6.255976581351741395e+00
3.900000000000000000e+02 4.471146453817866906e+00 4.480306927154546592e+00 6.253142779286698705e+00 6.258858346567186537e+00
3.910000000000000000e+02 4.476402745099057334e+00 4.478904288606556428e+00 6.260552636159041562e+00 6.257765362287123878e+00
3.920000000000000000e+02 4.478873939293564810e+00 4.486397306906485305e+00 6.263365056432135702e+00 6.267395462360342506e+00
3.930000000000000000e+02 4.483443485353105551e+00 4.487213457261807648e+00 6.269718283967182337e+00 6.268886514012620204e+00
3.940000000000000000e+02 4.477910125645061967e+00 4.486126323620072576e+00 6.262090374888603428e+00 6.267462565596026103e+00
3.950000000000000000e+02 4.479274887655209092e+00 4.481452918181088485e+00 6.263713635995527440e+00 6.260850929836726309e+00
3.960000000000000000e+02 4.478520476882312806e+00 4.481842095007914750e+00 6.262845270142139320e+00 6.261825558623702825e+00
3.970000000000000000e+02 4.481751525928642899e+00 4.486861276080359673e+00 6.267419964105635621e+00 6.268284888018099466e+00
3.980000000000000000e+02 4.480352491784358016e+00 4.487249892105607429e+00 6.264871804923370036e+00 6.268831979786691377e+00
3.990000000000000000e+02 4.483275162942873315e+00 4.487508302438477870e+00 6.268808199381163071e+00 6.268553868882236202e+00
4.000000000000000000e+02 4.473282843627004901e+00 4.479341352750372707e+00 6.255465522579279458e+00 6.258067178084810500e+00
4.010000000000000000e+02 4.476449750832010466e+00 4.482506497740335938e+00 6.259568317788007263e+00 6.262677185722385076e+00
4.020000000000000000e+02 4.481783236464624842e+00 4.486948960683657894e+00 6.267463606194165315e+00 6.269049231577931813e+00
4.030000000000000000e+02 4.479848963534297290e+00 4.484489939428438099e+00 6.265574327792588605e+00 6.266436929105172915e+00
4.040000000000000000e+02 4.477856154093852403e+00 4.480425282532620734e+00 6.261707123508466921e+00 6.260164420432258403e+00
4.050000000000000000e+02 4.488362249739380694e+00 4.491591297666066573e+00 6.274845437464884768e+00 6.274136987495020357e+00
4.060000000000000000e+02 4.483749942690384849e+00 4.483188438812289789e+00 6.268308031609132414e+00 6.262565958839653391e+00
4.070000000000000000e+02 4.480400297510403362e+00 4.483703337480712925e+00 6.263826465214110684e+00 6.263040100446920277e+00
4.080000000000000000e+02 4.476656111797239213e+00 4.484858936309434441e+00 6.259317275949770831e+00 6.265217019252754760e+00
4.090000000000000000e+02 4.483240648344874124e+00 4.491490399861501004e+00 6.267427731575289762e+00 6.273548093751917243e+00
4.100000000000000000e+02 4.481679696945826130e+00 4.488622261524946033e+00 6.265450447243194887e+00 6.269932892238957223e+00
4.110000000000000000e+02 4.484119900251822166e+00 4.489181203297957445e+00 6.268815884326082610e+00 6.270584247603080641e+00
4.120000000000000000e+02 4.477834451714017838e+00 4.479061641108319947e+00 6.260262112447978922e+00 6.256865926395069444e+00
4.130000000000000000e+02 4.486251885847972076e+00 4.489874514500460378e+00 6.270719979944359146e+00 6.270560783640497959e+00
4.140000000000000000e+02 4.486281113697394574e+00 4.493025007153961248e+00 6.270821998087358295e+00 6.274668867239895143e+00
4.150000000000000000e+02 4.491965658973859910e+00 4.490724457703674233e+00 6.278719047067563785e+00 6.271906814436952082e+00
4.160000000000000000e+02 4.488387233499908646e+00 4.494909391341603389e+00 6.273518543936400960e+00 6.277057991365354361e+00
4.170000000000000000e+02 4.483258747213445972e+00 4.486500367292554081e+00 6.267834851566203902e+00 6.267183417085600894e+00
4.180000000000000000e+02 4.489958355813396196e+00 4.493431960608801568e+00 6.276515223812126010e+00 6.275829355732584602e+00
4.190000000000000000e+02 4.487385544303236884e+00 4.496537848837764528e+00 6.272095480650581756e+00 6.279883703789108651e+00
4.200000000000000000e+02 4.482338815336592397e+00 4.482343940473211497e+00 6.265970393720730058e+00 6.260987460658932413e+00
4.210000000000000000e+02 4.498701544072482683e+00 4.500381812848383234e+00 6.288768596474523243e+00 6.285778566731724304e+00
4.220000000000000000e+02 4.493749708375948337e+00 4.497667023288211219e+00 6.281952279681912721e+00 6.281938827238993106e+00
4.230000000000000000e+02 4.482117961537236184e+00 4.491412723895279235e+00 6.265837304203354385e+00 6.273320910395646877e+00
4.240000000000000000e+02 4.484115495854482880e+00 4.486439348460670828e+00 6.270140053706347416e+00 6.267981395212602003e+00
4.250000000000000000e+02 4.481875086494830462e+00 4.481239350771341279e+00 6.267208800863341978e+00 6.261067138970511259e+00
4.260000000000000000e+02 4.486099657978955157e+00 4.492274999628989463e+00 6.272105968816672927e+00 6.275219080536010630e+00
4.270000000000000000e+02 4.485632725652980213e+00 4.492795584252020191e+00 6.272140802812371518e+00 6.275998800988496384e+00
4.280000000000000000e+02 4.488239091227009148e+00 4.493754273159998647e+00 6.274152284402381596e+00 6.276264099851419864e+00
4.290000000000000000e+02 4.486635457549365213e+00 4.489075340975436923e+00 6.272040066218497856e+00 6.269981260680755675e+00
4.300000000000000000e+02 4.476835484925290487e+00 4.480634364757599464e+00 6.258759371082899925e+00 6.258431211626157342e+00
4.310000000000000000e+02 4.485168997036020677e+00 4.492683475860572706e+00 6.270966860855713421e+00 6.275200583862753589e+00
4.320000000000000000e+02 4.492914018582069069e+00 4.493035816578879071e+00 6.280673593312093850e+00 6.275017283773990151e+00
4.330000000000000000e+02 4.479159175688749883e+00 4.486813629690383998e+00 6.261624641545901149e+00 6.266097476789605381e+00
4.340000000000000000e+02 4.483242971665642784e+00 4.489532343712589579e+00 6.267303693559072464e+00 6.269897979801486443e+00
4.350000000000000000e+02 4.484650654666132219e+00 4.485110060612037763e+00 6.270073990401369812e+00 6.264127400744486707e+00
4.360000000000000000e+02 4.482197559607478787e+00 4.485951034979158258e+00 6.266262120583782291e+00 6.265117964835944520e+00
4.370000000000000000e+02 4.480713320919598175e+00 4.486986357791193925e+00 6.264604423451006987e+00 6.267024942016414357e+00
4.380000000000000000e+02 4.485436696606666551e+00 4.488119215997757649e+00 6.269985826057132172e+00 6.267236350434728820e+00
4.390000000000000000e+02 4.485105655445810413e+00 4.488021199908166281e+00 6.269912152892655577e+00 6.267788324843821535e+00
4.400000000000000000e+02 4.483180190138258858e+00 4.487063152049489467e+00 6.268053862398218712e+00 6.266711836855849427e+00
4.410000000000000000e+02 4.484711354245097148e+00 4.488342149994803520e+00 6.270216691618958116e+00 6.268569643786515044e+00
4.420000000000000000e+02 4.487322442692859070e+00 4.492791820580385398e+00 6.273441590421352743e+00 6.273854071811895139e+00
4.430000000000000000e+02 4.478756866123374536e+00 4.487395634779087317e+00 6.262992614277801628e+00 6.267802981302557086e+00
4.440000000000000000e+02 4.480786032431818278e+00 4.484896412761748330e+00 6.265371253362499893e+00 6.264436179227334200e+00
4.450000000000000000e+02 4.484106367455684250e+00 4.491737599369713507e+00 6.270285396417617285e+00 6.273460568516891378e+00
4.460000000000000000e+02 4.482857557640970825e+00 4.488504228824911735e+00 6.269040743708034213e+00 6.269411508735667660e+00
4.470000000000000000e+02 4.492310154202210803e+00 4.495741798705136461e+00 6.281016729280683997e+00 6.278356699073426306e+00
4.480000000000000000e+02 4.490045800375973784e+00 4.494939340315486476e+00 6.276867326365558775e+00 6.276472380755810043e+00
4.490000000000000000e+02 4.480451548308881371e+00 4.487354074922283331e+00 6.264392059126937085e+00 6.266632962806236939e+00
4.500000000000000000e+02 4.484365498843291498e+00 4.489602090730565820e+00 6.269640048797951337e+00 6.269433846226691642e+00
4.510000000000000000e+02 4.481973100642618668e+00 4.487382741229454908e+00 6.267078031359026191e+00 6.267230100710643015e+00
4.520000000000000000e+02 4.479886039785449192e+00 4.483412415358436043e+00 6.264089842993215029e+00 6.261597654728398687e+00
4.530000000000000000e+02 4.484628632691175731e+00 4.485150579553766725e+00 6.271245209655444519e+00 6.264252401739379472e+00
4.540000000000000000e+02 4.479126424373097493e+00 4.489721646190145243e+00 6.265037406802351327e+00 6.271720792966617886e+00
4.550000000000000000e+02 4.481877007696400739e+00 4.489090875394846414e+00 6.268613287227878139e+00 6.270658799092519331e+00
4.560000000000000000e+02 4.476941027775077409e+00 4.484184203921731893e+00 6.261890502380101253e+00 6.263537306410736250e+00
4.570000000000000000e+02 4.475224884977098583e+00 4.486264858596831218e+00 6.258899107609959600e+00 6.265827535149060878e+00
4.580000000000000000e+02 4.481307896590731588e+00 4.487966186568496774e+00 6.267381848001115863e+00 6.268316759533891336e+00
4.590000000000000000e+02 4.480793078722218326e+00 4.486197514787894747e+00 6.267228580909059765e+00 6.266569701866849584e+00
4.600000000000000000e+02 4.477464334239525279e+00 4.482642389986077447e+00 6.262997259342879097e+00 6.261406509882443849e+00
4.610000000000000000e+02 4.466886728992385258e+00 4.472957889531489428e+00 6.248551430940142204e+00 6.248195323697662396e+00
4.620000000000000000e+02 4.475796638550054496e+00 4.479272486147921839e+00 6.261575553779938907e+00 6.257754874357282837e+00
4.630000000000000000e+02 4.474490413001730893e+00 4.483782134216583337e+00 6.259791975984646761e+00 6.263556124287951832e+00
4.640000000000000000e+02 4.472144140526089551e+00 4.479489015825105724e+00 6.256489800229760867e+00 6.257322533219595861e+00
4.650000000000000000e+02 4.469305551633643958e+00 4.478308592383473119e+00 6.253360033399085083e+00 6.256070833884347593e+00
4.660000000000000000e+02 4.475723768766425970e+00 4.483889757465338910e+00 6.261739315475996825e+00 6.263210825261028347e+00
4.670000000000000000e+02 4.472742800591612777e+00 4.480565418372493447e+00 6.257153486935647102e+00 6.258240306591804192e+00
4.680000000000000000e+02 4.473434510097871630e+00 4.481184577784448564e+00 6.259123644415403476e+00 6.259628537919461166e+00
4.690000000000000000e+02 4.473198121721589260e+00 4.478959302678968690e+00 6.259178819796006543e+00 6.256825408656113474e+00
4.700000000000000000e+02 4.470100961854355681e+00 4.481526509835784822e+00 6.255644417782645128e+00 6.260339552750874503e+00
4.710000000000000000e+02 4.483967753524860989e+00 4.487952974854268362e+00 6.273240996306487460e+00 6.268120811786434210e+00
4.720000000000000000e+02 4.477648351794715431e+00 4.485380801586060784e+00 6.264257685059731351e+00 6.264424486923791946e+00
4.730000000000000000e+02 4.478874819613709590e+00 4.487119686248989936e+00 6.266667872238173231e+00 6.267033669099016713e+00
4.740000000000000000e+02 4.484364216276620851e+00 4.490480381517511610e+00 6.276588733813145637e+00 6.273519826311360070e+00
4.750000000000000000e+02 4.480436011892207304e+00 4.486212888026340551e+00 6.269275772320385798e+00 6.265497132686204118e+00
4.760000000000000000e+02 4.481664402075950626e+00 4.487350711131908199e+00 6.270915850791567436e+00 6.266729135091736680e+00
4.770000000000000000e+02 4.482763306656956992e+00 4.495460325226385834e+00 6.273883861978641896e+00 6.278904110157929708e+00
4.780000000000000000e+02 4.472266259890889550e+00 4.488723399844620765e+00 6.258616674493859833e+00 6.268470748927171599e+00
4.790000000000000000e+02 4.467412518332479543e+00 4.477904440359229632e+00 6.253048450881705023e+00 6.254098111096545232e+00
4.800000000000000000e+02 4.475795758009426528e+00 4.482274593895096082e+00 6.265015705380324817e+00 6.260776136380089341e+00
4.810000000000000000e+02 4.486313625418039130e+00 4.497987172545199641e+00 6.279945285469719529e+00 6.282578167797765012e+00
4.820000000000000000e+02 4.473814158201735225e+00 4.484639523978922071e+00 6.261798651020773931e+00 6.262913175833623391e+00
4.830000000000000000e+02 4.472370999928333646e+00 4.481662000015041336e+00 6.260589232034892149e+00 6.259976075798846296e+00
4.840000000000000000e+02 4.476944871034889140e+00 4.483096990401487680e+00 6.266922682609028961e+00 6.261627765563821946e+00
4.850000000000000000e+02 4.468367202706541974e+00 4.481486390169007628e+00 6.255463922781494546e+00 6.259539171015228831e+00
4.860000000000000000e+02 4.474450935397450202e+00 4.483482403164227748e+00 6.263538506753695501e+00 6.261850701301138855e+00
4.870000000000000000e+02 4.466300000207302112e+00 4.475269808533763438e+00 6.253633179119940877e+00 6.251430953848494454e+00
4.880000000000000000e+02 4.473628858775824391e+00 4.485119429320796769e+00 6.262560272914044823e+00 6.263824785078000446e+00
4.890000000000000000e+02 4.470334547330094388e+00 4.484741863048537169e+00 6.258137644059881488e+00 6.263533780413746754e+00
4.900000000000000000e+02 4.478752701303637451e+00 4.483831701311914664e+00 6.269355770261799243e+00 6.262566918139012451e+00
4.910000000000000000e+02 4.471339680798561034e+00 4.483713987741368534e+00 6.260378626359997867e+00 6.262502056267458705e+00
4.920000000000000000e+02 4.481477420717668636e+00 4.488659418061421214e+00 6.273412522030541005e+00 6.268833182422048012e+00
4.930000000000000000e+02 4.468256695283260527e+00 4.477269345425314739e+00 6.255868315348549480e+00 6.253601948454510229e+00
4.940000000000000000e+02 4.470289303958112193e+00 4.480446663449869860e+00 6.257531054459801290e+00 6.256894756246052403e+00
4.950000000000000000e+02 4.474007866335027117e+00 4.483315602678994871e+00 6.263046107290362485e+00 6.261554175135265687e+00
4.960000000000000000e+02 4.463690833299710725e+00 4.478810838856632337e+00 6.249267007367934390e+00 6.255264528405622748e+00
4.970000000000000000e+02 4.465962554053821698e+00 4.486918932202120125e+00 6.252575270419378661e+00 6.265975359212314189e+00
4.980000000000000000e+02 4.479432239786788728e+00 4.493028850333465662e+00 6.270658399627400570e+00 6.274191200596919593e+00
4.990000000000000000e+02 4.476445987228324874e+00 4.492293738540940495e+00 6.267302410826970593e+00 6.273359030827018401e+00
5.000000000000000000e+02 4.472261535242070707e+00 4.483608606820486564e+00 6.262087975348236135e+00 6.262163889971784414e+00
