# delays[ps] pumped_signal, blocked_signal, pumped_reference, blocked_reference
-2.000000000000000000e+01 4.130632680981665139e+00 4.129679679030107131e+00 5.905077022709641632e+00 5.904041456328299020e+00
-1.800000000000000000e+01 4.124627911704199512e+00 4.127828929154648385e+00 5.896901716303774243e+00 5.901422832761216597e+00
-1.600000000000000000e+01 4.132989602686240715e+00 4.131751843891446008e+00 5.908549121886378153e+00 5.906820397769500630e+00
-1.400000000000000000e+01 4.126601820573925217e+00 4.127622487692870656e+00 5.899732465756099664e+00 5.900990967874828463e+00
-1.200000000000000000e+01 4.128140269488147496e+00 4.131474696144212366e+00 5.902358299931511176e+00 5.907369653523558028e+00
-1.000000000000000000e+01 4.133853077372158680e+00 4.131932579444055342e+00 5.910637310486397844e+00 5.908170673238035242e+00
-8.000000000000000000e+00 4.130184248031695482e+00 4.127316432721696238e+00 5.906233110256102314e+00 5.902153382131899662e+00
-6.000000000000000000e+00 4.131950117044633330e+00 4.136359103601625620e+00 5.907704141082356308e+00 5.914074336368082108e+00
-4.000000000000000000e+00 4.129104002454457856e+00 4.129594316139133525e+00 5.903988446342237850e+00 5.904598477426208802e+00
-2.000000000000000000e+00 4.128489406515194915e+00 4.127193112363706007e+00 5.901950220457871765e+00 5.900410083366590897e+00
-1.000000000000000000e+00 4.126525026304857846e+00 4.125176201637728468e+00 5.899611708343804217e+00 5.897624096937412297e+00
-9.000000000000000222e-01 4.127116399529226598e+00 4.125183729412434275e+00 5.899652550452113786e+00 5.896948160896590352e+00
-8.000000000000000444e-01 4.127782644072676810e+00 4.122992812209092861e+00 5.900038284951530265e+00 5.893679950721312011e+00
-6.999999999999999556e-01 4.134836911098005885e+00 4.135716882584445919e+00 5.911336715079009707e+00 5.912784523095694134e+00
-5.999999999999999778e-01 4.130061168748865974e+00 4.132598024433510986e+00 5.904323892411740715e+00 5.907877510706510016e+00
-5.000000000000000000e-01 4.135165629326293057e+00 4.137020864088852612e+00 5.911009597064083465e+00 5.913664898022616967e+00
-4.000000000000000222e-01 4.133696606573975529e+00 4.130160704845971864e+00 5.909236589647943738e+00 5.904234204652889950e+00
-2.999999999999999889e-01 4.127370325052202915e+00 4.127579167169012742e+00 5.901209184096749993e+00 5.901599323532889407e+00
-2.000000000000000111e-01 4.130790113992949486e+00 4.126416281901777339e+00 5.905393892647226473e+00 5.899357063106746679e+00
-1.000000000000000056e-01 4.119437847688544707e+00 4.118117850794297929e+00 5.889600050653081453e+00 5.888166738188841620e+00
0.000000000000000000e+00 4.120374673771418195e+00 4.116943594863898603e+00 5.890200873422980266e+00 5.885858654503612009e+00
1.000000000000000056e-01 4.116910762942545432e+00 4.116191266913500790e+00 5.886588804295877608e+00 5.885190805227555444e+00
2.000000000000000111e-01 4.121993119792222160e+00 4.121106101476823547e+00 5.895553199041659198e+00 5.892316210653885555e+00
2.999999999999999889e-01 4.126328035178228326e+00 4.131392696655718844e+00 5.901892726002561318e+00 5.905422158827365209e+00
4.000000000000000222e-01 4.121319027427031045e+00 4.122154397481446964e+00 5.896584762574157423e+00 5.892904627191501099e+00
5.000000000000000000e-01 4.122601388413698942e+00 4.126322269658547093e+00 5.898306116748281980e+00 5.897563154384352302e+00
5.999999999999999778e-01 4.125294795026952066e+00 4.130873794445697911e+00 5.903037599171681471e+00 5.904427991565589728e+00
6.999999999999999556e-01 4.131096409254104707e+00 4.136864712367413155e+00 5.913197400601039710e+00 5.913998741255529268e+00
8.000000000000000444e-01 4.126159712547405434e+00 4.134197010064113442e+00 5.905962125201467572e+00 5.909823958629458751e+00
9.000000000000000222e-01 4.122414327755305585e+00 4.130642129650540006e+00 5.900792376356443825e+00 5.905129872553933623e+00
1.000000000000000000e+00 4.118922228244124462e+00 4.125315936465738353e+00 5.896012687377424122e+00 5.897296657206079651e+00
1.100000000000000089e+00 4.123807837421272993e+00 4.130803807649068737e+00 5.902728182347138919e+00 5.904894367742680394e+00
1.199999999999999956e+00 4.128274479414795195e+00 4.129624906379710580e+00 5.909275749085425744e+00 5.903399552878534351e+00
1.300000000000000044e+00 4.127394908520535921e+00 4.131902310847785031e+00 5.908042710638003570e+00 5.906302057407068595e+00
1.399999999999999911e+00 4.125944463455727629e+00 4.129423591112574954e+00 5.905520013092363740e+00 5.902612546158985118e+00
1.500000000000000000e+00 4.125365343879541236e+00 4.127366801613983505e+00 5.903815877794710509e+00 5.898510799193380727e+00
1.600000000000000089e+00 4.130603452965504019e+00 4.133763872010000284e+00 5.911179599844898824e+00 5.907145676479478524e+00
1.699999999999999956e+00 4.132988961204216771e+00 4.138650840514243257e+00 5.915158669276396886e+00 5.914757077251206141e+00
1.800000000000000044e+00 4.137288082600639072e+00 4.136846454913084337e+00 5.921362465949765230e+00 5.912284834371755338e+00
1.899999999999999911e+00 4.130649018122410254e+00 4.146988429901015571e+00 5.912257531347500539e+00 5.926674350382436174e+00
2.000000000000000000e+00 4.124184040760321857e+00 4.131313421161132204e+00 5.902414434975702839e+00 5.903913254270339195e+00
3.000000000000000000e+00 4.124584828744678688e+00 4.129905657671291586e+00 5.904416783051745554e+00 5.903423014441584016e+00
4.000000000000000000e+00 4.121585365431854164e+00 4.126305854136139928e+00 5.899261286818131111e+00 5.898623626856368318e+00
5.000000000000000000e+00 4.120311252627163690e+00 4.121433699401864992e+00 5.896123515307526652e+00 5.891308272710405802e+00
6.000000000000000000e+00 4.119909263485828532e+00 4.122796297964492318e+00 5.894187471804881895e+00 5.892840562699712237e+00
7.000000000000000000e+00 4.126214885592046855e+00 4.127879937006287747e+00 5.903149147828134602e+00 5.900273550465108485e+00
8.000000000000000000e+00 4.129324615013760358e+00 4.131041236809089412e+00 5.906761301042078749e+00 5.904460744238909875e+00
9.000000000000000000e+00 4.131467727964104775e+00 4.135438531050052546e+00 5.907957981705202144e+00 5.909606785757270941e+00
1.000000000000000000e+01 4.127877053489206638e+00 4.125879762695820574e+00 5.902328427288770385e+00 5.896162675806014164e+00
1.100000000000000000e+01 4.136366951185554974e+00 4.135151053801792820e+00 5.914091472799500870e+00 5.909264775846681417e+00
1.200000000000000000e+01 4.140194174015239703e+00 4.143779483885561277e+00 5.918151178618376029e+00 5.921136802656660869e+00
1.300000000000000000e+01 4.137565150812260839e+00 4.137651955113493152e+00 5.914598926401859025e+00 5.912541245614953311e+00
1.400000000000000000e+01 4.141956920234910910e+00 4.137910526128585786e+00 5.919998896520194620e+00 5.912794213888227901e+00
1.500000000000000000e+01 4.137443512650798461e+00 4.135515887825680359e+00 5.914151049612053512e+00 5.910195764322434542e+00
1.600000000000000000e+01 4.136280548007993829e+00 4.133690361841414251e+00 5.911474448328017495e+00 5.906563913475199712e+00
1.700000000000000000e+01 4.130497591048212236e+00 4.134667065692834598e+00 5.903968026121096280e+00 5.908388564258894249e+00
1.800000000000000000e+01 4.125874878391001310e+00 4.128423824722249336e+00 5.895874156295692892e+00 5.898689133052958944e+00
1.900000000000000000e+01 4.140306923778939385e+00 4.139002461223320495e+00 5.916037684398632202e+00 5.913259781790845437e+00
2.000000000000000000e+01 4.140665992339610746e+00 4.143393591610166737e+00 5.916317159186069929e+00 5.919810315489218766e+00
2.100000000000000000e+01 4.141411032861578967e+00 4.143382220555676732e+00 5.917436486447852140e+00 5.920060719019275552e+00
2.200000000000000000e+01 4.142451639408881725e+00 4.141693867177076882e+00 5.918155824498811945e+00 5.916979163236494088e+00
2.300000000000000000e+01 4.140555644904742039e+00 4.138717787727659747e+00 5.915050565236702695e+00 5.912482151149594856e+00
2.400000000000000000e+01 4.141373396962607423e+00 4.142597862219249194e+00 5.915745643052794378e+00 5.917419752058905580e+00
2.500000000000000000e+01 4.140895815681391312e+00 4.139682000146225782e+00 5.916307071850977373e+00 5.914662509930420420e+00
2.600000000000000000e+01 4.144117731788719006e+00 4.144625663931272186e+00 5.919783327355140123e+00 5.920558162758907450e+00
2.700000000000000000e+01 4.133373973721142569e+00 4.134275646521228254e+00 5.904923592272551147e+00 5.906415844292548734e+00
2.800000000000000000e+01 4.138530165334836752e+00 4.134269241665828432e+00 5.911905908182346181e+00 5.906019622703694516e+00
2.900000000000000000e+01 4.134639038553894252e+00 4.127384018904534990e+00 5.905995115948704743e+00 5.896312262375942304e+00
3.000000000000000000e+01 4.127550258985973386e+00 4.124399689866271146e+00 5.896057772478591197e+00 5.892027852621763095e+00
3.100000000000000000e+01 4.126134728463345169e+00 4.131269217144978967e+00 5.894402000281898424e+00 5.902288230113441614e+00
3.200000000000000000e+01 4.122767550454685903e+00 4.126328835816702068e+00 5.889803529430777118e+00 5.895215269855770046e+00
3.300000000000000000e+01 4.135976573654300381e+00 4.134983852418899097e+00 5.907509230580171078e+00 5.906920176322063121e+00
3.400000000000000000e+01 4.140652858966552330e+00 4.140284341604379748e+00 5.913269952895878312e+00 5.913359558191649157e+00
3.500000000000000000e+01 4.131490713198292752e+00 4.133998258236363021e+00 5.902286953591354468e+00 5.906325276754807341e+00
3.600000000000000000e+01 4.137653236034389614e+00 4.134806241147297001e+00 5.910315079057538057e+00 5.906835455596104012e+00
3.700000000000000000e+01 4.135168591158684848e+00 4.136349493954683432e+00 5.908253953559691851e+00 5.910266471042445069e+00
3.800000000000000000e+01 4.126637615151512506e+00 4.121158553268678304e+00 5.895831470793599927e+00 5.888423386804813475e+00
3.900000000000000000e+01 4.134419386537328656e+00 4.131951317555067504e+00 5.907794948459978102e+00 5.904204414850546812e+00
4.000000000000000000e+01 4.133806152384000399e+00 4.130878199192118849e+00 5.906547493135396287e+00 5.902431250489082792e+00
4.100000000000000000e+01 4.126475699097761130e+00 4.123970394801792949e+00 5.895304640032530408e+00 5.891624341160499156e+00
4.200000000000000000e+01 4.128438317656316414e+00 4.123900086124021591e+00 5.897455529956167730e+00 5.890905159796157697e+00
4.300000000000000000e+01 4.125402578938266451e+00 4.125278780895148323e+00 5.894548139737094239e+00 5.894272917102592046e+00
4.400000000000000000e+01 4.125912191624776071e+00 4.123699411187824460e+00 5.893729902341334537e+00 5.890714492281206027e+00
4.500000000000000000e+01 4.140009916786201671e+00 4.143407604674873568e+00 5.912943315358742957e+00 5.917413502564931704e+00
4.600000000000000000e+01 4.136872480330014312e+00 4.136616873920776705e+00 5.909217371010385023e+00 5.908810177761197657e+00
4.700000000000000000e+01 4.137222899123051079e+00 4.138112160803922634e+00 5.910533770630123307e+00 5.911595286221143830e+00
4.800000000000000000e+01 4.133161288649143117e+00 4.131907113838981793e+00 5.905057084283238389e+00 5.903127844919697331e+00
4.900000000000000000e+01 4.146146176284235096e+00 4.147849984535633361e+00 5.921592771279794221e+00 5.923927199971662283e+00
5.000000000000000000e+01 4.139625465243608637e+00 4.143196840494939970e+00 5.913259064178505220e+00 5.918169837701996450e+00
5.100000000000000000e+01 4.138403402519501562e+00 4.141539637449080047e+00 5.910130901113464397e+00 5.914977134356533384e+00
5.200000000000000000e+01 4.137052494581722861e+00 4.137841978939652776e+00 5.908685093252465492e+00 5.910029682139515295e+00
5.300000000000000000e+01 4.138401880108640185e+00 4.136420363851560644e+00 5.910498936481111798e+00 5.908004754449257767e+00
5.400000000000000000e+01 4.141698430808213871e+00 4.140048354417570131e+00 5.915143294981366928e+00 5.913503701761205100e+00
5.500000000000000000e+01 4.147290323392331501e+00 4.143873816227658935e+00 5.923542106851722444e+00 5.919063028042643282e+00
5.600000000000000000e+01 4.136284471995819167e+00 4.136711204968194444e+00 5.907472956292680877e+00 5.908450547165017497e+00
5.700000000000000000e+01 4.138025596311564414e+00 4.134515639889654537e+00 5.910022313932731031e+00 5.905685056481865480e+00
5.800000000000000000e+01 4.143605796611200986e+00 4.147955365393023008e+00 5.917586150734001293e+00 5.924316535486588542e+00
5.900000000000000000e+01 4.138462420194082725e+00 4.142214770324668116e+00 5.910614493168219852e+00 5.916167490776677695e+00
6.000000000000000000e+01 4.119023446743939942e+00 4.121328397550663603e+00 5.883964329052940201e+00 5.888154564980239591e+00
6.100000000000000000e+01 4.140828467999226881e+00 4.136492591888752735e+00 5.913927790312020427e+00 5.908557847319381828e+00
6.200000000000000000e+01 4.138696806094251279e+00 4.131871161616864185e+00 5.910595832300602481e+00 5.901603329198926495e+00
6.300000000000000000e+01 4.134539182234107990e+00 4.131527068311319439e+00 5.904994143146737429e+00 5.901371342668016773e+00
6.400000000000000000e+01 4.117158202707980053e+00 4.118042018886488798e+00 5.880174565925231356e+00 5.882110050796034884e+00
6.500000000000000000e+01 4.120057887858713741e+00 4.118498458363624160e+00 5.884891871187211798e+00 5.883142729116871195e+00
6.600000000000000000e+01 4.132465015351452386e+00 4.131621878851981400e+00 5.900970310525677220e+00 5.900502333806310062e+00
6.700000000000000000e+01 4.133796543985352123e+00 4.133361562780571319e+00 5.903263180762477802e+00 5.902853101352556031e+00
6.800000000000000000e+01 4.127510619860169427e+00 4.125319299693861907e+00 5.894736324973873565e+00 5.892192972694806130e+00
6.900000000000000000e+01 4.128722273301073109e+00 4.134443569025576970e+00 5.896172684492317018e+00 5.904531371052313737e+00
7.000000000000000000e+01 4.138686636159872201e+00 4.140001669065604517e+00 5.910016548541907611e+00 5.912434100847921314e+00
7.100000000000000000e+01 4.142120199695196625e+00 4.139783218664246256e+00 5.916398037529500442e+00 5.913158648607399037e+00
7.200000000000000000e+01 4.135925085570772985e+00 4.139301872268288385e+00 5.907096674256905544e+00 5.911976376922886800e+00
7.300000000000000000e+01 4.132133253834015640e+00 4.129699138062091102e+00 5.901847162277539027e+00 5.898547392321508376e+00
7.400000000000000000e+01 4.130124029081724046e+00 4.129664544581254759e+00 5.899676009678148425e+00 5.898805964092688647e+00
7.500000000000000000e+01 4.120849213629677266e+00 4.124066005616795039e+00 5.886731340239455434e+00 5.890690548003114202e+00
7.600000000000000000e+01 4.128491329804694132e+00 4.128330374957762672e+00 5.896151863985675590e+00 5.895934535187279835e+00
7.700000000000000000e+01 4.130592404635821779e+00 4.129588472402653032e+00 5.899205158056422427e+00 5.897137625096181779e+00
7.800000000000000000e+01 4.129592075376574911e+00 4.136131684173228074e+00 5.898785867060189148e+00 5.907582663081380581e+00
7.900000000000000000e+01 4.123466545774725489e+00 4.121011209806241027e+00 5.890397463856538174e+00 5.886146770013994889e+00
8.000000000000000000e+01 4.129162138332223897e+00 4.130033861841928555e+00 5.897028555001022632e+00 5.897671660145420880e+00
8.100000000000000000e+01 4.134995943883210678e+00 4.134494659021262564e+00 5.905831116186658569e+00 5.904560761282621861e+00
8.200000000000000000e+01 4.143348188106228847e+00 4.144824976599982058e+00 5.917004307281618303e+00 5.918385007944343634e+00
8.300000000000000000e+01 4.146761009760288275e+00 4.147678137203418380e+00 5.921335636522279344e+00 5.921902427384651446e+00
8.400000000000000000e+01 4.144006104412783387e+00 4.144422346964958592e+00 5.917912949763657338e+00 5.918033786424520493e+00
8.500000000000000000e+01 4.140894612629943516e+00 4.139581581957680001e+00 5.913974877793652496e+00 5.911738702823260638e+00
8.600000000000000000e+01 4.150537463926095683e+00 4.148801784893692890e+00 5.926358200114130170e+00 5.923781055415856756e+00
8.700000000000000000e+01 4.144653609613934364e+00 4.143934353940170290e+00 5.917339267447701445e+00 5.916446640344145358e+00
8.800000000000000000e+01 4.137489636410701443e+00 4.138711138688109692e+00 5.907185070599872745e+00 5.908965843171751331e+00
8.900000000000000000e+01 4.136115347053120672e+00 4.136038953338856849e+00 5.904852483575504962e+00 5.904764798851721785e+00
9.000000000000000000e+01 4.140140763319894113e+00 4.141448508463294154e+00 5.911554043487231347e+00 5.913504339347457339e+00
9.100000000000000000e+01 4.141572228350607787e+00 4.143038848182813538e+00 5.913442679828939674e+00 5.915328355238547609e+00
9.200000000000000000e+01 4.135615903790744952e+00 4.139336544401012397e+00 5.906618441728115343e+00 5.911354007379990172e+00
9.300000000000000000e+01 4.138597749881621546e+00 4.137161158939377970e+00 5.911159419601315079e+00 5.907921548315760774e+00
9.400000000000000000e+01 4.142045966941188873e+00 4.144610208381415362e+00 5.915408432312196929e+00 5.917783862148992213e+00
9.500000000000000000e+01 4.138610401358596924e+00 4.139951299177037747e+00 5.910706416844663913e+00 5.910864170263770312e+00
9.600000000000000000e+01 4.132056459422097205e+00 4.129689049608243678e+00 5.902903149249939752e+00 5.897538334442470109e+00
9.700000000000000000e+01 4.132823441656734431e+00 4.132744566389095375e+00 5.904268797485005216e+00 5.902105816419149775e+00
9.800000000000000000e+01 4.137423333054826458e+00 4.138977557337987001e+00 5.910411011078425148e+00 5.909958891365779010e+00
9.900000000000000000e+01 4.142446274463940981e+00 4.144070806084413583e+00 5.918115866402017922e+00 5.917444811664696935e+00
1.000000000000000000e+02 4.139609928474849099e+00 4.135087712083101330e+00 5.914452940620292587e+00 5.904834545017410008e+00
1.010000000000000000e+02 4.134991539896776480e+00 4.135594443266141340e+00 5.907707342112640703e+00 5.905335194220391770e+00
1.020000000000000000e+02 4.130612661819286657e+00 4.133971672201731451e+00 5.902351571989857604e+00 5.903454643453100559e+00
1.030000000000000000e+02 4.129802037087211275e+00 4.132625248675561913e+00 5.901388394417739214e+00 5.902010357266415319e+00
1.040000000000000000e+02 4.134180113060068607e+00 4.137765663973054231e+00 5.906137570893982947e+00 5.907791661922945359e+00
1.050000000000000000e+02 4.142219174175953533e+00 4.145314089135691660e+00 5.917411259491802689e+00 5.918374755477663562e+00
1.060000000000000000e+02 4.140637004334793758e+00 4.146445504384906222e+00 5.914969288133410608e+00 5.919142462976382468e+00
1.070000000000000000e+02 4.141048200991534145e+00 4.146170678592310921e+00 5.915652749145144718e+00 5.918773144227202465e+00
1.080000000000000000e+02 4.137932465815967298e+00 4.137109190524649094e+00 5.912817512109435292e+00 5.907631991856953313e+00
1.090000000000000000e+02 4.132304058400135816e+00 4.139136270803504658e+00 5.904653410042403294e+00 5.910217062064580418e+00
1.100000000000000000e+02 4.130992869712043714e+00 4.135388484281356192e+00 5.902799687719036292e+00 5.905033061218779800e+00
1.110000000000000000e+02 4.136994357553034796e+00 4.135999475235052181e+00 5.910793382138392893e+00 5.905087272931067055e+00
1.120000000000000000e+02 4.139207940386240736e+00 4.141352736174034987e+00 5.914015557938626877e+00 5.912482786680635094e+00
1.130000000000000000e+02 4.146751240282108064e+00 4.151684735911785218e+00 5.924168232207614793e+00 5.926332019217547042e+00
1.140000000000000000e+02 4.141926972528072071e+00 4.149990456995985788e+00 5.917745668197365028e+00 5.924000873937727008e+00
1.150000000000000000e+02 4.146260926220063148e+00 4.150683928192129279e+00 5.924127794057562291e+00 5.925556146957188908e+00
1.160000000000000000e+02 4.139518160956121129e+00 4.145120302556551728e+00 5.914796318364023975e+00 5.917219474428152992e+00
1.170000000000000000e+02 4.140280018825019503e+00 4.142309904153491651e+00 5.915193906508464217e+00 5.912541488290957048e+00
1.180000000000000000e+02 4.140096240841245390e+00 4.146955919094562404e+00 5.915592854297121228e+00 5.919201802634027842e+00
1.190000000000000000e+02 4.134866540586934036e+00 4.144649767759021053e+00 5.908523500895068281e+00 5.915989079222861768e+00
1.200000000000000000e+02 4.143133819269958273e+00 4.139996144271581358e+00 5.920669388710390280e+00 5.909933189405244924e+00
1.210000000000000000e+02 4.139485408772867636e+00 4.145435327189434638e+00 5.915354379831139653e+00 5.916693602159901921e+00
1.220000000000000000e+02 4.141480700109366531e+00 4.142163120675958154e+00 5.918923212322749094e+00 5.912445390782902876e+00
1.230000000000000000e+02 4.140936893212836978e+00 4.142554459765148245e+00 5.919083847029282808e+00 5.913872059770050704e+00
1.240000000000000000e+02 4.132604269315945267e+00 4.140146208450455667e+00 5.907449891413091514e+00 5.910000371869111646e+00
1.250000000000000000e+02 4.137475063091722305e+00 4.141619235187460113e+00 5.914901058903123676e+00 5.911918801172028282e+00
1.260000000000000000e+02 4.139667904112383390e+00 4.141354338407636781e+00 5.916837899408771584e+00 5.910245011810381754e+00
1.270000000000000000e+02 4.134706224789235662e+00 4.140373869859275580e+00 5.911820786628781299e+00 5.910145716249401104e+00
1.280000000000000000e+02 4.130899900440381245e+00 4.136799530018261173e+00 5.905787556162708007e+00 5.904398764365247132e+00
1.290000000000000000e+02 4.133841148170155577e+00 4.145246025287890212e+00 5.909816438532843108e+00 5.916289292504579578e+00
1.300000000000000000e+02 4.136455597360637171e+00 4.142041163140190996e+00 5.913711504395784857e+00 5.911660628855100796e+00
1.310000000000000000e+02 4.133131340885190852e+00 4.140865865500502174e+00 5.909498448381322433e+00 5.911089512905522980e+00
1.320000000000000000e+02 4.135857257457685066e+00 4.148403800343083425e+00 5.913551987024262324e+00 5.921945911908919058e+00
1.330000000000000000e+02 4.132042765487598857e+00 4.135040227705937710e+00 5.907236963239569150e+00 5.902472651895346978e+00
1.340000000000000000e+02 4.121552132664526802e+00 4.128180548143282280e+00 5.892327260106690723e+00 5.893083116524639564e+00
1.350000000000000000e+02 4.122274513356630976e+00 4.132429860136861421e+00 5.893108104020699400e+00 5.898938971172637658e+00
1.360000000000000000e+02 4.131773465668090672e+00 4.138860484737754142e+00 5.905363222817559432e+00 5.907285572901746384e+00
1.370000000000000000e+02 4.142876611132285447e+00 4.146242428787545897e+00 5.919302140849809213e+00 5.916543697561597703e+00
1.380000000000000000e+02 4.145385839310445242e+00 4.153961819546757361e+00 5.923270480381989778e+00 5.927551364504779485e+00
1.390000000000000000e+02 4.151201468058738797e+00 4.152070629948770630e+00 5.932216543538922693e+00 5.926089544762303873e+00
1.400000000000000000e+02 4.136525584945439427e+00 4.139319730027133382e+00 5.912025623850986733e+00 5.908867754215634704e+00
1.410000000000000000e+02 4.130472846825650635e+00 4.132705007544481113e+00 5.903571799898239547e+00 5.899461402508650920e+00
1.420000000000000000e+02 4.134202457008839815e+00 4.140017283670357706e+00 5.907758514297452912e+00 5.909156911290307512e+00
1.430000000000000000e+02 4.141435376659969414e+00 4.147273186310889592e+00 5.918074387698992744e+00 5.919205566796008178e+00
1.440000000000000000e+02 4.134133269706405933e+00 4.143852115762078014e+00 5.908371829805224351e+00 5.915102216464992679e+00
1.450000000000000000e+02 4.125396254492245340e+00 4.131304692704489412e+00 5.895880320381098549e+00 5.897061228839744373e+00
1.460000000000000000e+02 4.125370229737570504e+00 4.129737496276173481e+00 5.895144806149697381e+00 5.894132941262924419e+00
1.470000000000000000e+02 4.125114221473897835e+00 4.128388109772132886e+00 5.894721753258650665e+00 5.892252550605994621e+00
1.480000000000000000e+02 4.131205956736542007e+00 4.133556390847872741e+00 5.903044327866773244e+00 5.899203789990515645e+00
1.490000000000000000e+02 4.134836991061462186e+00 4.141945870978014810e+00 5.907942773303523687e+00 5.910979326261515787e+00
1.500000000000000000e+02 4.133984085860202384e+00 4.147631693131212494e+00 5.906335370395509266e+00 5.918410232541734928e+00
1.510000000000000000e+02 4.137196233221715147e+00 4.137720421431859030e+00 5.911499589910118146e+00 5.904872986151187497e+00
1.520000000000000000e+02 4.128618973482399035e+00 4.140808530155662304e+00 5.900452527990558416e+00 5.910462663464209676e+00
1.530000000000000000e+02 4.136231700547775780e+00 4.136572510324003638e+00 5.911437371722740863e+00 5.904231401641713006e+00
1.540000000000000000e+02 4.131325912495263708e+00 4.140381956992852608e+00 5.904937768750283311e+00 5.909623366117047638e+00
1.550000000000000000e+02 4.129617298990321927e+00 4.129830867280730899e+00 5.901913307132773845e+00 5.894515074912416885e+00
1.560000000000000000e+02 4.138624336325481323e+00 4.146288952894218838e+00 5.913954220465133638e+00 5.916489482273768807e+00
1.570000000000000000e+02 4.139243415721098884e+00 4.149566205555831111e+00 5.913777008731356588e+00 5.920271883825494186e+00
1.580000000000000000e+02 4.142639661472466983e+00 4.146749159786126349e+00 5.918484784823332845e+00 5.916143950297129805e+00
1.590000000000000000e+02 4.141886133812653803e+00 4.149794506404997918e+00 5.917264081961238986e+00 5.920241293767730006e+00
1.600000000000000000e+02 4.150183602659173410e+00 4.152992481922015422e+00 5.928699761608411833e+00 5.924541317859487677e+00
1.610000000000000000e+02 4.137923817335231291e+00 4.143747053273485470e+00 5.911762325382408534e+00 5.911410623021148503e+00
1.620000000000000000e+02 4.137928222239986020e+00 4.148800984474372733e+00 5.912247439083294864e+00 5.918939306223201413e+00
1.630000000000000000e+02 4.131227496811092692e+00 4.138230915228097828e+00 5.903683427438576992e+00 5.904484367310933735e+00
1.640000000000000000e+02 4.139904133652900775e+00 4.143221665321665803e+00 5.915430052537208994e+00 5.911291869109228436e+00
1.650000000000000000e+02 4.142970301097633978e+00 4.147711529658645979e+00 5.920056072416739035e+00 5.918454193202484781e+00
1.660000000000000000e+02 4.151143810673315393e+00 4.155784461963319742e+00 5.929396515660186218e+00 5.927392485222648055e+00
1.670000000000000000e+02 4.146666200154150772e+00 4.161798285328859315e+00 5.922804351609258333e+00 5.935485406088122140e+00
1.680000000000000000e+02 4.155911467021176975e+00 4.159615852323409690e+00 5.937443549570578405e+00 5.933928769751450005e+00
1.690000000000000000e+02 4.152809103819936176e+00 4.157539122509534835e+00 5.932881029460690847e+00 5.930922806112573831e+00
1.700000000000000000e+02 4.150240217374274287e+00 4.154320167069832870e+00 5.929561880103284999e+00 5.926853727643243808e+00
1.710000000000000000e+02 4.141266733558833124e+00 4.149518079291799388e+00 5.917180238092033306e+00 5.920653936438045939e+00
1.720000000000000000e+02 4.143129335639454958e+00 4.143146071939268538e+00 5.919724791894243054e+00 5.911408141564185037e+00
1.730000000000000000e+02 4.144600678687198503e+00 4.150153574060411188e+00 5.921612225184823330e+00 5.921091961859207053e+00
1.740000000000000000e+02 4.144422906758261860e+00 4.151670481054923201e+00 5.921865271739871872e+00 5.923991579242755989e+00
1.750000000000000000e+02 4.142477424402859043e+00 4.145114296682604227e+00 5.918656311579742813e+00 5.914139918405981078e+00
1.760000000000000000e+02 4.142097697291227121e+00 4.147220335313307693e+00 5.918011525473080958e+00 5.916990692635337723e+00
1.770000000000000000e+02 4.144656733628364620e+00 4.151936418797382622e+00 5.921648582562617058e+00 5.923662059646789046e+00
1.780000000000000000e+02 4.143815038290727948e+00 4.147258771980096625e+00 5.919123964584088959e+00 5.916088533474874289e+00
1.790000000000000000e+02 4.138786011676809373e+00 4.151617710888707791e+00 5.912574475151312292e+00 5.922525835950331441e+00
1.800000000000000000e+02 4.140510560601307510e+00 4.146692864875460849e+00 5.914837876440797615e+00 5.915263011946561456e+00
1.810000000000000000e+02 4.144858448445811305e+00 4.149669023697336812e+00 5.920822978102471268e+00 5.918911836878880450e+00
1.820000000000000000e+02 4.138979239390069509e+00 4.144962630350598864e+00 5.913464702939569051e+00 5.913176662696998598e+00
1.830000000000000000e+02 4.144692448616140723e+00 4.147258052254287897e+00 5.921238744966951018e+00 5.915949040484888677e+00
1.840000000000000000e+02 4.144578978496880062e+00 4.149798350530772950e+00 5.919814558680698724e+00 5.918026900771452326e+00
1.850000000000000000e+02 4.146252197452636068e+00 4.151368910597361683e+00 5.922551860228170817e+00 5.920565450145272912e+00
1.860000000000000000e+02 4.137687108485666343e+00 4.142047329023800906e+00 5.911088790826698691e+00 5.907439322212702848e+00
1.870000000000000000e+02 4.140696501125995965e+00 4.150673837750566086e+00 5.914533021510763433e+00 5.918964452484307692e+00
1.880000000000000000e+02 4.137900595550815019e+00 4.143386384513702225e+00 5.911514806470068883e+00 5.909349819173219664e+00
1.890000000000000000e+02 4.131848497833698453e+00 4.142939551571528156e+00 5.903333967532896409e+00 5.909134888898615046e+00
1.900000000000000000e+02 4.127369924519223687e+00 4.135817699880646181e+00 5.897640512326750795e+00 5.899680494978139400e+00
1.910000000000000000e+02 4.131765858790614310e+00 4.143384221583876759e+00 5.904320209574387412e+00 5.910909894546740873e+00
1.920000000000000000e+02 4.135678365605494733e+00 4.143632783283956122e+00 5.908301282703567026e+00 5.909664606177664758e+00
1.930000000000000000e+02 4.139435601018266020e+00 4.142586092187133140e+00 5.913987531497527428e+00 5.908429089792650579e+00
1.940000000000000000e+02 4.135527339295879123e+00 4.141965008597866316e+00 5.908695345682096089e+00 5.907402564388512189e+00
1.950000000000000000e+02 4.134104762044485959e+00 4.138799867833373725e+00 5.906872451282723091e+00 5.903625537429594061e+00
1.960000000000000000e+02 4.141074387060501572e+00 4.150225563729136979e+00 5.916500535990738996e+00 5.919343540787231461e+00
1.970000000000000000e+02 4.123639753682706299e+00 4.131095369350565427e+00 5.893116990094684482e+00 5.893735351519742593e+00
1.980000000000000000e+02 4.117973069468900071e+00 4.123502181552636259e+00 5.884652436347556304e+00 5.883100930068163592e+00
1.990000000000000000e+02 4.131576073758657763e+00 4.136877604542013032e+00 5.903664607932238795e+00 5.901707423495256677e+00
2.000000000000000000e+02 4.135473925658711636e+00 4.141451791486313816e+00 5.908553041806846373e+00 5.908081143225095033e+00
2.010000000000000000e+02 4.132191309848811223e+00 4.139671590048215499e+00 5.903034877266206237e+00 5.904473237830657695e+00
2.020000000000000000e+02 4.131959486850181662e+00 4.141425527261664463e+00 5.902289035458234245e+00 5.906224620795009983e+00
2.030000000000000000e+02 4.136536796839214603e+00 4.147667169114767738e+00 5.909117117593035928e+00 5.915938072222729716e+00
2.040000000000000000e+02 4.136374319569426916e+00 4.140874916216600532e+00 5.908843971673167772e+00 5.906471506090034573e+00
2.050000000000000000e+02 4.132484233385167904e+00 4.135914593538180029e+00 5.903775597808804676e+00 5.899598735024484952e+00
2.060000000000000000e+02 4.130990468236761970e+00 4.138429668743385470e+00 5.901792550359435729e+00 5.903220020767373732e+00
2.070000000000000000e+02 4.134739055362112836e+00 4.137385536782213435e+00 5.906445714451209028e+00 5.901306154965462625e+00
2.080000000000000000e+02 4.135768853583700277e+00 4.142824481156678118e+00 5.907610371701503382e+00 5.908075300747186454e+00
2.090000000000000000e+02 4.128886031617304830e+00 4.134850604070766877e+00 5.898308441548262060e+00 5.897352390814766920e+00
2.100000000000000000e+02 4.128497975388325081e+00 4.132814713505553073e+00 5.897102466608512117e+00 5.894118364470619653e+00
2.110000000000000000e+02 4.133315599258399864e+00 4.143051821876766461e+00 5.904759758861191088e+00 5.908972015065474537e+00
2.120000000000000000e+02 4.137328841602977647e+00 4.141284511453126704e+00 5.910732203626251291e+00 5.906720865327801384e+00
2.130000000000000000e+02 4.136004279523859850e+00 4.138325007401549627e+00 5.909322671988024744e+00 5.902961288794704053e+00
2.140000000000000000e+02 4.132206124473441378e+00 4.135461997558278924e+00 5.905098565393722687e+00 5.899707006166492462e+00
2.150000000000000000e+02 4.126648585683940773e+00 4.134480165710136212e+00 5.896979867703268319e+00 5.897850956250478838e+00
2.160000000000000000e+02 4.130049716560150408e+00 4.137095815843268021e+00 5.900947084496534600e+00 5.900707250780988566e+00
2.170000000000000000e+02 4.131053327532240971e+00 4.139269599945481382e+00 5.901775169129990672e+00 5.903115193902889857e+00
2.180000000000000000e+02 4.132862279704986541e+00 4.140571421523407736e+00 5.904125299395855286e+00 5.904806924222419262e+00
2.190000000000000000e+02 4.142580643345798563e+00 4.146188456470477846e+00 5.917241412448457361e+00 5.911966844883878025e+00
2.200000000000000000e+02 4.142858834298129622e+00 4.148192557746940956e+00 5.916979722829597499e+00 5.914133356964931920e+00
2.210000000000000000e+02 4.144973600626406629e+00 4.152423851762758744e+00 5.920005545072926090e+00 5.919592343821209468e+00
2.220000000000000000e+02 4.150792512327632799e+00 4.162248640355906915e+00 5.929010144499933688e+00 5.934195268450382699e+00
2.230000000000000000e+02 4.149239970760964624e+00 4.154253301599389658e+00 5.927692465575204572e+00 5.923685123034269751e+00
2.240000000000000000e+02 4.143548221401935017e+00 4.150325821836538864e+00 5.919900083346006703e+00 5.918532114522066401e+00
2.250000000000000000e+02 4.141712925196272543e+00 4.148829813037566261e+00 5.916386665731228511e+00 5.915221451253528606e+00
2.260000000000000000e+02 4.145723768385906283e+00 4.154834505105494458e+00 5.921082677608981548e+00 5.922556908177852186e+00
2.270000000000000000e+02 4.136245154391598788e+00 4.145822583177267262e+00 5.908221525649031136e+00 5.910552671394447621e+00
2.280000000000000000e+02 4.137946080805408933e+00 4.145869428614441077e+00 5.909419251429546271e+00 5.909546813430444523e+00
2.290000000000000000e+02 4.130282824343948889e+00 4.140787630140525977e+00 5.899509372168349586e+00 5.903290086692026151e+00
2.300000000000000000e+02 4.134202055993632108e+00 4.143934515413124409e+00 5.904435920457455467e+00 5.907070963472090597e+00
2.310000000000000000e+02 4.147849023632939947e+00 4.156679009306023964e+00 5.923505750187485042e+00 5.925061902241433920e+00
2.320000000000000000e+02 4.140467801109368295e+00 4.151396377297549733e+00 5.914481294981060344e+00 5.918601540016119600e+00
2.330000000000000000e+02 4.141361383579313049e+00 4.149368813790442978e+00 5.916442796260781734e+00 5.916841024283915118e+00
2.340000000000000000e+02 4.146486984687697053e+00 4.150341435756861763e+00 5.922695119613028858e+00 5.916731719564446657e+00
2.350000000000000000e+02 4.146123032823433974e+00 4.156120228203493916e+00 5.922909729487233932e+00 5.925648552193516494e+00
2.360000000000000000e+02 4.144469512163269975e+00 4.154099473358884964e+00 5.919760745181056549e+00 5.922213773611606058e+00
2.370000000000000000e+02 4.134411698448096750e+00 4.139932241795396983e+00 5.906803021831503742e+00 5.903412925033000747e+00
2.380000000000000000e+02 4.127505975104700298e+00 4.136507807812706439e+00 5.896576033746272927e+00 5.898196011034322339e+00
2.390000000000000000e+02 4.145371426255164415e+00 4.152333203743812540e+00 5.920869827443658195e+00 5.919446681307254821e+00
2.400000000000000000e+02 4.147670131074102429e+00 4.155600846322543340e+00 5.923288260237317360e+00 5.923458343774453461e+00
2.410000000000000000e+02 4.141344728888816995e+00 4.148683832617752643e+00 5.913930996872829304e+00 5.914029253982249656e+00
2.420000000000000000e+02 4.149075410873979131e+00 4.156401301990340968e+00 5.924816145665892542e+00 5.924595933120849089e+00
2.430000000000000000e+02 4.142420810882684101e+00 4.151233179523828198e+00 5.915740358529466114e+00 5.917503752546482865e+00
2.440000000000000000e+02 4.143992811314571867e+00 4.151757366118099313e+00 5.918528027457834462e+00 5.918279705370445676e+00
2.450000000000000000e+02 4.145704628885504839e+00 4.157446793168050547e+00 5.920574900975428712e+00 5.926584505629942434e+00
2.460000000000000000e+02 4.145194215128427118e+00 4.151920084699652236e+00 5.920898176145885650e+00 5.919565919702701962e+00
2.470000000000000000e+02 4.156023574364293260e+00 4.159710584736001415e+00 5.934679737524936272e+00 5.929332540292278964e+00
2.480000000000000000e+02 4.147936308095713009e+00 4.153363081125413636e+00 5.922901161901921618e+00 5.919990732265278055e+00
2.490000000000000000e+02 4.144141914428735696e+00 4.147860635891580827e+00 5.916835817852946100e+00 5.911953714916365676e+00
2.500000000000000000e+02 4.136769900524082999e+00 4.147687586133484317e+00 5.907290615354970242e+00 5.912263850201569859e+00
2.510000000000000000e+02 4.138203206810409540e+00 4.148300339575494711e+00 5.909511893511337099e+00 5.913608038932721023e+00
2.520000000000000000e+02 4.146648262023141740e+00 4.151362104489689564e+00 5.920059839274797397e+00 5.916637710553862561e+00
2.530000000000000000e+02 4.152668247758677822e+00 4.160327741260442025e+00 5.928001403035130679e+00 5.928657481233342352e+00
2.540000000000000000e+02 4.150188727381984855e+00 4.158245485786221884e+00 5.924405663477313233e+00 5.925514503451697834e+00
2.550000000000000000e+02 4.152964774585305996e+00 4.159292258732341097e+00 5.928318511114640366e+00 5.927234335870853243e+00
2.560000000000000000e+02 4.148114399755735704e+00 4.155820497799560087e+00 5.921146973408201397e+00 5.922399470575429703e+00
2.570000000000000000e+02 4.138191595561544034e+00 4.145164825681831644e+00 5.907962706363905525e+00 5.908228408079577498e+00
2.580000000000000000e+02 4.153323761557015992e+00 4.161180405806240046e+00 5.928373763452456480e+00 5.929750702847351285e+00
2.590000000000000000e+02 4.149321647873611241e+00 4.156729858480958661e+00 5.923592151193179944e+00 5.924010399125794635e+00
2.600000000000000000e+02 4.149708102047351410e+00 4.158174536632237128e+00 5.924100966667148249e+00 5.926160490609232667e+00
2.610000000000000000e+02 4.147221856127409012e+00 4.154274122005615411e+00 5.920720719417539080e+00 5.920967680227020580e+00
2.620000000000000000e+02 4.143154959987552566e+00 4.155696698222866026e+00 5.916999899732219959e+00 5.924796202893303665e+00
2.630000000000000000e+02 4.138979880313288895e+00 4.148164449315893343e+00 5.910280166086880449e+00 5.913404484555275786e+00
2.640000000000000000e+02 4.140241020180561726e+00 4.151287149859751224e+00 5.911341596476314741e+00 5.917001418473434526e+00
2.650000000000000000e+02 4.148848310658720173e+00 4.156364385391906779e+00 5.922425178504891363e+00 5.923337106005999608e+00
2.660000000000000000e+02 4.156776783535883091e+00 4.161135082595270873e+00 5.934489713067791605e+00 5.930493427233685111e+00
2.670000000000000000e+02 4.153896236699742062e+00 4.155361335087715879e+00 5.930616508249546115e+00 5.922572443633648653e+00
2.680000000000000000e+02 4.156016206745709596e+00 4.160783782218955729e+00 5.933917554552002649e+00 5.930452025961684193e+00
2.690000000000000000e+02 4.137659243055773928e+00 4.147384093985974296e+00 5.908093161108983971e+00 5.911876758201678683e+00
2.700000000000000000e+02 4.142086407733568620e+00 4.149851843437012633e+00 5.914594685414749975e+00 5.915555779878228115e+00
2.710000000000000000e+02 4.145624710335141572e+00 4.151528184359154494e+00 5.918648623593396607e+00 5.917173749518047643e+00
2.720000000000000000e+02 4.145906824240595867e+00 4.149890201369205833e+00 5.918739194169609696e+00 5.914801528519834761e+00
2.730000000000000000e+02 4.151766975592626530e+00 4.161302043777168613e+00 5.925844264917706994e+00 5.929951618789159440e+00
2.740000000000000000e+02 4.152236630167182696e+00 4.157702400293214140e+00 5.926089783744972195e+00 5.924108576079190058e+00
2.750000000000000000e+02 4.151789797863453479e+00 4.157580202707587880e+00 5.925747210972076573e+00 5.924343606624692171e+00
2.760000000000000000e+02 4.141645900358327914e+00 4.150870990188600729e+00 5.910744056644319677e+00 5.914683492334840587e+00
2.770000000000000000e+02 4.140099442693770726e+00 4.142637421269392384e+00 5.909623844192083197e+00 5.904290101841909610e+00
2.780000000000000000e+02 4.138500295366622339e+00 4.143887990107105068e+00 5.907124774346065088e+00 5.905686736117585767e+00
2.790000000000000000e+02 4.144079936482069293e+00 4.150139000496346320e+00 5.913634149085307712e+00 5.913114522624216107e+00
2.800000000000000000e+02 4.156461118796811682e+00 4.165718478388900969e+00 5.931179935285880056e+00 5.935727477999681589e+00
2.810000000000000000e+02 4.158787850056938851e+00 4.166496430894970793e+00 5.934032468359125012e+00 5.936170707826309290e+00
2.820000000000000000e+02 4.153289969467430787e+00 4.157845659469448840e+00 5.926148079942499258e+00 5.924404145177468273e+00
2.830000000000000000e+02 4.149409412701590583e+00 4.154137189714512957e+00 5.921868554105769178e+00 5.920581385105315064e+00
2.840000000000000000e+02 4.153830571568946972e+00 4.152205319289381968e+00 5.927263161403518943e+00 5.916831975844803360e+00
2.850000000000000000e+02 4.143953494559586836e+00 4.151564939989937031e+00 5.912518745190831204e+00 5.915510691834514390e+00
2.860000000000000000e+02 4.152322632792082580e+00 4.157375043276552162e+00 5.924068455613269002e+00 5.923733090346195773e+00
2.870000000000000000e+02 4.156253478204858354e+00 4.159121853793267043e+00 5.927993076155759766e+00 5.925059900535952551e+00
2.880000000000000000e+02 4.158979955676817220e+00 4.163799581222091817e+00 5.932400960115773003e+00 5.932324167261727510e+00
2.890000000000000000e+02 4.154473434035444335e+00 4.157568749852800671e+00 5.925944919710487646e+00 5.923140831637431880e+00
2.900000000000000000e+02 4.149491894097540268e+00 4.156891775057395044e+00 5.918601219940645031e+00 5.922326760988221750e+00
2.910000000000000000e+02 4.159312917485051386e+00 4.161757604610760275e+00 5.932799907038953435e+00 5.929596152872259829e+00
2.920000000000000000e+02 4.161294435938078351e+00 4.163114117484687959e+00 5.935427344823501983e+00 5.931177290728837370e+00
2.930000000000000000e+02 4.164606441887457322e+00 4.168014780766590377e+00 5.940024538036846380e+00 5.938442758995175375e+00
2.940000000000000000e+02 4.147106064690580851e+00 4.155795834830383839e+00 5.916556109675022768e+00 5.922178938560851869e+00
2.950000000000000000e+02 4.146038071460259822e+00 4.150816935745548442e+00 5.913043814239246743e+00 5.913378937401048141e+00
2.960000000000000000e+02 4.141878283987780129e+00 4.145946781725986519e+00 5.907697729482023874e+00 5.907180026002964546e+00
2.970000000000000000e+02 4.146523579815480254e+00 4.150536183099465148e+00 5.914453741336490822e+00 5.913781246089133248e+00
2.980000000000000000e+02 4.154041335705447757e+00 4.158131134555278052e+00 5.923876667465433954e+00 5.923621700545692370e+00
2.990000000000000000e+02 4.147816591678123999e+00 4.154495136164776170e+00 5.914807606717729982e+00 5.918565984382397893e+00
3.000000000000000000e+02 4.147763741125216619e+00 4.158964340576805974e+00 5.915367272944396682e+00 5.925228702570267458e+00
3.010000000000000000e+02 4.163000807614662513e+00 4.164539098132709505e+00 5.936070210470060005e+00 5.932286534105036147e+00
3.020000000000000000e+02 4.162417923773114481e+00 4.166831714662672326e+00 5.935380820774367905e+00 5.935689277340946646e+00
3.030000000000000000e+02 4.166801445484351163e+00 4.170453140627506272e+00 5.940911558340172149e+00 5.940507326913495589e+00
3.040000000000000000e+02 4.162614914187994231e+00 4.168051937066922896e+00 5.935256539099964535e+00 5.937206837496931122e+00
3.050000000000000000e+02 4.160439289038565747e+00 4.169155884023583170e+00 5.931762101240324547e+00 5.938299175837976840e+00
3.060000000000000000e+02 4.153599549972716076e+00 4.160636039196288216e+00 5.922592863761217963e+00 5.926883594484388951e+00
3.070000000000000000e+02 4.157390738634914484e+00 4.158972189804560848e+00 5.927895460170968356e+00 5.924455314890176183e+00
3.080000000000000000e+02 4.153804146970620614e+00 4.159383306940457103e+00 5.923220511416086964e+00 5.925430981827727095e+00
3.090000000000000000e+02 4.148842785395761901e+00 4.148823567937969692e+00 5.917040580396403016e+00 5.911536269112541042e+00
3.100000000000000000e+02 4.154361566434028319e+00 4.159362487976006051e+00 5.924500156129399286e+00 5.925548619627603486e+00
3.110000000000000000e+02 4.156982983334629012e+00 4.161234779593351085e+00 5.928394664001434222e+00 5.928970266792503274e+00
3.120000000000000000e+02 4.154701817091488003e+00 4.160927600865758080e+00 5.924115465846519157e+00 5.927442616622700555e+00
3.130000000000000000e+02 4.151594888580777187e+00 4.153009778374642025e+00 5.918596732926668658e+00 5.915124395968023308e+00
3.140000000000000000e+02 4.153665053247753036e+00 4.157055134072341396e+00 5.922497570655361088e+00 5.921826677002745676e+00
3.150000000000000000e+02 4.156682052172866015e+00 4.161490627092078398e+00 5.927576988912787392e+00 5.928954971548897390e+00
3.160000000000000000e+02 4.160638200836221934e+00 4.164808799443048493e+00 5.932422501688908945e+00 5.933323063040961465e+00
3.170000000000000000e+02 4.147418209051886073e+00 4.154354041306889123e+00 5.913577057848677043e+00 5.917778262880564633e+00
3.180000000000000000e+02 4.149226355963908652e+00 4.151657669446525922e+00 5.915882331703442354e+00 5.913905289260939391e+00
3.190000000000000000e+02 4.142546771270816386e+00 4.143383101766183962e+00 5.907232557768814729e+00 5.903305140225212355e+00
3.200000000000000000e+02 4.145942538471839356e+00 4.147282955778953450e+00 5.912587048393221245e+00 5.909385854049518549e+00
3.210000000000000000e+02 4.145346281581654857e+00 4.144430596415284107e+00 5.911139400638072416e+00 5.904958510919130710e+00
3.220000000000000000e+02 4.145449982679868306e+00 4.153218460654650279e+00 5.910174784267710812e+00 5.916284245147433118e+00
3.230000000000000000e+02 4.159013908965871309e+00 4.158263664330463349e+00 5.929184552356796978e+00 5.923455142696779419e+00
3.240000000000000000e+02 4.148830215081810380e+00 4.149828782174077801e+00 5.914508282222572078e+00 5.911077746502549246e+00
3.250000000000000000e+02 4.153708775390438035e+00 4.154987053360044591e+00 5.920751791775234807e+00 5.918056211497565222e+00
3.260000000000000000e+02 4.154752264220569202e+00 4.157325795461203732e+00 5.923566046421131936e+00 5.922595583356597082e+00
3.270000000000000000e+02 4.151014248033343179e+00 4.157350219395853586e+00 5.917164063343416380e+00 5.922031114909624527e+00
3.280000000000000000e+02 4.149683920534704029e+00 4.153139983888777031e+00 5.915373041131899434e+00 5.916219780198133549e+00
3.290000000000000000e+02 4.146886811300295683e+00 4.147602144101937505e+00 5.912259126160232192e+00 5.909395141400645812e+00
3.300000000000000000e+02 4.141109621975596511e+00 4.145703267004340553e+00 5.904074930682671862e+00 5.906643827138681857e+00
3.310000000000000000e+02 4.143981521406623791e+00 4.147252367298304598e+00 5.907711668218009748e+00 5.908431008456275890e+00
3.320000000000000000e+02 4.147532797118056891e+00 4.149441605205009154e+00 5.912533795044732088e+00 5.911233812236044827e+00
3.330000000000000000e+02 4.144757232895530663e+00 4.150013838641100072e+00 5.908562017276683065e+00 5.911858338630828769e+00
3.340000000000000000e+02 4.152885979009117712e+00 4.152635256826800791e+00 5.918952040913284307e+00 5.914908188273654055e+00
3.350000000000000000e+02 4.146122954399700689e+00 4.149113769027373166e+00 5.909894993077328351e+00 5.910703219108028428e+00
3.360000000000000000e+02 4.151908233446659935e+00 4.154649206421330732e+00 5.917170229624435507e+00 5.917335991087691482e+00
3.370000000000000000e+02 4.157214567869111477e+00 4.160699860819240037e+00 5.923513276199575017e+00 5.924517371829432832e+00
3.380000000000000000e+02 4.148600871200018858e+00 4.152991360112617159e+00 5.912064299345292540e+00 5.914678841306991508e+00
3.390000000000000000e+02 4.148508222411715352e+00 4.150707469553463369e+00 5.911294753240125210e+00 5.910821889031744547e+00
3.400000000000000000e+02 4.144072490544387755e+00 4.148781845992861150e+00 5.905753446416717622e+00 5.909195507444284345e+00
3.410000000000000000e+02 4.146560735849321055e+00 4.141035630316223681e+00 5.909449113066076009e+00 5.898423352947212095e+00
3.420000000000000000e+02 4.142810947214073281e+00 4.145674199466618859e+00 5.904449210900976297e+00 5.905427525571644409e+00
3.430000000000000000e+02 4.144986093259675819e+00 4.149228038292794629e+00 5.908256036553688695e+00 5.910637551521806365e+00
3.440000000000000000e+02 4.143291733902539242e+00 4.148947206848917268e+00 5.905125713019833356e+00 5.910095825610437004e+00
3.450000000000000000e+02 4.150711875236615001e+00 4.155240817945876408e+00 5.914504675716047544e+00 5.918042595442350340e+00
3.460000000000000000e+02 4.147681261302811784e+00 4.150383076046300523e+00 5.909629451151908519e+00 5.910533529962771482e+00
3.470000000000000000e+02 4.145034620990261764e+00 4.149069966346845106e+00 5.905393493945011230e+00 5.907974163656233735e+00
3.480000000000000000e+02 4.142766745392176375e+00 4.148480675429307318e+00 5.901840996386312987e+00 5.907090342337736999e+00
3.490000000000000000e+02 4.153409604769001895e+00 4.149957064420074282e+00 5.917558362082607104e+00 5.909914289508420460e+00
3.500000000000000000e+02 4.146849416200904415e+00 4.151605538682771268e+00 5.909366074892957954e+00 5.913162085541494584e+00
3.510000000000000000e+02 4.155012516355617080e+00 4.158121525630480875e+00 5.920145119099297304e+00 5.921586681849645650e+00
3.520000000000000000e+02 4.144661461206410991e+00 4.154264834374885140e+00 5.904730132472175264e+00 5.915651712488208425e+00
3.530000000000000000e+02 4.151100971690917518e+00 4.150078542326570918e+00 5.914302638873427220e+00 5.909955690714899568e+00
3.540000000000000000e+02 4.153456130743727215e+00 4.152990321323669853e+00 5.917209305241957651e+00 5.914127831514043088e+00
3.550000000000000000e+02 4.152251444887866683e+00 4.156904748561875529e+00 5.915239709634375842e+00 5.919277397047454592e+00
3.560000000000000000e+02 4.162584725174027334e+00 4.161864749458922041e+00 5.929485965541911874e+00 5.926153927293926316e+00
3.570000000000000000e+02 4.160488055866696122e+00 4.160212990175412351e+00 5.926832504287467884e+00 5.924574068772128221e+00
3.580000000000000000e+02 4.153516909301593785e+00 4.152973183279411451e+00 5.916797463806129365e+00 5.913633346420325232e+00
3.590000000000000000e+02 4.152331201109862313e+00 4.155066569196396387e+00 5.914880237085297310e+00 5.916519673600232565e+00
3.600000000000000000e+02 4.145084990029952898e+00 4.147013895547543072e+00 5.905313016477659716e+00 5.906014014542739332e+00
3.610000000000000000e+02 4.142139257724896773e+00 4.145392086454275038e+00 5.900594903397078816e+00 5.903042245366930452e+00
3.620000000000000000e+02 4.152983353417798895e+00 4.152465172242306934e+00 5.915502445555131494e+00 5.912968701728901877e+00
3.630000000000000000e+02 4.151646059637944752e+00 4.153811274771102013e+00 5.914596045242586086e+00 5.915887700445964015e+00
3.640000000000000000e+02 4.154773886830756879e+00 4.156789837661136744e+00 5.919108915076000343e+00 5.919995456574501880e+00
3.650000000000000000e+02 4.158038085559672581e+00 4.157371360397782212e+00 5.922370886641056487e+00 5.919773880679149336e+00
3.660000000000000000e+02 4.151637010049729071e+00 4.151697708699806810e+00 5.913752342180383259e+00 5.912257607813605986e+00
3.670000000000000000e+02 4.147995565852558464e+00 4.147694074155591437e+00 5.908593164074063431e+00 5.906702044672647034e+00
3.680000000000000000e+02 4.150426397437603221e+00 4.146754285703644349e+00 5.911607373126505749e+00 5.904721401062422714e+00
3.690000000000000000e+02 4.149448171860838919e+00 4.150406780315431199e+00 5.910204892110837882e+00 5.910174464401745098e+00
3.700000000000000000e+02 4.140658385014428511e+00 4.140905664559825006e+00 5.898150286733054415e+00 5.896988437132411498e+00
3.710000000000000000e+02 4.152668808501299935e+00 4.151992073635705438e+00 5.914152811180054314e+00 5.912114668884279389e+00
3.720000000000000000e+02 4.155258274955445863e+00 4.151019854215397764e+00 5.917282096007704162e+00 5.909860880808089689e+00
3.730000000000000000e+02 4.152109466942159877e+00 4.155176195562708230e+00 5.913957100256379107e+00 5.917104643458864999e+00
3.740000000000000000e+02 4.153402319561429579e+00 4.155164184464503307e+00 5.915322111851698317e+00 5.916624337704442738e+00
3.750000000000000000e+02 4.146063856266565040e+00 4.147836051863770912e+00 5.904177028217414858e+00 5.905620353224811048e+00
3.760000000000000000e+02 4.152498563841022339e+00 4.152739917321833119e+00 5.913007217195616505e+00 5.912415200778901259e+00
3.770000000000000000e+02 4.151267772930196109e+00 4.152188903951138599e+00 5.911658385889545286e+00 5.911772575589039569e+00
3.780000000000000000e+02 4.138774560810866809e+00 4.141452193292182393e+00 5.893747921762735764e+00 5.896777991880775893e+00
3.790000000000000000e+02 4.137604470794739697e+00 4.138001495083732273e+00 5.892591523766684602e+00 5.892322622288554967e+00
3.800000000000000000e+02 4.139177192512592640e+00 4.139237410580919985e+00 5.895463836576498196e+00 5.895070733620552339e+00
3.810000000000000000e+02 4.152701720804852670e+00 4.156678849659685149e+00 5.912984636102042835e+00 5.917545951937970727e+00
3.820000000000000000e+02 4.153313754233926680e+00 4.149497740015122282e+00 5.913729283487224819e+00 5.907140952157592828e+00
3.830000000000000000e+02 4.157662521450455451e+00 4.158838379559914422e+00 5.918940908134716850e+00 5.919569519745985886e+00
3.840000000000000000e+02 4.152775632656668492e+00 4.150382116745695349e+00 5.912092088691970559e+00 5.908236339831692163e+00
3.850000000000000000e+02 4.163209810131318633e+00 4.161645095572190201e+00 5.927310248871607179e+00 5.924237819572690356e+00
3.860000000000000000e+02 4.157931181381809616e+00 4.158907646858724050e+00 5.919493044988873187e+00 5.920226799807520202e+00
3.870000000000000000e+02 4.152109387502858517e+00 4.152717016623011403e+00 5.911561251462900124e+00 5.911688978605372569e+00
3.880000000000000000e+02 4.161633406320160766e+00 4.158701288580248345e+00 5.923744305228168194e+00 5.919029959586685763e+00
3.890000000000000000e+02 4.166764291050554014e+00 4.161056287666729858e+00 5.930304203043479383e+00 5.921979227992744121e+00
3.900000000000000000e+02 4.150993989365560743e+00 4.154694770484255173e+00 5.909521591164062393e+00 5.914097320426463078e+00
3.910000000000000000e+02 4.160993907218951904e+00 4.162469654246076622e+00 5.923295948784121912e+00 5.924552447344479944e+00
3.920000000000000000e+02 4.164472312572701007e+00 4.162178653812692808e+00 5.927744352487085422e+00 5.924056127991931042e+00
3.930000000000000000e+02 4.161581515064954218e+00 4.158988605511185987e+00 5.923610332078823149e+00 5.919659769080919176e+00
3.940000000000000000e+02 4.160211148334845177e+00 4.160431440818681992e+00 5.921495954151041907e+00 5.921352532598020524e+00
3.950000000000000000e+02 4.159589906369800083e+00 4.160182319663037198e+00 5.920129102533524978e+00 5.920898490697080518e+00
3.960000000000000000e+02 4.148515029202211046e+00 4.153378695699337264e+00 5.904666465840700873e+00 5.911163903891460514e+00
3.970000000000000000e+02 4.148056585856128464e+00 4.151751760795074020e+00 5.905043793850904166e+00 5.909833729275039360e+00
3.980000000000000000e+02 4.154672907758207856e+00 4.150259117626490912e+00 5.914607412250772356e+00 5.908557211738983739e+00
3.990000000000000000e+02 4.144891603669865532e+00 4.145834755486559331e+00 5.900378618729529734e+00 5.901754113935475665e+00
4.000000000000000000e+02 4.148192959352614118e+00 4.151469008610005673e+00 5.904839359179591796e+00 5.909500929741912323e+00
4.010000000000000000e+02 4.152292365668031948e+00 4.150527057404000075e+00 5.909826206506126667e+00 5.907693893033167498e+00
4.020000000000000000e+02 4.147660844239918987e+00 4.150161983955636735e+00 5.903414212576573838e+00 5.907210062250172200e+00
4.030000000000000000e+02 4.149639878709980856e+00 4.148775282957727129e+00 5.905793003915222883e+00 5.904521209678441629e+00
4.040000000000000000e+02 4.148062031668989569e+00 4.149367614564527962e+00 5.902577796602008320e+00 5.904469554848313706e+00
4.050000000000000000e+02 4.155190530040735908e+00 4.155584912062097125e+00 5.911994233770474061e+00 5.912735755960325079e+00
4.060000000000000000e+02 4.151561497111788235e+00 4.145561210481273129e+00 5.907063996309912746e+00 5.899150940990374181e+00
4.070000000000000000e+02 4.151362344991993858e+00 4.153410246976252829e+00 5.906795176540370562e+00 5.909857114809054401e+00
4.080000000000000000e+02 4.147888823126583802e+00 4.147701282124777400e+00 5.902644658972919345e+00 5.902710484556820347e+00
4.090000000000000000e+02 4.143829456306384884e+00 4.146965850080699845e+00 5.897536976295840283e+00 5.901897853327003673e+00
4.100000000000000000e+02 4.143136705293703592e+00 4.150404538619535622e+00 5.896001481143983369e+00 5.906687873955941193e+00
4.110000000000000000e+02 4.144943255622532519e+00 4.147693595379296383e+00 5.897885478866868425e+00 5.902374880050978767e+00
4.120000000000000000e+02 4.140775300485362465e+00 4.147099981064099161e+00 5.892311333352819425e+00 5.901622869062628673e+00
4.130000000000000000e+02 4.144353803614625242e+00 4.145082269862258251e+00 5.897603680533953785e+00 5.899222939066201654e+00
4.140000000000000000e+02 4.141282992980213962e+00 4.142416650805580858e+00 5.893525877882533237e+00 5.895658914556555885e+00
4.150000000000000000e+02 4.145579709553215864e+00 4.146198308510959052e+00 5.899791166931276365e+00 5.901242419339968848e+00
4.160000000000000000e+02 4.142045008937306427e+00 4.144451977076272442e+00 5.894110762764103839e+00 5.897798505833911520e+00
4.170000000000000000e+02 4.142894309658540664e+00 4.144841153194140482e+00 5.894670423541819027e+00 5.897617047820155278e+00
4.180000000000000000e+02 4.143084572794654363e+00 4.143343623826873490e+00 5.896554653671737256e+00 5.897298898374011777e+00
4.190000000000000000e+02 4.136481543867991384e+00 4.139695454273049080e+00 5.887302698845549465e+00 5.892049555770634939e+00
4.200000000000000000e+02 4.138814282884686335e+00 4.143545979505597998e+00 5.890548740018529905e+00 5.897419415103525964e+00
4.210000000000000000e+02 4.142236073586455625e+00 4.142088171230096094e+00 5.895778544167337820e+00 5.895912276398645346e+00
4.220000000000000000e+02 4.144049348611343220e+00 4.141541081620485620e+00 5.898339275288231320e+00 5.894844677643742870e+00
4.230000000000000000e+02 4.137900277923804992e+00 4.141365070707137441e+00 5.888581225102966776e+00 5.893461170219588929e+00
4.240000000000000000e+02 4.141147821167255216e+00 4.150993267683753984e+00 5.892643737188045350e+00 5.906497526767262585e+00
4.250000000000000000e+02 4.147620003059349969e+00 4.144749946413140762e+00 5.902342685685674439e+00 5.898270727861477880e+00
4.260000000000000000e+02 4.148121448918344001e+00 4.151423444922489381e+00 5.902293519425025892e+00 5.906941080767879271e+00
4.270000000000000000e+02 4.156062574127724396e+00 4.158298898520002673e+00 5.912955809250786565e+00 5.916328529987420204e+00
4.280000000000000000e+02 4.158168052437751783e+00 4.160587752953082585e+00 5.915200634403898761e+00 5.918658233782164046e+00
4.290000000000000000e+02 4.160760320336157392e+00 4.161222207967635534e+00 5.919193395365071275e+00 5.919720149393484121e+00
4.300000000000000000e+02 4.162897509614627900e+00 4.162910962877363730e+00 5.921546086115964336e+00 5.921495477634087123e+00
4.310000000000000000e+02 4.162165680727805572e+00 4.164281248319346318e+00 5.921433414893683356e+00 5.923909904029331486e+00
4.320000000000000000e+02 4.168828690760470579e+00 4.167399947428753748e+00 5.930552849300033458e+00 5.927997482042361099e+00
4.330000000000000000e+02 4.161360422289829053e+00 4.164635271343297696e+00 5.920823624421925224e+00 5.925041806252167476e+00
4.340000000000000000e+02 4.154034210340313393e+00 4.152941073021626295e+00 5.911014799328698999e+00 5.908999881423218525e+00
4.350000000000000000e+02 4.144119816067035167e+00 4.144353721514199229e+00 5.896373120640497234e+00 5.895726168647103194e+00
4.360000000000000000e+02 4.156143050918758242e+00 4.154386952680967582e+00 5.912843376856377731e+00 5.909642667274705552e+00
4.370000000000000000e+02 4.148017988652274113e+00 4.154368614059851694e+00 5.902634010148029020e+00 5.910442963298681462e+00
4.380000000000000000e+02 4.139873385791663196e+00 4.143538853005437339e+00 5.891509828971497775e+00 5.895688132194509379e+00
4.390000000000000000e+02 4.146570748024065445e+00 4.148851355104097749e+00 5.899577517234249946e+00 5.901832430101982219e+00
4.400000000000000000e+02 4.158880100871988006e+00 4.162725503664962190e+00 5.915931022775335890e+00 5.920453424682182053e+00
4.410000000000000000e+02 4.139176392481354050e+00 4.144103559096250500e+00 5.889439018093940881e+00 5.894945168202183616e+00
4.420000000000000000e+02 4.147211367664793258e+00 4.151333276689603835e+00 5.899999526687527585e+00 5.904402928929557426e+00
4.430000000000000000e+02 4.145827389383887507e+00 4.150655581722936027e+00 5.898656543739801528e+00 5.904140596343609992e+00
4.440000000000000000e+02 4.141831280916444591e+00 4.142401753501995465e+00 5.893738637446850781e+00 5.893315907501606610e+00
4.450000000000000000e+02 4.146000756513751107e+00 4.144655935476381003e+00 5.898959076062311624e+00 5.895697905461898536e+00
4.460000000000000000e+02 4.143928511470599041e+00 4.142956130366010292e+00 5.896819957079385333e+00 5.893735516551076969e+00
4.470000000000000000e+02 4.158832135449037182e+00 4.158616888204904605e+00 5.916275280447393037e+00 5.914669801759663947e+00
4.480000000000000000e+02 4.157011333724113022e+00 4.156521980009921791e+00 5.913042617430356529e+00 5.910597998997338287e+00
4.490000000000000000e+02 4.159519278700615885e+00 4.161716446196381369e+00 5.917640283270051427e+00 5.919175219106206143e+00
4.500000000000000000e+02 4.159088862183350166e+00 4.165336027884901426e+00 5.917046586048919643e+00 5.923624262322928935e+00
4.510000000000000000e+02 4.151388690554027150e+00 4.153176181423122948e+00 5.907208779109480723e+00 5.907469915448778863e+00
4.520000000000000000e+02 4.154551270894602411e+00 4.158789691906707553e+00 5.911425279138631694e+00 5.915214161408126614e+00
4.530000000000000000e+02 4.147344135554289934e+00 4.146377360007504898e+00 5.902217442451394902e+00 5.898581586100873686e+00
4.540000000000000000e+02 4.147156994858030465e+00 4.145850211068500712e+00 5.901252264806897685e+00 5.897397237485936472e+00
4.550000000000000000e+02 4.163676422012967393e+00 4.161158224813855000e+00 5.924812459590707903e+00 5.918730383115030413e+00
4.560000000000000000e+02 4.153773238221680764e+00 4.155243941780510930e+00 5.910872502342059853e+00 5.910575413612916051e+00
4.570000000000000000e+02 4.159165256050710191e+00 4.158623853969962703e+00 5.917873950577472897e+00 5.914503476995584208e+00
4.580000000000000000e+02 4.160790909975943919e+00 4.164368052365448492e+00 5.919707095347452430e+00 5.922256615844491812e+00
4.590000000000000000e+02 4.159322689378341487e+00 4.162030110055003895e+00 5.917664469514085646e+00 5.918754970756491041e+00
4.600000000000000000e+02 4.146486425439037227e+00 4.149152285316657363e+00 5.900856839040099722e+00 5.901668747947875104e+00
4.610000000000000000e+02 4.143202526884162573e+00 4.139056274996906204e+00 5.897602953164188477e+00 5.888510591616777923e+00
4.620000000000000000e+02 4.143771878959667809e+00 4.149482364474223139e+00 5.897809797139069943e+00 5.902438615902971364e+00
4.630000000000000000e+02 4.157891221932709769e+00 4.157018057701270308e+00 5.916970428860291342e+00 5.912142054209098774e+00
4.640000000000000000e+02 4.158187510640455109e+00 4.156365827696437698e+00 5.917082943788486205e+00 5.910792024535759914e+00
4.650000000000000000e+02 4.153771878546484331e+00 4.156878243629415159e+00 5.910717316084541650e+00 5.911407262898881854e+00
4.660000000000000000e+02 4.166314415371063617e+00 4.166861185363003095e+00 5.927452868391668517e+00 5.924218443860035599e+00
4.670000000000000000e+02 4.162297648589774468e+00 4.168030636846466130e+00 5.922105429222544792e+00 5.926255704700755800e+00
4.680000000000000000e+02 4.160308765351004467e+00 4.167012050717998406e+00 5.920145287279230395e+00 5.924781229628576007e+00
4.690000000000000000e+02 4.158482676936889888e+00 4.161020893480900540e+00 5.918076071527787363e+00 5.917120581686252656e+00
4.700000000000000000e+02 4.149096312141498544e+00 4.150965081507325571e+00 5.904558041331716467e+00 5.902771505282233377e+00
4.710000000000000000e+02 4.145850370775207239e+00 4.154064479986555369e+00 5.900961102931297830e+00 5.907547187219006624e+00
4.720000000000000000e+02 4.155276852850958491e+00 4.164885032501764783e+00 5.913096183692124974e+00 5.921987793507519804e+00
4.730000000000000000e+02 4.157417644516503863e+00 4.160038742420633540e+00 5.915635132581566147e+00 5.914273410547308707e+00
4.740000000000000000e+02 4.165833470039839170e+00 4.165892969178947247e+00 5.927258760121929981e+00 5.922218100653357631e+00
4.750000000000000000e+02 4.159339826138979568e+00 4.160797476790205174e+00 5.918905437183540563e+00 5.915456081054863091e+00
4.760000000000000000e+02 4.155955830333658341e+00 4.163052778377025476e+00 5.914929808188889915e+00 5.918860269030992605e+00
4.770000000000000000e+02 4.156311534074462521e+00 4.157754211051079452e+00 5.916124569107704012e+00 5.912006404643470603e+00
4.780000000000000000e+02 4.150005110485325943e+00 4.158158682041795728e+00 5.907509228734101114e+00 5.912833287686295236e+00
4.790000000000000000e+02 4.139043062142467200e+00 4.143904806848717648e+00 5.894492570285141397e+00 5.894667938824113662e+00
4.800000000000000000e+02 4.144820653269158051e+00 4.146912918842446061e+00 5.900762267215394097e+00 5.897022230609627158e+00
4.810000000000000000e+02 4.141084319674789960e+00 4.147447438570081246e+00 5.895116542629735612e+00 5.897468110812551068e+00
4.820000000000000000e+02 4.153613964954088189e+00 4.157573475758342241e+00 5.913389113074017267e+00 5.911912472206979352e+00
4.830000000000000000e+02 4.141057573010553661e+00 4.154366371913714495e+00 5.895098763121835894e+00 5.906459728442121637e+00
4.840000000000000000e+02 4.156468806793168547e+00 4.159828220163457324e+00 5.915972983057042889e+00 5.913872464679812424e+00
4.850000000000000000e+02 4.158139464774310845e+00 4.160359533042790936e+00 5.919026276003644504e+00 5.914818501184370803e+00
4.860000000000000000e+02 4.159541940520170122e+00 4.165187244175332815e+00 5.919754820001231543e+00 5.920052788783515041e+00
4.870000000000000000e+02 4.158575325160325242e+00 4.164463905954201906e+00 5.918550048568215871e+00 5.919049418000967400e+00
4.880000000000000000e+02 4.167731947914649737e+00 4.171228052557367505e+00 5.932359483401090650e+00 5.929271040728215425e+00
4.890000000000000000e+02 4.167894184896560716e+00 4.174012026771867667e+00 5.931748488771030559e+00 5.932695490983966202e+00
4.900000000000000000e+02 4.159444807356056373e+00 4.167279349979237324e+00 5.920129106610777292e+00 5.923310360310223288e+00
4.910000000000000000e+02 4.159375700370122608e+00 4.165478007449077147e+00 5.921552651055171701e+00 5.922428304926232734e+00
4.920000000000000000e+02 4.161917440078118702e+00 4.167309779691142246e+00 5.925058540613037827e+00 5.924637091488141216e+00
4.930000000000000000e+02 4.162943232183539344e+00 4.162562705271251495e+00 5.925954690291935556e+00 5.917219796632511297e+00
4.940000000000000000e+02 4.163945883590721486e+00 4.169673508200523848e+00 5.926079774708241210e+00 5.926018036817902512e+00
4.950000000000000000e+02 4.156656348305303617e+00 4.167208881397869824e+00 5.916713463351215729e+00 5.923069805099900442e+00
4.960000000000000000e+02 4.163070958187683246e+00 4.170398529335042959e+00 5.925074160330878748e+00 5.926790466536500546e+00
4.970000000000000000e+02 4.163352749402072561e+00 4.170779457460273676e+00 5.924888775710273059e+00 5.927070096953613643e+00
4.980000000000000000e+02 4.164833623169702292e+00 4.172805978955070216e+00 5.927076985748504612e+00 5.930043389596950654e+00
4.990000000000000000e+02 4.157041281424872281e+00 4.162590091349907873e+00 5.917286502285284300e+00 5.916214417307564588e+00
5.000000000000000000e+02 4.147442871450503610e+00 4.154361807467626733e+00 5.904661741098489181e+00 5.906047167072855153e+00
