# delays[ps] pumped_signal, blocked_signal, pumped_reference, blocked_reference
-2.000000000000000000e+01 4.150116338282442641e+00 4.151830797600819523e+00 5.878726030661874269e+00 5.881136294940622733e+00
-1.800000000000000000e+01 4.135879920066574122e+00 4.137449839237969940e+00 5.859700566747452655e+00 5.862001123732270891e+00
-1.600000000000000000e+01 4.125486421474228393e+00 4.123730642252536605e+00 5.845532308006347932e+00 5.843162403227033508e+00
-1.400000000000000000e+01 4.143445002799531096e+00 4.144931000383174080e+00 5.870326504611177221e+00 5.872526242263647944e+00
-1.200000000000000000e+01 4.143186111159602447e+00 4.136444707529111753e+00 5.868949001693745338e+00 5.859794019962468958e+00
-1.000000000000000000e+01 4.127231870984935824e+00 4.131590168863850110e+00 5.846593740988735632e+00 5.852931344420927218e+00
-8.000000000000000000e+00 4.134455340754477959e+00 4.133966468211479395e+00 5.856675382861426193e+00 5.856202524694698042e+00
-6.000000000000000000e+00 4.137367439547895209e+00 4.140417271132887933e+00 5.861029138482480860e+00 5.865821239005329701e+00
-4.000000000000000000e+00 4.142379890605709214e+00 4.146418919373844325e+00 5.868384371850792647e+00 5.873822059733179834e+00
-2.000000000000000000e+00 4.135419714529088964e+00 4.138778965160167189e+00 5.858757168657811931e+00 5.863367331166464247e+00
-1.000000000000000000e+00 4.131121555486464203e+00 4.133279723568569430e+00 5.852022621085395393e+00 5.855359624860690282e+00
-9.000000000000000222e-01 4.127141464070631649e+00 4.127633700175365128e+00 5.847390437447321787e+00 5.848458755736774428e+00
-8.000000000000000444e-01 4.128403167344307789e+00 4.132474704837743040e+00 5.849384463181672267e+00 5.854705709925259072e+00
-6.999999999999999556e-01 4.137089170113183556e+00 4.132560627969573019e+00 5.860495338967533385e+00 5.854014637745984295e+00
-5.999999999999999778e-01 4.133338662040916489e+00 4.136252841236919053e+00 5.855366595730941981e+00 5.859846229083424340e+00
-5.000000000000000000e-01 4.134118374919780514e+00 4.133798065281689027e+00 5.856819924274546452e+00 5.856613964938945038e+00
-4.000000000000000222e-01 4.129266079439430470e+00 4.125067935753025772e+00 5.849622365788427203e+00 5.843983679900596862e+00
-2.999999999999999889e-01 4.132323358170195249e+00 4.127040165406511640e+00 5.854736219053005009e+00 5.847381146594643475e+00
-2.000000000000000111e-01 4.140221400812499120e+00 4.137551537474322139e+00 5.865011329099328208e+00 5.861838004517933243e+00
-1.000000000000000056e-01 4.138230835564182364e+00 4.139622101697211676e+00 5.862875174935754607e+00 5.864400817846613378e+00
0.000000000000000000e+00 4.134147523439932748e+00 4.138651642599610270e+00 5.857168023695297876e+00 5.863746742091421993e+00
1.000000000000000056e-01 4.137673255869793287e+00 4.136698232837747291e+00 5.863787342140212466e+00 5.860821178860833314e+00
2.000000000000000111e-01 4.132612358209942549e+00 4.134375184242226275e+00 5.858130961760092070e+00 5.857416746870303115e+00
2.999999999999999889e-01 4.135945103020727487e+00 4.137864880899201125e+00 5.865836374316961255e+00 5.863038452488926744e+00
4.000000000000000222e-01 4.118918225121986687e+00 4.127128169726172580e+00 5.844248019946256534e+00 5.847984851485459323e+00
5.000000000000000000e-01 4.125725372737484520e+00 4.132058382438227540e+00 5.854056919087353705e+00 5.854435128181704862e+00
5.999999999999999778e-01 4.130214837638329861e+00 4.142123242373717318e+00 5.860824621089201436e+00 5.868279630451129769e+00
6.999999999999999556e-01 4.127770231326404193e+00 4.133041253213806776e+00 5.857805763881919425e+00 5.855493356115943016e+00
8.000000000000000444e-01 4.122850990260730875e+00 4.130074460205247711e+00 5.851828109524415567e+00 5.851365176446142513e+00
9.000000000000000222e-01 4.126422606710091756e+00 4.134691410547019608e+00 5.856030356090171196e+00 5.857274289068784334e+00
1.000000000000000000e+00 4.137762381755676344e+00 4.151108338208328696e+00 5.871846379828102869e+00 5.879735972400688127e+00
1.100000000000000089e+00 4.135110135393324171e+00 4.143626216921482808e+00 5.868662324307076794e+00 5.869938283336185059e+00
1.199999999999999956e+00 4.138859603778102247e+00 4.147403632591749378e+00 5.873923920861040315e+00 5.874815186140897261e+00
1.300000000000000044e+00 4.134975685350063657e+00 4.145504595348394439e+00 5.869247293611014271e+00 5.872371531363890895e+00
1.399999999999999911e+00 4.135812814913643720e+00 4.141468448504586952e+00 5.871023339245115658e+00 5.867842244667655471e+00
1.500000000000000000e+00 4.124352202622024954e+00 4.130282823155660310e+00 5.855248394601860085e+00 5.852001078429037051e+00
1.600000000000000089e+00 4.115738588236391493e+00 4.125325706526697722e+00 5.844132228298722254e+00 5.845795205444483500e+00
1.699999999999999956e+00 4.134130305952091966e+00 4.137647710926226630e+00 5.867839200600019289e+00 5.861873880244792723e+00
1.800000000000000044e+00 4.127971144636125800e+00 4.133352192586296603e+00 5.860109201074858554e+00 5.855873801831871894e+00
1.899999999999999911e+00 4.125817540384974613e+00 4.130641651318689433e+00 5.857059595125654106e+00 5.852572676855981371e+00
2.000000000000000000e+00 4.136905071741888484e+00 4.146187014613867738e+00 5.872509503904191241e+00 5.873763201657093980e+00
3.000000000000000000e+00 4.125430846416146657e+00 4.139870581449740072e+00 5.857412659248057096e+00 5.866169896499025427e+00
4.000000000000000000e+00 4.126402587413682710e+00 4.135661708426534133e+00 5.857792550237729934e+00 5.859749332939276023e+00
5.000000000000000000e+00 4.132832330289163636e+00 4.138186792379523027e+00 5.865153950249469617e+00 5.862557584582003933e+00
6.000000000000000000e+00 4.141715728032787425e+00 4.145589157287994375e+00 5.876277650028776556e+00 5.872258942113250946e+00
7.000000000000000000e+00 4.135612060939600099e+00 4.140195858187526667e+00 5.867966767162474007e+00 5.865741084683284257e+00
8.000000000000000000e+00 4.133468706740409893e+00 4.139524648093661163e+00 5.863943334284884124e+00 5.864160586105390038e+00
9.000000000000000000e+00 4.135352209806589130e+00 4.136402667481132056e+00 5.866219708921744491e+00 5.860300354258473732e+00
1.000000000000000000e+01 4.134462227561352066e+00 4.139136992878822419e+00 5.864821146093317950e+00 5.864394413429599773e+00
1.100000000000000000e+01 4.126591171320685092e+00 4.132106268155379958e+00 5.853656531348734759e+00 5.854258154306786643e+00
1.200000000000000000e+01 4.115460159157464659e+00 4.122035481780010002e+00 5.837599235616623972e+00 5.840154357918967420e+00
1.300000000000000000e+01 4.124675076813515417e+00 4.129786903874871129e+00 5.850676032224118472e+00 5.851806250738787796e+00
1.400000000000000000e+01 4.133054145092379450e+00 4.134923635141945830e+00 5.862287242425407996e+00 5.859103347675860718e+00
1.500000000000000000e+01 4.120411829653287228e+00 4.125382079954972525e+00 5.844929960512195599e+00 5.845659790440476122e+00
1.600000000000000000e+01 4.130888370063810378e+00 4.134907539305808122e+00 5.858204634452029325e+00 5.857674116717287660e+00
1.700000000000000000e+01 4.134621582432737696e+00 4.139935284519444814e+00 5.864091157822780787e+00 5.865213927832138907e+00
1.800000000000000000e+01 4.132867084067288310e+00 4.136071865498685440e+00 5.861729099517666519e+00 5.860117931747883091e+00
1.900000000000000000e+01 4.132985038723955284e+00 4.137446637297952812e+00 5.861571747914211983e+00 5.862004169860972169e+00
2.000000000000000000e+01 4.129573976820084980e+00 4.136192942436742293e+00 5.857239292326751112e+00 5.861095842205925166e+00
2.100000000000000000e+01 4.125403701413496549e+00 4.123984888385906267e+00 5.851071855639009556e+00 5.843601710665343063e+00
2.200000000000000000e+01 4.127742445000285976e+00 4.128830457867505466e+00 5.854567576000654583e+00 5.850418420158579380e+00
2.300000000000000000e+01 4.123807517720669225e+00 4.125426043588854341e+00 5.848581916991666851e+00 5.845488666984579140e+00
2.400000000000000000e+01 4.127439832980243750e+00 4.130449145305661318e+00 5.852509897202321731e+00 5.851970011555080120e+00
2.500000000000000000e+01 4.126058815952423409e+00 4.134758035651110220e+00 5.850611329270411609e+00 5.858086841062301708e+00
2.600000000000000000e+01 4.135817939601822424e+00 4.135372789183485942e+00 5.863791264295882932e+00 5.858905232951632236e+00
2.700000000000000000e+01 4.130221324479484757e+00 4.131202834637438315e+00 5.856727677880902760e+00 5.853305710325108713e+00
2.800000000000000000e+01 4.128748939428797726e+00 4.133808555538760032e+00 5.854199058445196613e+00 5.856628058859587149e+00
2.900000000000000000e+01 4.125907147989365420e+00 4.129750148627498341e+00 5.850494652368979587e+00 5.851791437303849541e+00
3.000000000000000000e+01 4.135030137527409444e+00 4.140042908601488492e+00 5.862936513940283589e+00 5.865370399873827800e+00
3.100000000000000000e+01 4.129209543980260300e+00 4.124359410890016342e+00 5.855940508793157306e+00 5.844730808847041104e+00
3.200000000000000000e+01 4.132318873771044565e+00 4.134336907763429991e+00 5.859010295877994601e+00 5.857663148077925541e+00
3.300000000000000000e+01 4.127549137409150859e+00 4.126187180171685398e+00 5.852959610642289867e+00 5.846566915616295823e+00
3.400000000000000000e+01 4.124912826704381530e+00 4.124812889657572867e+00 5.848775863644018358e+00 5.844635996191160032e+00
3.500000000000000000e+01 4.136276864291033917e+00 4.135302641953674474e+00 5.864556970325043750e+00 5.858805057356261337e+00
3.600000000000000000e+01 4.141221569997408203e+00 4.148149555032560443e+00 5.871133527112615269e+00 5.876482088742932319e+00
3.700000000000000000e+01 4.130126832128315328e+00 4.133239364384809100e+00 5.855767221357220720e+00 5.855850902270900882e+00
3.800000000000000000e+01 4.124543750122586339e+00 4.121728706265406217e+00 5.848779468855711094e+00 5.840279203170436695e+00
3.900000000000000000e+01 4.127151072917164321e+00 4.133195882955768674e+00 5.852435663181894121e+00 5.856475911992339967e+00
4.000000000000000000e+01 4.127047692592622496e+00 4.133167934756804662e+00 5.852776794162784846e+00 5.856876858716976386e+00
4.100000000000000000e+01 4.133356117922592610e+00 4.138611124393109186e+00 5.861360903029550151e+00 5.864268932646404586e+00
4.200000000000000000e+01 4.120483901108661584e+00 4.123154806992639365e+00 5.843351309813214378e+00 5.842693873062366094e+00
4.300000000000000000e+01 4.127371526267803681e+00 4.136094368011943523e+00 5.852445192486474213e+00 5.860192646537242034e+00
4.400000000000000000e+01 4.127395710074853952e+00 4.130152458107606783e+00 5.852595980250248964e+00 5.852064263109831188e+00
4.500000000000000000e+01 4.119754155407155061e+00 4.126547448474879864e+00 5.842387654081701243e+00 5.847323490411170610e+00
4.600000000000000000e+01 4.125673882934745684e+00 4.126085242263441977e+00 5.849970224339461566e+00 5.846028714179531072e+00
4.700000000000000000e+01 4.126590610537850701e+00 4.132165765659340906e+00 5.851351969232360339e+00 5.855211321034097693e+00
4.800000000000000000e+01 4.124338350517242624e+00 4.124619742558730096e+00 5.848668398529720314e+00 5.844923315286070675e+00
4.900000000000000000e+01 4.122802544230893318e+00 4.123477117877348164e+00 5.845980664618684486e+00 5.843147992023163262e+00
5.000000000000000000e+01 4.117576046096703024e+00 4.118147960886177295e+00 5.839240269402602657e+00 5.835981023263783207e+00
5.100000000000000000e+01 4.118196006037176282e+00 4.122672257929854034e+00 5.840033840994258263e+00 5.842345208254502431e+00
5.200000000000000000e+01 4.120244789101784377e+00 4.123403206727324743e+00 5.841844082321622444e+00 5.842645103949608121e+00
5.300000000000000000e+01 4.128737088190222337e+00 4.129896210208086949e+00 5.853683517574356898e+00 5.851338837837575468e+00
5.400000000000000000e+01 4.133753782919898256e+00 4.136197268146068140e+00 5.860417665782357233e+00 5.860023203138473136e+00
5.500000000000000000e+01 4.130547640050999725e+00 4.133293016720284818e+00 5.855754971130179953e+00 5.855859792036504530e+00
5.600000000000000000e+01 4.133239525848765084e+00 4.134928199822082817e+00 5.859252294156426011e+00 5.858027341759914464e+00
5.700000000000000000e+01 4.124398330263836954e+00 4.130215479916550692e+00 5.847536021814127238e+00 5.852237713970718680e+00
5.800000000000000000e+01 4.130713319723448684e+00 4.136236984959699825e+00 5.855706842490318920e+00 5.860380185902461569e+00
5.900000000000000000e+01 4.128412132917075539e+00 4.129586229981089929e+00 5.852712731400038670e+00 5.851129033144777836e+00
6.000000000000000000e+01 4.124270285895063282e+00 4.125771657802602022e+00 5.847247900449284330e+00 5.846057859853043048e+00
6.100000000000000000e+01 4.118714428577204600e+00 4.123136708589725252e+00 5.839485549966526357e+00 5.842496558785387428e+00
6.200000000000000000e+01 4.117884905043491806e+00 4.122391986987962831e+00 5.838098198639303682e+00 5.841305958505508933e+00
6.300000000000000000e+01 4.111492800866851205e+00 4.119163502228008866e+00 5.829185456369978979e+00 5.836541964562334428e+00
6.400000000000000000e+01 4.115754923798790266e+00 4.117220181866717787e+00 5.835275213600987776e+00 5.833887143639071127e+00
6.500000000000000000e+01 4.130768653123257472e+00 4.133303585961517257e+00 5.855933862900206677e+00 5.856316953917294121e+00
6.600000000000000000e+01 4.132519948113793085e+00 4.129349600298598766e+00 5.857733213042587650e+00 5.850293578650834547e+00
6.700000000000000000e+01 4.124767726012705360e+00 4.125262124096756189e+00 5.847343029394120428e+00 5.844984173946305539e+00
6.800000000000000000e+01 4.127868968121597426e+00 4.129977808637704584e+00 5.850914905339214656e+00 5.850581139350778059e+00
6.900000000000000000e+01 4.116616798755369011e+00 4.120228774184877985e+00 5.835994955934778794e+00 5.838166747510516785e+00
7.000000000000000000e+01 4.123437639762933316e+00 4.125704154206572660e+00 5.845817228202787597e+00 5.845586446198939967e+00
7.100000000000000000e+01 4.132303899935151570e+00 4.137408279131416400e+00 5.857105805575127278e+00 5.860768885403602191e+00
7.200000000000000000e+01 4.123835865451018101e+00 4.132941396436819126e+00 5.846025111051940115e+00 5.854994150193953750e+00
7.300000000000000000e+01 4.128534331881812847e+00 4.131431534968397656e+00 5.853270155438818456e+00 5.853513990064713290e+00
7.400000000000000000e+01 4.126583803423373276e+00 4.132244161764214496e+00 5.850853643178787422e+00 5.855058773497370694e+00
7.500000000000000000e+01 4.111955407284907160e+00 4.120077586330014974e+00 5.831376623740971432e+00 5.838845723578032221e+00
7.600000000000000000e+01 4.110422964704177673e+00 4.116636817894029576e+00 5.828691533752439646e+00 5.833297531957207127e+00
7.700000000000000000e+01 4.121844018015366373e+00 4.125034304784131578e+00 5.843915139840775375e+00 5.844238412075943856e+00
7.800000000000000000e+01 4.125952873357647377e+00 4.124066408245000481e+00 5.850339544645109413e+00 5.843591543371084995e+00
7.900000000000000000e+01 4.131836967547799055e+00 4.132300856575837678e+00 5.858383126364858029e+00 5.854881560911024074e+00
8.000000000000000000e+01 4.126461605231941832e+00 4.133895439881098532e+00 5.850885754504323799e+00 5.857119257388984757e+00
8.100000000000000000e+01 4.127559467871900978e+00 4.130004394460049966e+00 5.852594937142487908e+00 5.851865748981239790e+00
8.200000000000000000e+01 4.122660887980835298e+00 4.117469465648296634e+00 5.845556734733057702e+00 5.834014314293754389e+00
8.300000000000000000e+01 4.119425116489093597e+00 4.118707062698687693e+00 5.840934719796801566e+00 5.835773223042273194e+00
8.400000000000000000e+01 4.118244293986305316e+00 4.128572208465268290e+00 5.839969061281533591e+00 5.850216305140905959e+00
8.500000000000000000e+01 4.114102526227725320e+00 4.119996868769804088e+00 5.834004382077812245e+00 5.838192369737966736e+00
8.600000000000000000e+01 4.126352218452924880e+00 4.129145482026244984e+00 5.850215500193280960e+00 5.850225750613486930e+00
8.700000000000000000e+01 4.124796793558740404e+00 4.127327242279938524e+00 5.847669425211122096e+00 5.847612809292370706e+00
8.800000000000000000e+01 4.131606103040874167e+00 4.133759147632168229e+00 5.856528839903297978e+00 5.856590181859795408e+00
8.900000000000000000e+01 4.134560162988257126e+00 4.133615249066542319e+00 5.861185772001431538e+00 5.856276438699707931e+00
9.000000000000000000e+01 4.122584654632160728e+00 4.127634101337070760e+00 5.844213029130218118e+00 5.847456422979876223e+00
9.100000000000000000e+01 4.128606001241313272e+00 4.133119089211241715e+00 5.852601825474472719e+00 5.855249681061666323e+00
9.200000000000000000e+01 4.127530240094334779e+00 4.128369132629500449e+00 5.851652982448679374e+00 5.848166713572035214e+00
9.300000000000000000e+01 4.121631011065070460e+00 4.127250849674091171e+00 5.843781167324383574e+00 5.846777200390388174e+00
9.400000000000000000e+01 4.119921917558697189e+00 4.130444018606807433e+00 5.842158150421703944e+00 5.851803845043414221e+00
9.500000000000000000e+01 4.128617212486922483e+00 4.130103690838376806e+00 5.854496229018987918e+00 5.851345003326176020e+00
9.600000000000000000e+01 4.126876487464149257e+00 4.134949178982491702e+00 5.852056094855218937e+00 5.857525970932832671e+00
9.700000000000000000e+01 4.125834840014469762e+00 4.131533714993580908e+00 5.852110869901341772e+00 5.853722756329402088e+00
9.800000000000000000e+01 4.130765209862138576e+00 4.135079065904626816e+00 5.858870239091920951e+00 5.858410354434156808e+00
9.900000000000000000e+01 4.125798323624963793e+00 4.133055026234759843e+00 5.852193827728741304e+00 5.855575835523148420e+00
1.000000000000000000e+02 4.129413982271632477e+00 4.133045096529552431e+00 5.856964385864443123e+00 5.854854573763905279e+00
1.010000000000000000e+02 4.118306752826708994e+00 4.123540699266403209e+00 5.841546190763186708e+00 5.842118109897342926e+00
1.020000000000000000e+02 4.119905180731237238e+00 4.122555426088318598e+00 5.844100277468314175e+00 5.840657250118058030e+00
1.030000000000000000e+02 4.122832093388412389e+00 4.130728214515767327e+00 5.847983494252631864e+00 5.851608617732099837e+00
1.040000000000000000e+02 4.126184056834423686e+00 4.134579061766247676e+00 5.853692885407120627e+00 5.857243619062669993e+00
1.050000000000000000e+02 4.122854515394321240e+00 4.132079041271020436e+00 5.848575190550065805e+00 5.853969231834359910e+00
1.060000000000000000e+02 4.127708733135827757e+00 4.136412275875214206e+00 5.855116351753840931e+00 5.859638027545732264e+00
1.070000000000000000e+02 4.131675450988445242e+00 4.137258534615411598e+00 5.860224997246215928e+00 5.860092468709255265e+00
1.080000000000000000e+02 4.130768974458678855e+00 4.136126399531044662e+00 5.859138742820393375e+00 5.858685662154258900e+00
1.090000000000000000e+02 4.138129697045664024e+00 4.145430523277122248e+00 5.869582577251407862e+00 5.871672770659052354e+00
1.100000000000000000e+02 4.128854320564744995e+00 4.129717156894396446e+00 5.856766993741344685e+00 5.849844824614747196e+00
1.110000000000000000e+02 4.135682288755906377e+00 4.136544483417590179e+00 5.866867217301061643e+00 5.859984203017199356e+00
1.120000000000000000e+02 4.131600019189290762e+00 4.138402764783839061e+00 5.861661678028750266e+00 5.862435475407537844e+00
1.130000000000000000e+02 4.133284769706256689e+00 4.136479220644588395e+00 5.864196463274894633e+00 5.859771517321449963e+00
1.140000000000000000e+02 4.124500748214852131e+00 4.127434146819245697e+00 5.851789916064454644e+00 5.847289217544774154e+00
1.150000000000000000e+02 4.120941623436647383e+00 4.130740547415358677e+00 5.847115128666375838e+00 5.851823949738854225e+00
1.160000000000000000e+02 4.134269962136523091e+00 4.134693892825251460e+00 5.866037691064194703e+00 5.857315929116891695e+00
1.170000000000000000e+02 4.133810157519607564e+00 4.139699776893805527e+00 5.864991955138799895e+00 5.863537418121970823e+00
1.180000000000000000e+02 4.129822540195588587e+00 4.138247091955819634e+00 5.859874343146341147e+00 5.861688822903315277e+00
1.190000000000000000e+02 4.129893326968330669e+00 4.140455788539193271e+00 5.860214989664602747e+00 5.865026145968959881e+00
1.200000000000000000e+02 4.130885245272005513e+00 4.135911391373457313e+00 5.862665208053009280e+00 5.859194316728215668e+00
1.210000000000000000e+02 4.127130172692980992e+00 4.131415440512280490e+00 5.858652029375234882e+00 5.854065009106871109e+00
1.220000000000000000e+02 4.125334194134582688e+00 4.128756707444976470e+00 5.856228471036519778e+00 5.850172263267120698e+00
1.230000000000000000e+02 4.121033072511194995e+00 4.128264390611152912e+00 5.850604684135086053e+00 5.849056216841077571e+00
1.240000000000000000e+02 4.120780267573727507e+00 4.130095523894941500e+00 5.850370936115601772e+00 5.851377997987164292e+00
1.250000000000000000e+02 4.126160434740405947e+00 4.137115356459467819e+00 5.857904824074172012e+00 5.860990703498949017e+00
1.260000000000000000e+02 4.123782453372197843e+00 4.133699411106772637e+00 5.854937698502429733e+00 5.855948681380115595e+00
1.270000000000000000e+02 4.117379377897775861e+00 4.127108232112481012e+00 5.846545139918069012e+00 5.846734039635661517e+00
1.280000000000000000e+02 4.122359476521769039e+00 4.128119211141202172e+00 5.853669666145718153e+00 5.848009361573347498e+00
1.290000000000000000e+02 4.121495280747071277e+00 4.129059481026419398e+00 5.852733316985224477e+00 5.849455728076822680e+00
1.300000000000000000e+02 4.115964328120328197e+00 4.129153091008646470e+00 5.844990987408959171e+00 5.849778280049509505e+00
1.310000000000000000e+02 4.113250020556356468e+00 4.128562118753394294e+00 5.840929755611038665e+00 5.848780748889135239e+00
1.320000000000000000e+02 4.117519592673819950e+00 4.125249714010669422e+00 5.846432147436265936e+00 5.843908893640029412e+00
1.330000000000000000e+02 4.122521873467173137e+00 4.123444368445263741e+00 5.853570769246672967e+00 5.841762330453073915e+00
1.340000000000000000e+02 4.120778986930787369e+00 4.126379447357652275e+00 5.850699497264555404e+00 5.845689345188289643e+00
1.350000000000000000e+02 4.122791895363962844e+00 4.127653321375002626e+00 5.853350396381747700e+00 5.847866185499213110e+00
1.360000000000000000e+02 4.133552709607368314e+00 4.141651747764017344e+00 5.867643497596371382e+00 5.866969801180834665e+00
1.370000000000000000e+02 4.126921491671208919e+00 4.135062410802415656e+00 5.857928127847362276e+00 5.857675082135221700e+00
1.380000000000000000e+02 4.125758928595158359e+00 4.136084520214253324e+00 5.856453979799443488e+00 5.859405245451997146e+00
1.390000000000000000e+02 4.130520893978098407e+00 4.134151288802047297e+00 5.863608449163948855e+00 5.857594202942729034e+00
1.400000000000000000e+02 4.136312900417155269e+00 4.146247314602422129e+00 5.871230024429256567e+00 5.874268897949610491e+00
1.410000000000000000e+02 4.128603357910863636e+00 4.134083542559968905e+00 5.859927267977425913e+00 5.856845552805958199e+00
1.420000000000000000e+02 4.124126626236923165e+00 4.136657873449368417e+00 5.854004149807333413e+00 5.860467634048661445e+00
1.430000000000000000e+02 4.132132454275927458e+00 4.144463427041582548e+00 5.864658912537466406e+00 5.870629675356485500e+00
1.440000000000000000e+02 4.126035113783886210e+00 4.137003567748810617e+00 5.856670985010211439e+00 5.861059168557564369e+00
1.450000000000000000e+02 4.121667525946714150e+00 4.127674861249023053e+00 5.850138709319295138e+00 5.847937452037065498e+00
1.460000000000000000e+02 4.132695158602635921e+00 4.140826548589736866e+00 5.865156195477640999e+00 5.865831012088109198e+00
1.470000000000000000e+02 4.123219188666254809e+00 4.127347183755377458e+00 5.852757258871831958e+00 5.848051482008137292e+00
1.480000000000000000e+02 4.120355056619875889e+00 4.123136228456039554e+00 5.848313176251221712e+00 5.841221559678529296e+00
1.490000000000000000e+02 4.117879140486762068e+00 4.128238606638682917e+00 5.844191087312475830e+00 5.848083513427469349e+00
1.500000000000000000e+02 4.117581332533225336e+00 4.129338550166810506e+00 5.843490646844595737e+00 5.849540848122162906e+00
1.510000000000000000e+02 4.116423172081369763e+00 4.126552975465774153e+00 5.842128042787484432e+00 5.845944233514119404e+00
1.520000000000000000e+02 4.134662742356305820e+00 4.133995218104284497e+00 5.867315974750622054e+00 5.855251445252037890e+00
1.530000000000000000e+02 4.124508756565406387e+00 4.125536553535305906e+00 5.854046672557457143e+00 5.844411787961869997e+00
1.540000000000000000e+02 4.118065801931282799e+00 4.125111340426366624e+00 5.844689174038544266e+00 5.843723433992494165e+00
1.550000000000000000e+02 4.108353282051045774e+00 4.115115187747915293e+00 5.832587964104192224e+00 5.831170350036993355e+00
1.560000000000000000e+02 4.097006061799207011e+00 4.105729223371918479e+00 5.817378375842948479e+00 5.818814491376986808e+00
1.570000000000000000e+02 4.098472120132091057e+00 4.099641974048334525e+00 5.819543039653120253e+00 5.809770821395583873e+00
1.580000000000000000e+02 4.105893862498295022e+00 4.115658112274284797e+00 5.828906785706391425e+00 5.831214950780500672e+00
1.590000000000000000e+02 4.107576932740549580e+00 4.113725522542523549e+00 5.832289599606235164e+00 5.829286436879566935e+00
1.600000000000000000e+02 4.114107411773937351e+00 4.120593849138092679e+00 5.840792906595744682e+00 5.838134080110604529e+00
1.610000000000000000e+02 4.117299861356292112e+00 4.129895491315525469e+00 5.844656263927854312e+00 5.850447976407245676e+00
1.620000000000000000e+02 4.112879101999673104e+00 4.119326541936615627e+00 5.839478185177004121e+00 5.836645030112684651e+00
1.630000000000000000e+02 4.124417308569190865e+00 4.126972662021029414e+00 5.855618763129398552e+00 5.847181357803996171e+00
1.640000000000000000e+02 4.124435484991734846e+00 4.129351203913467216e+00 5.855610511735725332e+00 5.850634636048241966e+00
1.650000000000000000e+02 4.130366744837086657e+00 4.141304049963226319e+00 5.863200532570171042e+00 5.866662138316640629e+00
1.660000000000000000e+02 4.123485046896649742e+00 4.132135017708970182e+00 5.853933205349532543e+00 5.853879070391624140e+00
1.670000000000000000e+02 4.122132376972134082e+00 4.127253894619692609e+00 5.851888574497866813e+00 5.847321415078912565e+00
1.680000000000000000e+02 4.125562416781623831e+00 4.134104283601401697e+00 5.856726640437001308e+00 5.857038383081644817e+00
1.690000000000000000e+02 4.117333974823606191e+00 4.132200281136103825e+00 5.845181736222651914e+00 5.854001109868104180e+00
1.700000000000000000e+02 4.116091972871279481e+00 4.125948472211241835e+00 5.842995850382445511e+00 5.845066344601096198e+00
1.710000000000000000e+02 4.110205317051598861e+00 4.122059668312647140e+00 5.835439865353226452e+00 5.840517599813112248e+00
1.720000000000000000e+02 4.118122017215110731e+00 4.130025696343808228e+00 5.846354316015296426e+00 5.851502038710598264e+00
1.730000000000000000e+02 4.123137990883486204e+00 4.135149774289678781e+00 5.853595116154067135e+00 5.859063950052219027e+00
1.740000000000000000e+02 4.114321458870533910e+00 4.120911836237968195e+00 5.840969558294350605e+00 5.838607418832966189e+00
1.750000000000000000e+02 4.112941722925179455e+00 4.124018762583535391e+00 5.839144181268254741e+00 5.843381580449433343e+00
1.760000000000000000e+02 4.120479657115857286e+00 4.129007510272547421e+00 5.848828797482036101e+00 5.849323598160602877e+00
1.770000000000000000e+02 4.125220325701979718e+00 4.139796831529301890e+00 5.854398856420353958e+00 5.863614775218175090e+00
1.780000000000000000e+02 4.137979872765925826e+00 4.142499047104400312e+00 5.872941926705852467e+00 5.867893337582339441e+00
1.790000000000000000e+02 4.133366688946733092e+00 4.142838255576023698e+00 5.867201786238090300e+00 5.868896153318066133e+00
1.800000000000000000e+02 4.125215280223226699e+00 4.139644204156385676e+00 5.855864039827609169e+00 5.864719851120404392e+00
1.810000000000000000e+02 4.130764731351952435e+00 4.144031250499944363e+00 5.863069689146841235e+00 5.869923313162511036e+00
1.820000000000000000e+02 4.120507846311131317e+00 4.129146367343891733e+00 5.848945876768774532e+00 5.849186432225740973e+00
1.830000000000000000e+02 4.124510278784904393e+00 4.135943663737938536e+00 5.853938009076967042e+00 5.858511815996891414e+00
1.840000000000000000e+02 4.124391764428486873e+00 4.135335315373375842e+00 5.854631484493036275e+00 5.858071068438108320e+00
1.850000000000000000e+02 4.125227372838784490e+00 4.134718558740827277e+00 5.855465975416647595e+00 5.856896807264156735e+00
1.860000000000000000e+02 4.126107582771079585e+00 4.134526131633832868e+00 5.856059346834854296e+00 5.856002815279518714e+00
1.870000000000000000e+02 4.136512852467366663e+00 4.143309271940516680e+00 5.872018387164956721e+00 5.868789811203134477e+00
1.880000000000000000e+02 4.135365743249832526e+00 4.139876269127369390e+00 5.870779585014121338e+00 5.864369831701153224e+00
1.890000000000000000e+02 4.133307991244930868e+00 4.142280835385687254e+00 5.867645335255756045e+00 5.867662071081917396e+00
1.900000000000000000e+02 4.133111641038107464e+00 4.143299901097774018e+00 5.867978859176575135e+00 5.869360441364483982e+00
1.910000000000000000e+02 4.124468316488724362e+00 4.132843622762493396e+00 5.855541884258816943e+00 5.854414228877387494e+00
1.920000000000000000e+02 4.141543802152396481e+00 4.148724031668734824e+00 5.879075653109125277e+00 5.875857803343823349e+00
1.930000000000000000e+02 4.137347821270633830e+00 4.145635762750379705e+00 5.873257834739060712e+00 5.872151158267848281e+00
1.940000000000000000e+02 4.126826439753313203e+00 4.135582354918939885e+00 5.858675575079963949e+00 5.857967208878450016e+00
1.950000000000000000e+02 4.131166559630491619e+00 4.139411259554125699e+00 5.864391773353938575e+00 5.862916018947240460e+00
1.960000000000000000e+02 4.134119257278531023e+00 4.144976965601549601e+00 5.868746568850452761e+00 5.871561626196096562e+00
1.970000000000000000e+02 4.141904310875140993e+00 4.147987237986493270e+00 5.879720759938339647e+00 5.875576728446797681e+00
1.980000000000000000e+02 4.137047372574654602e+00 4.147671333340069211e+00 5.872320048547104321e+00 5.874754251543707895e+00
1.990000000000000000e+02 4.138820126429931356e+00 4.148237961373387073e+00 5.874427853257683019e+00 5.875196200301349592e+00
2.000000000000000000e+02 4.141496555989474970e+00 4.153485359240765007e+00 5.878169570604261374e+00 5.883062889541089469e+00
2.010000000000000000e+02 4.143297019081273902e+00 4.155369343179450503e+00 5.880027218865847338e+00 5.884539927477265842e+00
2.020000000000000000e+02 4.143452769654535572e+00 4.155705188364374969e+00 5.879876992418470394e+00 5.885463386225735505e+00
2.030000000000000000e+02 4.140046752474989766e+00 4.153199641966098810e+00 5.875185226875599298e+00 5.882082573907549516e+00
2.040000000000000000e+02 4.146293438004053478e+00 4.153089296567549660e+00 5.884274226675795916e+00 5.881769072869505344e+00
2.050000000000000000e+02 4.150330065745362340e+00 4.162660238801112911e+00 5.889340677417846059e+00 5.894675223171606859e+00
2.060000000000000000e+02 4.149041938107312255e+00 4.157078197430823963e+00 5.887467812966895586e+00 5.886818705070839819e+00
2.070000000000000000e+02 4.147712092793214289e+00 4.159568367179057091e+00 5.886012081938866380e+00 5.890632573533476801e+00
2.080000000000000000e+02 4.145175956758332170e+00 4.153597629262059776e+00 5.882770524932464440e+00 5.882438846319187675e+00
2.090000000000000000e+02 4.140516168314118062e+00 4.147824680665950225e+00 5.876775738342038480e+00 5.874589928612761192e+00
2.100000000000000000e+02 4.130770655980555262e+00 4.137491881618281298e+00 5.862945324918000800e+00 5.859766875407679265e+00
2.110000000000000000e+02 4.146303608768217686e+00 4.150984459696618778e+00 5.884757899746976939e+00 5.878880904526813111e+00
2.120000000000000000e+02 4.141161752159614906e+00 4.150696821472236842e+00 5.877862872984752407e+00 5.878535368904127978e+00
2.130000000000000000e+02 4.142188106537096459e+00 4.152132050357771220e+00 5.878883708731658331e+00 5.879953868081107871e+00
2.140000000000000000e+02 4.143111639913493072e+00 4.152621964678570698e+00 5.880607784260517334e+00 5.880583761180424140e+00
2.150000000000000000e+02 4.144982170736641436e+00 4.148958819858090230e+00 5.883216162711138786e+00 5.875894241360993142e+00
2.160000000000000000e+02 4.145239219114999152e+00 4.154383429520947857e+00 5.882640561649373545e+00 5.882296226824927921e+00
2.170000000000000000e+02 4.144050467532188087e+00 4.151649503742006253e+00 5.882218868617767882e+00 5.879618022513393605e+00
2.180000000000000000e+02 4.140628757249559477e+00 4.153021951176813609e+00 5.878013421964550567e+00 5.881539809245359685e+00
2.190000000000000000e+02 4.141677852360513334e+00 4.154207338572719621e+00 5.878580292689496112e+00 5.882530933561713304e+00
2.200000000000000000e+02 4.137574921231074399e+00 4.149663660299764523e+00 5.873529139274116240e+00 5.876643845691998713e+00
2.210000000000000000e+02 4.134246100376279820e+00 4.147518224888117722e+00 5.869156968959052811e+00 5.874541643996487927e+00
2.220000000000000000e+02 4.142075917854201705e+00 4.148752060075213244e+00 5.880659355469767924e+00 5.876287905234834241e+00
2.230000000000000000e+02 4.142563428928567326e+00 4.149225717858090690e+00 5.881407601273330954e+00 5.876859579538728617e+00
2.240000000000000000e+02 4.136250360162484263e+00 4.145885285069256909e+00 5.872176385795303766e+00 5.872194963099802045e+00
2.250000000000000000e+02 4.133059912358139520e+00 4.144472798149699599e+00 5.867399659664038758e+00 5.869438362419630906e+00
2.260000000000000000e+02 4.139017997973240881e+00 4.150287865716421720e+00 5.875764994022351750e+00 5.877502764602635210e+00
2.270000000000000000e+02 4.140519850974127891e+00 4.149968515780117606e+00 5.878196317450313124e+00 5.877599015981082253e+00
2.280000000000000000e+02 4.142376047457324795e+00 4.153682510060096256e+00 5.880865313396126837e+00 5.882802396213850926e+00
2.290000000000000000e+02 4.139633313838142925e+00 4.147368961271516774e+00 5.876863903906605735e+00 5.873872275210711535e+00
2.300000000000000000e+02 4.138523599313800538e+00 4.148693121609416501e+00 5.875675786896841224e+00 5.875802789478059118e+00
2.310000000000000000e+02 4.144269320147602187e+00 4.156418278495205954e+00 5.882903456690580235e+00 5.885949218574487496e+00
2.320000000000000000e+02 4.141369474934911921e+00 4.150552682346682509e+00 5.878422301972503483e+00 5.877153866175579111e+00
2.330000000000000000e+02 4.138282326618240248e+00 4.151920005345465903e+00 5.874581684883918520e+00 5.879651014067992953e+00
2.340000000000000000e+02 4.130129796869932868e+00 4.142235752445985852e+00 5.863171468112126306e+00 5.865933591765148059e+00
2.350000000000000000e+02 4.126471536236905102e+00 4.136668204846415620e+00 5.859535291152644376e+00 5.860043545434807655e+00
2.360000000000000000e+02 4.144954462175550525e+00 4.151744075097044906e+00 5.884657479757027687e+00 5.879605690073606894e+00
2.370000000000000000e+02 4.140651097083982712e+00 4.151741191354049398e+00 5.878905324395843124e+00 5.880016807207870677e+00
2.380000000000000000e+02 4.145392327349894934e+00 4.152825602478587896e+00 5.885524967546551522e+00 5.881791497829208737e+00
2.390000000000000000e+02 4.142785803348759011e+00 4.149725401228217869e+00 5.881821361510505497e+00 5.877543523859968033e+00
2.400000000000000000e+02 4.145604851646838007e+00 4.156152420128195857e+00 5.885637393027535857e+00 5.886230689478627376e+00
2.410000000000000000e+02 4.137429660242046836e+00 4.146982507191889766e+00 5.873090230946552914e+00 5.872476517429809029e+00
2.420000000000000000e+02 4.143625335089478945e+00 4.148694244203540826e+00 5.881343134028409914e+00 5.874930585188068655e+00
2.430000000000000000e+02 4.137324518910141080e+00 4.145185727865428937e+00 5.873395809549551316e+00 5.870706154646954111e+00
2.440000000000000000e+02 4.150151252142340930e+00 4.160682565970320823e+00 5.891116643355024607e+00 5.892098160289865660e+00
2.450000000000000000e+02 4.144617256181841292e+00 4.152125805687346904e+00 5.883070417048698708e+00 5.879995912795648927e+00
2.460000000000000000e+02 4.135914835028674297e+00 4.149276085928854663e+00 5.871387617401945924e+00 5.876274848807909734e+00
2.470000000000000000e+02 4.134141038897204190e+00 4.147676617765014839e+00 5.868181941090042208e+00 5.873600887651865499e+00
2.480000000000000000e+02 4.129441049712914591e+00 4.135349969592152952e+00 5.861952440844679479e+00 5.857032218198222395e+00
2.490000000000000000e+02 4.126190463825784249e+00 4.137188948204811645e+00 5.857578266658766353e+00 5.859916059794483267e+00
2.500000000000000000e+02 4.129036577723661949e+00 4.138335097389338912e+00 5.860818696654152227e+00 5.860940015407239301e+00
2.510000000000000000e+02 4.145158019609525901e+00 4.149335983837382003e+00 5.882884476433932086e+00 5.875444761303089791e+00
2.520000000000000000e+02 4.143629260243114842e+00 4.154899689002360397e+00 5.880444023267488163e+00 5.883198543895985289e+00
2.530000000000000000e+02 4.137313148551418962e+00 4.153101468185379730e+00 5.872715309422894769e+00 5.881384137936622736e+00
2.540000000000000000e+02 4.147324595766203714e+00 4.153345303994662174e+00 5.885755907213433780e+00 5.881239276589334430e+00
2.550000000000000000e+02 4.137122883587364797e+00 4.148980360292513936e+00 5.871048645988750536e+00 5.874743841380080767e+00
2.560000000000000000e+02 4.130869312014480599e+00 4.139909741652485486e+00 5.863506912780109381e+00 5.863356926919213841e+00
2.570000000000000000e+02 4.134378948630093475e+00 4.145523575824867635e+00 5.867689701041364003e+00 5.870403222721972014e+00
2.580000000000000000e+02 4.144493937850866061e+00 4.153371329608606111e+00 5.881905526869519285e+00 5.881405759671466171e+00
2.590000000000000000e+02 4.139348478721814217e+00 4.155614060895083561e+00 5.874196510898587853e+00 5.884019343614572684e+00
2.600000000000000000e+02 4.138641312648445592e+00 4.149057954744979959e+00 5.874092485152192289e+00 5.876194290316184343e+00
2.610000000000000000e+02 4.144387594609541203e+00 4.156382083499554625e+00 5.882156490084656575e+00 5.885842074484973985e+00
2.620000000000000000e+02 4.140575025425112798e+00 4.154676593442686361e+00 5.876661067033943198e+00 5.883858226632659338e+00
2.630000000000000000e+02 4.147933346227029361e+00 4.151550047502357899e+00 5.886461477329932634e+00 5.878848474095425658e+00
2.640000000000000000e+02 4.136055211065849946e+00 4.145318496154523302e+00 5.869780294664194820e+00 5.869942371158595407e+00
2.650000000000000000e+02 4.150432645137914989e+00 4.159536977568080829e+00 5.889446140209628311e+00 5.889731619317649880e+00
2.660000000000000000e+02 4.150694579458960476e+00 4.156559616325420592e+00 5.889797684443388803e+00 5.885297067195433662e+00
2.670000000000000000e+02 4.146221850512794127e+00 4.157900753296715379e+00 5.883845654883214316e+00 5.887517303734313145e+00
2.680000000000000000e+02 4.141134847419388976e+00 4.149031931261802697e+00 5.876482653989749672e+00 5.874670733143615209e+00
2.690000000000000000e+02 4.144552874343624183e+00 4.152361871800372306e+00 5.880783393820732563e+00 5.879265916147621951e+00
2.700000000000000000e+02 4.128860488016970365e+00 4.142370282065460430e+00 5.860015757721946272e+00 5.866147318119235621e+00
2.710000000000000000e+02 4.135398495184023027e+00 4.147423652540203065e+00 5.869029883844161688e+00 5.873231327117540701e+00
2.720000000000000000e+02 4.137963456987034050e+00 4.149413418433192113e+00 5.871607028779993520e+00 5.875436512268319866e+00
2.730000000000000000e+02 4.144236088696805709e+00 4.154334982408394161e+00 5.879963879445365471e+00 5.881396551061460087e+00
2.740000000000000000e+02 4.139293785868739306e+00 4.152882457023839180e+00 5.872176145964383309e+00 5.878350389396755027e+00
2.750000000000000000e+02 4.135983221763603446e+00 4.142280676646089788e+00 5.868485836492006058e+00 5.864828759246118572e+00
2.760000000000000000e+02 4.134181638091147803e+00 4.146923329316338780e+00 5.864907716192094611e+00 5.870870793950793143e+00
2.770000000000000000e+02 4.137521029318848242e+00 4.146979384253007161e+00 5.869747941948584291e+00 5.870841247142347896e+00
2.780000000000000000e+02 4.133557113142834361e+00 4.140972770353481103e+00 5.865089411453574542e+00 5.863323614006541007e+00
2.790000000000000000e+02 4.142763943593052112e+00 4.150062287247539672e+00 5.876997793436045114e+00 5.875426584864879231e+00
2.800000000000000000e+02 4.143108278003941436e+00 4.150108973983024363e+00 5.877706085680468817e+00 5.876062487647756072e+00
2.810000000000000000e+02 4.141890859156505122e+00 4.149942491266481071e+00 5.876244983012713696e+00 5.876323216794347104e+00
2.820000000000000000e+02 4.139180155057480270e+00 4.145571621219701797e+00 5.871968902030469728e+00 5.869752186337666267e+00
2.830000000000000000e+02 4.138952495780123364e+00 4.145868629569493535e+00 5.872024959586722659e+00 5.870429407627923979e+00
2.840000000000000000e+02 4.129179197136747526e+00 4.140674802490287298e+00 5.857430605126124235e+00 5.863170987056405714e+00
2.850000000000000000e+02 4.133885431539179756e+00 4.145721605440416013e+00 5.864170679675879683e+00 5.870296232939058001e+00
2.860000000000000000e+02 4.132500731186067533e+00 4.146572508941835267e+00 5.861796850128914826e+00 5.870937016015639998e+00
2.870000000000000000e+02 4.137537365070256712e+00 4.146811220336645398e+00 5.868111630265410383e+00 5.870839001754537989e+00
2.880000000000000000e+02 4.141930177118499756e+00 4.147740360494406531e+00 5.874399507495483341e+00 5.872406528881516152e+00
2.890000000000000000e+02 4.145876877188766407e+00 4.150665751911945200e+00 5.879251267595136277e+00 5.876076898980441499e+00
2.900000000000000000e+02 4.132418092070355264e+00 4.139025527963575257e+00 5.859581257622791028e+00 5.859429192401446329e+00
2.910000000000000000e+02 4.141515457300564584e+00 4.149092069419288542e+00 5.872105360504192184e+00 5.873073499371154860e+00
2.920000000000000000e+02 4.137765827526255435e+00 4.141210921462641359e+00 5.867268413582086950e+00 5.862742009968528123e+00
2.930000000000000000e+02 4.139207542038064069e+00 4.141199790395299729e+00 5.869266354724273604e+00 5.862971832736352695e+00
2.940000000000000000e+02 4.132903681600780921e+00 4.143432911605956726e+00 5.860761844667600862e+00 5.866304754208304217e+00
2.950000000000000000e+02 4.136673488876800420e+00 4.140535307248053520e+00 5.865533602413258052e+00 5.862272032073285288e+00
2.960000000000000000e+02 4.130229413722646292e+00 4.134443093148385096e+00 5.856841152268335904e+00 5.854302366611238817e+00
2.970000000000000000e+02 4.138016869933073494e+00 4.138725157041082348e+00 5.866992864139448649e+00 5.859207456160494765e+00
2.980000000000000000e+02 4.136132406388023597e+00 4.143552547401479380e+00 5.864193502275183434e+00 5.866223875595534487e+00
2.990000000000000000e+02 4.129637881650822351e+00 4.140677926143834675e+00 5.855731033802267227e+00 5.862661533280417281e+00
3.000000000000000000e+02 4.133816324178352986e+00 4.142866043871188175e+00 5.861452274302137333e+00 5.865357675595860520e+00
3.010000000000000000e+02 4.139523448100624670e+00 4.145410905249771183e+00 5.868444996609907705e+00 5.868029069204271586e+00
3.020000000000000000e+02 4.131474538785447237e+00 4.138408368881151489e+00 5.857639128491755720e+00 5.858954645935384065e+00
3.030000000000000000e+02 4.140972289391674721e+00 4.147297450403097052e+00 5.870091956001139089e+00 5.870561930735542333e+00
3.040000000000000000e+02 4.144515879006468673e+00 4.148307230025844561e+00 5.874852025751434503e+00 5.871477547751473125e+00
3.050000000000000000e+02 4.138725555287022573e+00 4.149063641159634663e+00 5.867310771825794191e+00 5.873597767323927243e+00
3.060000000000000000e+02 4.142114274751124370e+00 4.143589863294742770e+00 5.871732191590394834e+00 5.865333809203467474e+00
3.070000000000000000e+02 4.129956029821096664e+00 4.141065741341593665e+00 5.854556291826400027e+00 5.861731348099564975e+00
3.080000000000000000e+02 4.131757131953369466e+00 4.140995752933147145e+00 5.857961200724590256e+00 5.862443879293214088e+00
3.090000000000000000e+02 4.128800110419902580e+00 4.134853727795232636e+00 5.853785220042862392e+00 5.854055638874126721e+00
3.100000000000000000e+02 4.140421277211819628e+00 4.146278465217089426e+00 5.869134147471847918e+00 5.868635660127818454e+00
3.110000000000000000e+02 4.133576572285897477e+00 4.141713007606186991e+00 5.860504953265528449e+00 5.863585711231701580e+00
3.120000000000000000e+02 4.139036816521689310e+00 4.142430822530919876e+00 5.867242305158919535e+00 5.863654018190038286e+00
3.130000000000000000e+02 4.132520991104621899e+00 4.138573648732013943e+00 5.858068905185162656e+00 5.858388014509237962e+00
3.140000000000000000e+02 4.128562439232030812e+00 4.132395430111619028e+00 5.853260786747998878e+00 5.850637678865105329e+00
3.150000000000000000e+02 4.136788079718951572e+00 4.140946744504708121e+00 5.864498515511413324e+00 5.862079281875892889e+00
3.160000000000000000e+02 4.139462987809150896e+00 4.143790537328176704e+00 5.868742481020857937e+00 5.866572613625189447e+00
3.170000000000000000e+02 4.134381671324917740e+00 4.141045560767080858e+00 5.862684272484941062e+00 5.864158105615474348e+00
3.180000000000000000e+02 4.142415206407746631e+00 4.147557223805081961e+00 5.871546251854433685e+00 5.870808736177865583e+00
3.190000000000000000e+02 4.138432633279450101e+00 4.137592540776976691e+00 5.866882279301032455e+00 5.857638890213030969e+00
3.200000000000000000e+02 4.151810298926876364e+00 4.155763805079897288e+00 5.884689914890568474e+00 5.882285975427056890e+00
3.210000000000000000e+02 4.139915027827871796e+00 4.151963968511545033e+00 5.868237276826945070e+00 5.877490114091809659e+00
3.220000000000000000e+02 4.149936485518477269e+00 4.160519207575294587e+00 5.881476709863900254e+00 5.888793184530388025e+00
3.230000000000000000e+02 4.146830599844173015e+00 4.151961244758612501e+00 5.876920519262319509e+00 5.876369821038860408e+00
3.240000000000000000e+02 4.141726219608742099e+00 4.149129383918737979e+00 5.870522215896904150e+00 5.873379792781221020e+00
3.250000000000000000e+02 4.149945533421730559e+00 4.150721406253382817e+00 5.881497127381235757e+00 5.875551749662662360e+00
3.260000000000000000e+02 4.152930823138189176e+00 4.156572748919058924e+00 5.884552420210178880e+00 5.882640803079997482e+00
3.270000000000000000e+02 4.155779100158374817e+00 4.155607093648228556e+00 5.888250177679260844e+00 5.881000886121768190e+00
3.280000000000000000e+02 4.155146887544558965e+00 4.154980407329359693e+00 5.887925139562319110e+00 5.880572470235665428e+00
3.290000000000000000e+02 4.158770634477341410e+00 4.161340883908512644e+00 5.892450100017683212e+00 5.889081628083540743e+00
3.300000000000000000e+02 4.152441470407894464e+00 4.152211088868314803e+00 5.883560017351710414e+00 5.877187662899083342e+00
3.310000000000000000e+02 4.150642688298648686e+00 4.152535800066743832e+00 5.882190922601017391e+00 5.878113915395800859e+00
3.320000000000000000e+02 4.147035598105605736e+00 4.153753379158025005e+00 5.876347321288233339e+00 5.879219392456052518e+00
3.330000000000000000e+02 4.151296681136346756e+00 4.155663549066871632e+00 5.881469340191885387e+00 5.881357635278844143e+00
3.340000000000000000e+02 4.159487088360378060e+00 4.160681204630755303e+00 5.892736059350794697e+00 5.888165534820386071e+00
3.350000000000000000e+02 4.151809738893476265e+00 4.158019509046203765e+00 5.882282534522831341e+00 5.884850471972429276e+00
3.360000000000000000e+02 4.144515159816817729e+00 4.155520929740289304e+00 5.872227877617880232e+00 5.881560388987439936e+00
3.370000000000000000e+02 4.150790913328474829e+00 4.154069926935420654e+00 5.880940030262477691e+00 5.879604410856938301e+00
3.380000000000000000e+02 4.142412004209598209e+00 4.151950514514888724e+00 5.870152819124378141e+00 5.877083956078354099e+00
3.390000000000000000e+02 4.153897759101412568e+00 4.156872398342928321e+00 5.884595902733186890e+00 5.882648008420488850e+00
3.400000000000000000e+02 4.153372690952764401e+00 4.156860467187723174e+00 5.884710814639231735e+00 5.883894982522866357e+00
3.410000000000000000e+02 4.148494850842415538e+00 4.151067902334037996e+00 5.876928927907836275e+00 5.874673136885774305e+00
3.420000000000000000e+02 4.146231941013780897e+00 4.151611948865285839e+00 5.874236870538743105e+00 5.876502996642147814e+00
3.430000000000000000e+02 4.145901621315238650e+00 4.149509193618252212e+00 5.873576468075501822e+00 5.872837110757453516e+00
3.440000000000000000e+02 4.152259694409529800e+00 4.157796973124805007e+00 5.882808245951981263e+00 5.884972589224094719e+00
3.450000000000000000e+02 4.152733192680537755e+00 4.158379377635041507e+00 5.882948542378487744e+00 5.885106962187537150e+00
3.460000000000000000e+02 4.146785035965384836e+00 4.145305845870452366e+00 5.874721500700030852e+00 5.867041234793143545e+00
3.470000000000000000e+02 4.156285510389833959e+00 4.160659182989313365e+00 5.886928732589429281e+00 5.887645427923543728e+00
3.480000000000000000e+02 4.158808511569564992e+00 4.162029067832623497e+00 5.889959998984854117e+00 5.889156815200579764e+00
3.490000000000000000e+02 4.156847253288468380e+00 4.161433611920834608e+00 5.887880456111091121e+00 5.888572407846911716e+00
3.500000000000000000e+02 4.155928204278470872e+00 4.161129478130412451e+00 5.886420477368708326e+00 5.888077448003190106e+00
3.510000000000000000e+02 4.154345071758227981e+00 4.159492693743143121e+00 5.883558973334335640e+00 5.885379703520217554e+00
3.520000000000000000e+02 4.166115183213609185e+00 4.164361726593498680e+00 5.899323986533137720e+00 5.891745175700056514e+00
3.530000000000000000e+02 4.159823094693733125e+00 4.164768280477625595e+00 5.890802261363879744e+00 5.892589197673433254e+00
3.540000000000000000e+02 4.163037405976441896e+00 4.165859257271256944e+00 5.894779250510968183e+00 5.893688189129996147e+00
3.550000000000000000e+02 4.150317093945855795e+00 4.154277166970172352e+00 5.877035269806668794e+00 5.877742998713757494e+00
3.560000000000000000e+02 4.141772345155690260e+00 4.147234671656395477e+00 5.866175670697669986e+00 5.868691076714419808e+00
3.570000000000000000e+02 4.139291864432310675e+00 4.146152264304141966e+00 5.863101400434507227e+00 5.867917845207908378e+00
3.580000000000000000e+02 4.147686788756507426e+00 4.156797686027213778e+00 5.874345535256662032e+00 5.882296786877091677e+00
3.590000000000000000e+02 4.149585346055755686e+00 4.149766402070068416e+00 5.876873833702061845e+00 5.872578137627820993e+00
3.600000000000000000e+02 4.155777819056363676e+00 4.156527265173885155e+00 5.885001017636716902e+00 5.881093698852357221e+00
3.610000000000000000e+02 4.146769021098315022e+00 4.149682561271409220e+00 5.872547227651455870e+00 5.872167339094274574e+00
3.620000000000000000e+02 4.149672229977547921e+00 4.147247644101192954e+00 5.876664109432494953e+00 5.868964382143738057e+00
3.630000000000000000e+02 4.133147198924342014e+00 4.140417113226225077e+00 5.854044996205814755e+00 5.859551386928640859e+00
3.640000000000000000e+02 4.142022025107304550e+00 4.138064837513482530e+00 5.866722998321604265e+00 5.856824817492984891e+00
3.650000000000000000e+02 4.144851403560174674e+00 4.150650055374697445e+00 5.869954621673754147e+00 5.873573900702904638e+00
3.660000000000000000e+02 4.147713933768033989e+00 4.148151637699998950e+00 5.873841281295886674e+00 5.870261800297646992e+00
3.670000000000000000e+02 4.141401905073199607e+00 4.147181499013604444e+00 5.865341174648867728e+00 5.869084415883701666e+00
3.680000000000000000e+02 4.150777459431679972e+00 4.153513868730335901e+00 5.877664841962457309e+00 5.877281671502681881e+00
3.690000000000000000e+02 4.158203606075771219e+00 4.163741205029340975e+00 5.887135491465575576e+00 5.891235477252173780e+00
3.700000000000000000e+02 4.156851097523682981e+00 4.160907983935893562e+00 5.885597516910359595e+00 5.887349220222539259e+00
3.710000000000000000e+02 4.157516861862890600e+00 4.160899975773742376e+00 5.886426643173461315e+00 5.887431298934474810e+00
3.720000000000000000e+02 4.152585609385454291e+00 4.158614243921071818e+00 5.880010883675391931e+00 5.884356389256941711e+00
3.730000000000000000e+02 4.157154590634542402e+00 4.152975827418736721e+00 5.885735649516422363e+00 5.876108448783975646e+00
3.740000000000000000e+02 4.150123546751992798e+00 4.152121080773213180e+00 5.876317852298652333e+00 5.875271156081324442e+00
3.750000000000000000e+02 4.146442624918563524e+00 4.145504357310791477e+00 5.870313214056139373e+00 5.865505098696655040e+00
3.760000000000000000e+02 4.145542312894640702e+00 4.146721454402362284e+00 5.869403767692610074e+00 5.867198903839822677e+00
3.770000000000000000e+02 4.136803616336678147e+00 4.142377330110710076e+00 5.857495868822212515e+00 5.861659035971690024e+00
3.780000000000000000e+02 4.149783057784588003e+00 4.149632431485363426e+00 5.874415603857773505e+00 5.870589881086127448e+00
3.790000000000000000e+02 4.144330900087412672e+00 4.148525440184488211e+00 5.867167511616645292e+00 5.869681317723049574e+00
3.800000000000000000e+02 4.147079318768097878e+00 4.150304440512587512e+00 5.872060586960515138e+00 5.873118256481076216e+00
3.810000000000000000e+02 4.144471916596620176e+00 4.144199972694246448e+00 5.867911034844313534e+00 5.864060407578202572e+00
3.820000000000000000e+02 4.143502178361941901e+00 4.148197762764954000e+00 5.865906125785792291e+00 5.869229437522002435e+00
3.830000000000000000e+02 4.161411511617576942e+00 4.162384613523895105e+00 5.889933895406210596e+00 5.888173703227387534e+00
3.840000000000000000e+02 4.160531459579686953e+00 4.165405056618863178e+00 5.889273812618488257e+00 5.892498869370400350e+00
3.850000000000000000e+02 4.151912799582425428e+00 4.155493705140794525e+00 5.877403551430083084e+00 5.879109049350335070e+00
3.860000000000000000e+02 4.160246463022723162e+00 4.158133699121158600e+00 5.889484175209624972e+00 5.883284867821878983e+00
3.870000000000000000e+02 4.158148032927377891e+00 4.164310316616925967e+00 5.886233255657387531e+00 5.891662454610358424e+00
3.880000000000000000e+02 4.149236127573092681e+00 4.152354907046894361e+00 5.873923442607861034e+00 5.874930184305497960e+00
3.890000000000000000e+02 4.140935535503720288e+00 4.145144648570737722e+00 5.862940524804304054e+00 5.865725711657805874e+00
3.900000000000000000e+02 4.155671316053546782e+00 4.157705605046750463e+00 5.882957189799804532e+00 5.882522206781082730e+00
3.910000000000000000e+02 4.164555114036904371e+00 4.165506674879194016e+00 5.894197481958132201e+00 5.892626993727885676e+00
3.920000000000000000e+02 4.159196488399756753e+00 4.152615399403267737e+00 5.887746249148915645e+00 5.875585462251378566e+00
3.930000000000000000e+02 4.143144472924923605e+00 4.147881296345760305e+00 5.865499252257479590e+00 5.869154484324941023e+00
3.940000000000000000e+02 4.151191619349568818e+00 4.155209508279411601e+00 5.875877981297850106e+00 5.878629377891336105e+00
3.950000000000000000e+02 4.145744909251834365e+00 4.149930640310041774e+00 5.868618925000255615e+00 5.872029602048879582e+00
3.960000000000000000e+02 4.153692680302065732e+00 4.148275518807976958e+00 5.879081257782736714e+00 5.869079774024397622e+00
3.970000000000000000e+02 4.155247706316242073e+00 4.155816977230233356e+00 5.881190992622711278e+00 5.879593358360312827e+00
3.980000000000000000e+02 4.146780391859582693e+00 4.148075405185755571e+00 5.870095482324600766e+00 5.869114768245574432e+00
3.990000000000000000e+02 4.141535636382674745e+00 4.146274782166138095e+00 5.862988331476217674e+00 5.867157183417084809e+00
4.000000000000000000e+02 4.155163303793500518e+00 4.156660032863406684e+00 5.882061837261122861e+00 5.882012350329334005e+00
4.010000000000000000e+02 4.158779684289036105e+00 4.160504153478930434e+00 5.886002551224930102e+00 5.886080146971684357e+00
4.020000000000000000e+02 4.157724823473694542e+00 4.160010714806567478e+00 5.883719691138810326e+00 5.884622646260194045e+00
4.030000000000000000e+02 4.147908762636439484e+00 4.149442726820361749e+00 5.870519811448237313e+00 5.870469361048399115e+00
4.040000000000000000e+02 4.156266612039013708e+00 4.155896894488708249e+00 5.881997215542873469e+00 5.879455303767057828e+00
4.050000000000000000e+02 4.159005263186648982e+00 4.160792033214430141e+00 5.884895636071559188e+00 5.885261914023438123e+00
4.060000000000000000e+02 4.158664212666605131e+00 4.157219775399435768e+00 5.884385939022389600e+00 5.880206836219503685e+00
4.070000000000000000e+02 4.154673629938447021e+00 4.156850377635682214e+00 5.878856879982940598e+00 5.879785786025990113e+00
4.080000000000000000e+02 4.148795060710927629e+00 4.145620709478748722e+00 5.870544315994054685e+00 5.864189177627944005e+00
4.090000000000000000e+02 4.148499256154594583e+00 4.149128504297444842e+00 5.870401541870196915e+00 5.869363489701004966e+00
4.100000000000000000e+02 4.153583695660254094e+00 4.152029871319913745e+00 5.877296163706208887e+00 5.873187526205742692e+00
4.110000000000000000e+02 4.147528876260218489e+00 4.155192292491867612e+00 5.868785808473750976e+00 5.877442946268019774e+00
4.120000000000000000e+02 4.154204536348625076e+00 4.153053903212131637e+00 5.878562114588625320e+00 5.875285168587935480e+00
4.130000000000000000e+02 4.148149237370266640e+00 4.149356966773291688e+00 5.869970802874219018e+00 5.869518844605412511e+00
4.140000000000000000e+02 4.164276284078595403e+00 4.162247120593948857e+00 5.892452183898065243e+00 5.887274589078968390e+00
4.150000000000000000e+02 4.158135540558792975e+00 4.158660849726959263e+00 5.883799927860249745e+00 5.882404732848905304e+00
4.160000000000000000e+02 4.167000440802785199e+00 4.167788002785949963e+00 5.896378162955377533e+00 5.895523090337852601e+00
4.170000000000000000e+02 4.161721491527780259e+00 4.161057088557502226e+00 5.888575533608459978e+00 5.885610970225555683e+00
4.180000000000000000e+02 4.157213768725827485e+00 4.161511047829704601e+00 5.883100528589882749e+00 5.887064864235612482e+00
4.190000000000000000e+02 4.160990863702468623e+00 4.161508085172033411e+00 5.888318481815169925e+00 5.887089208421617315e+00
4.200000000000000000e+02 4.159901569031854152e+00 4.161057408515069334e+00 5.887797253887288917e+00 5.887264337426968197e+00
4.210000000000000000e+02 4.167643704080892242e+00 4.170559965216598108e+00 5.896863997362122412e+00 5.898975246830477914e+00
4.220000000000000000e+02 4.168713459530973608e+00 4.171003676050002440e+00 5.898234130292029143e+00 5.899247115100674677e+00
4.230000000000000000e+02 4.161433453315981801e+00 4.161060373271009638e+00 5.889009717589517301e+00 5.886593049838610092e+00
4.240000000000000000e+02 4.167748524587529424e+00 4.168434548854420107e+00 5.896708723699895849e+00 5.895275410147423401e+00
4.250000000000000000e+02 4.161657029827387611e+00 4.169169660720448256e+00 5.888740335888398292e+00 5.896926217059714759e+00
4.260000000000000000e+02 4.166625437337254212e+00 4.166799205539666318e+00 5.896320905953984060e+00 5.894500094683540858e+00
4.270000000000000000e+02 4.162125001876098018e+00 4.162276909545537862e+00 5.889673881416622514e+00 5.887316149893182526e+00
4.280000000000000000e+02 4.153148233576304804e+00 4.159731724687037335e+00 5.877363827943052677e+00 5.883554326879633756e+00
4.290000000000000000e+02 4.153138624419821845e+00 4.155007392435074109e+00 5.878887710522676890e+00 5.878817880680077934e+00
4.300000000000000000e+02 4.153151758337751076e+00 4.159157971093740080e+00 5.878128895807067877e+00 5.883990836059932228e+00
4.310000000000000000e+02 4.155139041938692657e+00 4.155211431909303421e+00 5.881149033938040560e+00 5.878300582964650189e+00
4.320000000000000000e+02 4.162587529813432496e+00 4.160567014133519592e+00 5.891862731315979929e+00 5.886192735990174896e+00
4.330000000000000000e+02 4.158181264697379476e+00 4.162041962431705322e+00 5.885329175116363665e+00 5.887802944169710173e+00
4.340000000000000000e+02 4.167308178796025331e+00 4.169471953032119593e+00 5.897886190222458858e+00 5.898106003725601454e+00
4.350000000000000000e+02 4.155231610262284825e+00 4.157459446886414334e+00 5.881592341554531700e+00 5.881513065573398258e+00
4.360000000000000000e+02 4.165155614181246690e+00 4.159107602466719733e+00 5.894071276249154501e+00 5.882553998883515156e+00
4.370000000000000000e+02 4.162800855854801085e+00 4.164227917196324569e+00 5.890371839905716556e+00 5.888807678645086696e+00
4.380000000000000000e+02 4.157660120268760195e+00 4.162726543285422132e+00 5.883841968476454021e+00 5.887466932521574492e+00
4.390000000000000000e+02 4.157489955916330970e+00 4.159375700542770282e+00 5.883692544019732296e+00 5.882539500891063255e+00
4.400000000000000000e+02 4.157747326346422412e+00 4.161386126958676712e+00 5.884318836957541876e+00 5.885775610256314572e+00
4.410000000000000000e+02 4.166861907356151029e+00 4.171167834381350303e+00 5.896454639135539466e+00 5.899097768308634748e+00
4.420000000000000000e+02 4.160542590953198783e+00 4.161953717727708835e+00 5.887989524869944979e+00 5.886798288854470762e+00
4.430000000000000000e+02 4.161606580376421505e+00 4.162592816227613568e+00 5.890130966803159396e+00 5.887779723155721179e+00
4.440000000000000000e+02 4.161181128453430134e+00 4.162390059326993352e+00 5.889538870565773188e+00 5.887416888522556846e+00
4.450000000000000000e+02 4.162971581004849320e+00 4.164895763417494123e+00 5.891999823132767489e+00 5.890787523926361402e+00
4.460000000000000000e+02 4.153532125143121867e+00 4.155779419441286926e+00 5.878955215846088045e+00 5.877950075975967970e+00
4.470000000000000000e+02 4.152924818549292851e+00 4.158511424668319911e+00 5.877746923866314255e+00 5.881264262230982531e+00
4.480000000000000000e+02 4.154783337404804655e+00 4.158240523288893264e+00 5.880553253685025794e+00 5.881443799169852049e+00
4.490000000000000000e+02 4.160811970256978576e+00 4.160964038883543381e+00 5.889370944762237770e+00 5.885043299142560080e+00
4.500000000000000000e+02 4.159858008265253204e+00 4.165724166026280706e+00 5.887912249520326213e+00 5.891262548222683471e+00
4.510000000000000000e+02 4.155223362839187473e+00 4.161846492950813214e+00 5.881645995316160835e+00 5.886486622891732523e+00
4.520000000000000000e+02 4.157768305466614578e+00 4.158661169714878092e+00 5.885601040926156990e+00 5.882330179352309507e+00
4.530000000000000000e+02 4.157181177377554882e+00 4.160048512784602082e+00 5.884802104132646150e+00 5.884061464209941583e+00
4.540000000000000000e+02 4.166751320292979344e+00 4.169770883114293447e+00 5.897910615391031008e+00 5.897277519919720490e+00
4.550000000000000000e+02 4.155079063301184483e+00 4.162966777526185602e+00 5.881001688995588061e+00 5.887661766706497879e+00
4.560000000000000000e+02 4.156852620343963522e+00 4.165132553351619471e+00 5.885182476984482491e+00 5.891683117250536839e+00
4.570000000000000000e+02 4.156887132661639228e+00 4.163030038873679395e+00 5.884560028487354266e+00 5.887561109280936122e+00
4.580000000000000000e+02 4.154345633104425062e+00 4.159637394859220905e+00 5.881180982447094863e+00 5.883151378963893841e+00
4.590000000000000000e+02 4.154040217997841289e+00 4.158388506477710855e+00 5.881338737315704002e+00 5.881666896033182823e+00
4.600000000000000000e+02 4.164310637813766647e+00 4.167799535155944923e+00 5.895134394361848607e+00 5.894647521995802109e+00
4.610000000000000000e+02 4.162689949485418595e+00 4.175275329879601927e+00 5.893075993065458817e+00 5.904680638458996711e+00
4.620000000000000000e+02 4.161962605014413619e+00 4.168348785794363742e+00 5.892619948127469698e+00 5.895348601196039873e+00
4.630000000000000000e+02 4.163627977664885904e+00 4.166876402141859614e+00 5.894253939665738073e+00 5.892419035561424323e+00
4.640000000000000000e+02 4.157295527348165542e+00 4.157882576421888743e+00 5.885584142980645694e+00 5.880549648364531201e+00
4.650000000000000000e+02 4.145505798474199644e+00 4.152818635697393290e+00 5.870135121510753784e+00 5.873628918185435310e+00
4.660000000000000000e+02 4.152126527092757868e+00 4.155680126468154434e+00 5.879237657223260527e+00 5.877428136771126077e+00
4.670000000000000000e+02 4.151565263163197628e+00 4.148914778410842885e+00 5.878547383932128945e+00 5.867907195945515575e+00
4.680000000000000000e+02 4.145359256773953227e+00 4.150836958680906186e+00 5.869599320732476144e+00 5.870650423748594804e+00
4.690000000000000000e+02 4.147527114192310904e+00 4.156201989866792346e+00 5.872322687538849451e+00 5.877468891754100255e+00
4.700000000000000000e+02 4.154038776450745374e+00 4.162141178666725061e+00 5.880997845285586223e+00 5.885264875847382449e+00
4.710000000000000000e+02 4.159854485684006953e+00 4.164720395138759024e+00 5.889166592004899670e+00 5.888433237998666137e+00
4.720000000000000000e+02 4.160483893011858392e+00 4.162279551971741931e+00 5.890420446493588535e+00 5.885160212306602467e+00
4.730000000000000000e+02 4.147503010623504238e+00 4.152714214880912635e+00 5.873886447969875135e+00 5.873325824037050502e+00
4.740000000000000000e+02 4.146350214344997731e+00 4.156333396858964413e+00 5.873018482257059247e+00 5.878689999102738817e+00
4.750000000000000000e+02 4.155709754096478470e+00 4.156045280007270470e+00 5.884997256627255702e+00 5.877231225596013076e+00
4.760000000000000000e+02 4.155591959233592370e+00 4.163235838142721690e+00 5.885251661619042451e+00 5.887287403068604874e+00
4.770000000000000000e+02 4.158826208955364478e+00 4.160938653706717005e+00 5.889162103615344535e+00 5.883126873311275595e+00
4.780000000000000000e+02 4.146683177502533013e+00 4.153739848410381796e+00 5.872522482292304780e+00 5.873645737481718143e+00
4.790000000000000000e+02 4.155218398547247283e+00 4.160725328306231319e+00 5.884226586818019911e+00 5.882734814919773569e+00
4.800000000000000000e+02 4.151043237572797473e+00 4.154203417606943560e+00 5.879291546755884390e+00 5.874196674786144712e+00
4.810000000000000000e+02 4.151143093795557348e+00 4.160376510380113579e+00 5.878766394847589005e+00 5.882465031702610148e+00
4.820000000000000000e+02 4.156358220960007621e+00 4.165295910744527319e+00 5.886062290380397855e+00 5.888544141778091046e+00
4.830000000000000000e+02 4.155355649914294069e+00 4.158158844638581542e+00 5.885151722778240391e+00 5.879306361278138660e+00
4.840000000000000000e+02 4.150393647399169161e+00 4.154146640530348655e+00 5.879111848002727569e+00 5.874075511179260189e+00
4.850000000000000000e+02 4.146669564474174230e+00 4.156902347691212363e+00 5.873628758907825542e+00 5.877207037049902105e+00
4.860000000000000000e+02 4.150412467361809910e+00 4.159681918463438599e+00 5.878231156193045592e+00 5.880885336247656525e+00
4.870000000000000000e+02 4.152551417267584810e+00 4.162261615300531403e+00 5.882447896876269233e+00 5.885211143710217918e+00
4.880000000000000000e+02 4.146144977331152504e+00 4.149438325862900179e+00 5.873848013652819944e+00 5.867953082575819934e+00
4.890000000000000000e+02 4.148334456207058096e+00 4.152951725471033306e+00 5.877331080867110202e+00 5.872862655368733975e+00
4.900000000000000000e+02 4.146592209448050070e+00 4.158961540929578149e+00 5.873496469694182487e+00 5.879909506226949745e+00
4.910000000000000000e+02 4.141992958370581235e+00 4.151136687300810202e+00 5.868412405546158617e+00 5.869746420378732843e+00
4.920000000000000000e+02 4.139318450074170208e+00 4.148119207960786703e+00 5.863568414530254458e+00 5.865517670577953702e+00
4.930000000000000000e+02 4.146642818708096812e+00 4.154472877135757081e+00 5.874049408246886372e+00 5.873680969754172310e+00
4.940000000000000000e+02 4.160537384820350404e+00 4.166950071905898945e+00 5.893081995556982200e+00 5.890660921212958812e+00
4.950000000000000000e+02 4.152237112678400344e+00 4.160190730014127425e+00 5.882477444593990690e+00 5.881979517887313769e+00
4.960000000000000000e+02 4.151351776463643617e+00 4.159547708776851316e+00 5.881093940794095865e+00 5.881306546425221882e+00
4.970000000000000000e+02 4.144428436332031396e+00 4.151712685309041362e+00 5.872043139125900701e+00 5.870532706541655266e+00
4.980000000000000000e+02 4.155171233774554551e+00 4.165677721762105712e+00 5.886229577658561141e+00 5.889614947472018081e+00
4.990000000000000000e+02 4.145956475360582871e+00 4.152058942620244331e+00 5.874364116972913941e+00 5.871200562149778257e+00
5.000000000000000000e+02 4.142714298125813599e+00 4.151292119247283807e+00 5.869741062297679335e+00 5.870270694538073819e+00
