8.950592818074088655e+02
8.949223494223226680e+02
8.947854170372364706e+02
8.946484846521502732e+02
8.945115522670640757e+02
8.943746198819778783e+02
8.942376874968916809e+02
8.941007551118054835e+02
8.939638227267192860e+02
8.938268903416330886e+02
8.936899579565468912e+02
8.935530255714606938e+02
8.934160931863744963e+02
8.932791608012882989e+02
8.931422284162021015e+02
8.930052960311157904e+02
8.928683636460295929e+02
8.927314312609433955e+02
8.925944988758571981e+02
8.924575664907710006e+02
8.923206341056848032e+02
8.921837017205986058e+02
8.920467693355124084e+02
8.919098369504262109e+02
8.917729045653400135e+02
8.916359721802538161e+02
8.914990397951676186e+02
8.913621074100814212e+02
8.912251750249952238e+02
8.910882426399090264e+02
8.909513102548228289e+02
8.908143778697366315e+02
8.906774454846504341e+02
8.905405130995642367e+02
8.904035807144780392e+02
8.902666483293918418e+02
8.901297159443056444e+02
8.899927835592194469e+02
8.898558511741332495e+02
8.897189187890470521e+02
8.895819864039608547e+02
8.894450540188746572e+02
8.893081216337884598e+02
8.891711892487021487e+02
8.890342568636159513e+02
8.888973244785297538e+02
8.887603920934435564e+02
8.886234597083573590e+02
8.884865273232711615e+02
8.883495949381849641e+02
8.882126625530987667e+02
8.880757301680125693e+02
8.879387977829263718e+02
8.878018653978401744e+02
8.876649330127539770e+02
8.875280006276677796e+02
8.873910682425815821e+02
8.872541358574953847e+02
8.871172034724091873e+02
8.869802710873229898e+02
8.868433387022367924e+02
8.867064063171505950e+02
8.865694739320643976e+02
8.864325415469782001e+02
8.862956091618920027e+02
8.861586767768058053e+02
8.860217443917196078e+02
8.858848120066334104e+02
8.857478796215472130e+02
8.856109472364610156e+02
8.854740148513748181e+02
8.853370824662886207e+02
8.852001500812023096e+02
8.850632176961161122e+02
8.849262853110299147e+02
8.847893529259437173e+02
8.846524205408575199e+02
8.845154881557713225e+02
8.843785557706851250e+02
8.842416233855989276e+02
8.841046910005127302e+02
8.839677586154265327e+02
8.838308262303403353e+02
8.836938938452541379e+02
8.835569614601679405e+02
8.834200290750817430e+02
8.832830966899955456e+02
8.831461643049093482e+02
8.830092319198231507e+02
8.828722995347369533e+02
8.827353671496507559e+02
8.825984347645645585e+02
8.824615023794783610e+02
8.823245699943921636e+02
8.821876376093059662e+02
8.820507052242197688e+02
8.819137728391335713e+02
8.817768404540473739e+02
8.816399080689611765e+02
8.815029756838749790e+02
8.813660432987887816e+02
8.812291109137024705e+02
8.810921785286162731e+02
8.809552461435300756e+02
8.808183137584438782e+02
8.806813813733576808e+02
8.805444489882714834e+02
8.804075166031852859e+02
8.802705842180990885e+02
8.801336518330128911e+02
8.799967194479266936e+02
8.798597870628404962e+02
8.797228546777542988e+02
8.795859222926681014e+02
8.794489899075819039e+02
8.793120575224957065e+02
8.791751251374095091e+02
8.790381927523233117e+02
8.789012603672371142e+02
8.787643279821509168e+02
8.786273955970647194e+02
8.784904632119785219e+02
8.783535308268923245e+02
8.782165984418061271e+02
8.780796660567199297e+02
8.779427336716337322e+02
8.778058012865475348e+02
8.776688689014613374e+02
8.775319365163751399e+02
8.773950041312889425e+02
8.772580717462026314e+02
8.771211393611164340e+02
8.769842069760302365e+02
8.768472745909440391e+02
8.767103422058578417e+02
8.765734098207716443e+02
8.764364774356854468e+02
8.762995450505992494e+02
8.761626126655130520e+02
8.760256802804268546e+02
8.758887478953406571e+02
8.757518155102544597e+02
8.756148831251682623e+02
8.754779507400820648e+02
8.753410183549958674e+02
8.752040859699096700e+02
8.750671535848234726e+02
8.749302211997372751e+02
8.747932888146510777e+02
8.746563564295648803e+02
8.745194240444786828e+02
8.743824916593924854e+02
8.742455592743062880e+02
8.741086268892200906e+02
8.739716945041338931e+02
8.738347621190476957e+02
8.736978297339614983e+02
8.735608973488753008e+02
8.734239649637889897e+02
8.732870325787027923e+02
8.731501001936165949e+02
8.730131678085303975e+02
8.728762354234442000e+02
8.727393030383580026e+02
8.726023706532718052e+02
8.724654382681856077e+02
8.723285058830994103e+02
8.721915734980132129e+02
8.720546411129270155e+02
8.719177087278408180e+02
8.717807763427546206e+02
8.716438439576684232e+02
8.715069115725822257e+02
8.713699791874960283e+02
8.712330468024098309e+02
8.710961144173236335e+02
8.709591820322374360e+02
8.708222496471512386e+02
8.706853172620650412e+02
8.705483848769788437e+02
8.704114524918926463e+02
8.702745201068064489e+02
8.701375877217202515e+02
8.700006553366340540e+02
8.698637229515478566e+02
8.697267905664616592e+02
8.695898581813753481e+02
8.694529257962891506e+02
8.693159934112029532e+02
8.691790610261167558e+02
8.690421286410305584e+02
8.689051962559443609e+02
8.687682638708581635e+02
8.686313314857719661e+02
8.684943991006857686e+02
8.683574667155995712e+02
8.682205343305133738e+02
8.680836019454271764e+02
8.679466695603409789e+02
8.678097371752547815e+02
8.676728047901685841e+02
8.675358724050823866e+02
8.673989400199961892e+02
8.672620076349099918e+02
8.671250752498237944e+02
8.669881428647375969e+02
8.668512104796513995e+02
8.667142780945652021e+02
8.665773457094790047e+02
8.664404133243928072e+02
8.663034809393066098e+02
8.661665485542204124e+02
8.660296161691342149e+02
8.658926837840480175e+02
8.657557513989618201e+02
8.656188190138755090e+02
8.654818866287893115e+02
8.653449542437031141e+02
8.652080218586169167e+02
8.650710894735307193e+02
8.649341570884445218e+02
8.647972247033583244e+02
8.646602923182721270e+02
8.645233599331859295e+02
8.643864275480997321e+02
8.642494951630135347e+02
8.641125627779273373e+02
8.639756303928411398e+02
8.638386980077549424e+02
8.637017656226687450e+02
8.635648332375825476e+02
8.634279008524963501e+02
8.632909684674101527e+02
8.631540360823239553e+02
8.630171036972377578e+02
8.628801713121515604e+02
8.627432389270653630e+02
8.626063065419791656e+02
8.624693741568929681e+02
8.623324417718067707e+02
8.621955093867205733e+02
8.620585770016343758e+02
8.619216446165481784e+02
8.617847122314619810e+02
8.616477798463756699e+02
8.615108474612894724e+02
8.613739150762032750e+02
8.612369826911170776e+02
8.611000503060308802e+02
8.609631179209446827e+02
8.608261855358584853e+02
8.606892531507722879e+02
8.605523207656860905e+02
8.604153883805998930e+02
8.602784559955136956e+02
8.601415236104274982e+02
8.600045912253413007e+02
8.598676588402551033e+02
8.597307264551689059e+02
8.595937940700827085e+02
8.594568616849965110e+02
8.593199292999103136e+02
8.591829969148241162e+02
8.590460645297379187e+02
8.589091321446517213e+02
8.587721997595655239e+02
8.586352673744793265e+02
8.584983349893931290e+02
8.583614026043069316e+02
8.582244702192207342e+02
8.580875378341345368e+02
8.579506054490483393e+02
8.578136730639621419e+02
8.576767406788758308e+02
8.575398082937896334e+02
8.574028759087034359e+02
8.572659435236172385e+02
8.571290111385310411e+02
8.569920787534448436e+02
8.568551463683586462e+02
8.567182139832724488e+02
8.565812815981862514e+02
8.564443492131000539e+02
8.563074168280138565e+02
8.561704844429276591e+02
8.560335520578414616e+02
8.558966196727552642e+02
8.557596872876690668e+02
8.556227549025828694e+02
8.554858225174966719e+02
8.553488901324104745e+02
8.552119577473242771e+02
8.550750253622380797e+02
8.549380929771518822e+02
8.548011605920656848e+02
8.546642282069794874e+02
8.545272958218932899e+02
8.543903634368070925e+02
8.542534310517208951e+02
8.541164986666346977e+02
8.539795662815483865e+02
8.538426338964623028e+02
8.537057015113759917e+02
8.535687691262897943e+02
8.534318367412035968e+02
8.532949043561173994e+02
8.531579719710312020e+02
8.530210395859450045e+02
8.528841072008588071e+02
8.527471748157726097e+02
8.526102424306864123e+02
8.524733100456002148e+02
8.523363776605140174e+02
8.521994452754278200e+02
8.520625128903416226e+02
8.519255805052554251e+02
8.517886481201692277e+02
8.516517157350830303e+02
8.515147833499968328e+02
8.513778509649106354e+02
8.512409185798244380e+02
8.511039861947382406e+02
8.509670538096520431e+02
8.508301214245658457e+02
8.506931890394796483e+02
8.505562566543934508e+02
8.504193242693072534e+02
8.502823918842210560e+02
8.501454594991348586e+02
8.500085271140485474e+02
8.498715947289624637e+02
8.497346623438761526e+02
8.495977299587899552e+02
8.494607975737037577e+02
8.493238651886175603e+02
8.491869328035313629e+02
8.490500004184451655e+02
8.489130680333589680e+02
8.487761356482727706e+02
8.486392032631865732e+02
8.485022708781003757e+02
8.483653384930141783e+02
8.482284061079279809e+02
8.480914737228417835e+02
8.479545413377555860e+02
8.478176089526693886e+02
8.476806765675831912e+02
8.475437441824969937e+02
8.474068117974107963e+02
8.472698794123245989e+02
8.471329470272384015e+02
8.469960146421522040e+02
8.468590822570660066e+02
8.467221498719798092e+02
8.465852174868936117e+02
8.464482851018074143e+02
8.463113527167212169e+02
8.461744203316350195e+02
8.460374879465487084e+02
8.459005555614625109e+02
8.457636231763763135e+02
8.456266907912901161e+02
8.454897584062039186e+02
8.453528260211177212e+02
8.452158936360315238e+02
8.450789612509453264e+02
8.449420288658591289e+02
8.448050964807729315e+02
8.446681640956867341e+02
8.445312317106005366e+02
8.443942993255143392e+02
8.442573669404281418e+02
8.441204345553419444e+02
8.439835021702557469e+02
8.438465697851695495e+02
8.437096374000833521e+02
8.435727050149971546e+02
8.434357726299109572e+02
8.432988402448247598e+02
8.431619078597385624e+02
8.430249754746523649e+02
8.428880430895661675e+02
8.427511107044799701e+02
8.426141783193937727e+02
8.424772459343075752e+02
8.423403135492213778e+02
8.422033811641351804e+02
8.420664487790488693e+02
8.419295163939626718e+02
8.417925840088764744e+02
8.416556516237902770e+02
8.415187192387040795e+02
8.413817868536178821e+02
8.412448544685316847e+02
8.411079220834454873e+02
8.409709896983592898e+02
8.408340573132730924e+02
8.406971249281868950e+02
8.405601925431006975e+02
8.404232601580145001e+02
8.402863277729283027e+02
8.401493953878421053e+02
8.400124630027559078e+02
8.398755306176697104e+02
8.397385982325835130e+02
8.396016658474973156e+02
8.394647334624111181e+02
8.393278010773249207e+02
8.391908686922387233e+02
8.390539363071525258e+02
8.389170039220663284e+02
8.387800715369801310e+02
8.386431391518939336e+02
8.385062067668077361e+02
8.383692743817215387e+02
8.382323419966353413e+02
8.380954096115490302e+02
8.379584772264628327e+02
8.378215448413766353e+02
8.376846124562904379e+02
8.375476800712042404e+02
8.374107476861180430e+02
8.372738153010318456e+02
8.371368829159456482e+02
8.369999505308594507e+02
8.368630181457732533e+02
8.367260857606870559e+02
8.365891533756008585e+02
8.364522209905146610e+02
8.363152886054284636e+02
8.361783562203422662e+02
8.360414238352560687e+02
8.359044914501698713e+02
8.357675590650836739e+02
8.356306266799974765e+02
8.354936942949112790e+02
8.353567619098250816e+02
8.352198295247388842e+02
8.350828971396526867e+02
8.349459647545664893e+02
8.348090323694802919e+02
8.346720999843940945e+02
8.345351675993078970e+02
8.343982352142216996e+02
8.342613028291355022e+02
8.341243704440491911e+02
8.339874380589629936e+02
8.338505056738767962e+02
8.337135732887905988e+02
8.335766409037044014e+02
8.334397085186182039e+02
8.333027761335320065e+02
8.331658437484458091e+02
8.330289113633596116e+02
8.328919789782734142e+02
8.327550465931872168e+02
8.326181142081010194e+02
8.324811818230148219e+02
8.323442494379286245e+02
8.322073170528424271e+02
8.320703846677562296e+02
8.319334522826700322e+02
8.317965198975838348e+02
8.316595875124976374e+02
8.315226551274114399e+02
8.313857227423252425e+02
8.312487903572390451e+02
8.311118579721528477e+02
8.309749255870666502e+02
8.308379932019804528e+02
8.307010608168942554e+02
8.305641284318080579e+02
8.304271960467217468e+02
8.302902636616356631e+02
8.301533312765493520e+02
8.300163988914631545e+02
8.298794665063769571e+02
8.297425341212907597e+02
8.296056017362045623e+02
8.294686693511183648e+02
8.293317369660321674e+02
8.291948045809459700e+02
8.290578721958597725e+02
8.289209398107735751e+02
8.287840074256873777e+02
8.286470750406011803e+02
8.285101426555149828e+02
8.283732102704287854e+02
8.282362778853425880e+02
8.280993455002563906e+02
8.279624131151701931e+02
8.278254807300839957e+02
8.276885483449977983e+02
8.275516159599116008e+02
8.274146835748254034e+02
8.272777511897392060e+02
8.271408188046530086e+02
8.270038864195668111e+02
8.268669540344806137e+02
8.267300216493944163e+02
8.265930892643082188e+02
8.264561568792219077e+02
8.263192244941358240e+02
8.261822921090495129e+02
8.260453597239633154e+02
8.259084273388771180e+02
8.257714949537909206e+02
8.256345625687047232e+02
8.254976301836185257e+02
8.253606977985323283e+02
8.252237654134461309e+02
8.250868330283599335e+02
8.249499006432737360e+02
8.248129682581875386e+02
8.246760358731013412e+02
8.245391034880151437e+02
8.244021711029289463e+02
8.242652387178427489e+02
8.241283063327565515e+02
8.239913739476703540e+02
8.238544415625841566e+02
8.237175091774979592e+02
8.235805767924117617e+02
8.234436444073255643e+02
8.233067120222393669e+02
8.231697796371531695e+02
8.230328472520669720e+02
8.228959148669807746e+02
8.227589824818945772e+02
8.226220500968083797e+02
8.224851177117220686e+02
8.223481853266359849e+02
8.222112529415496738e+02
8.220743205564634764e+02
8.219373881713772789e+02
8.218004557862910815e+02
8.216635234012048841e+02
8.215265910161186866e+02
8.213896586310324892e+02
8.212527262459462918e+02
8.211157938608600944e+02
8.209788614757738969e+02
8.208419290906876995e+02
8.207049967056015021e+02
8.205680643205153046e+02
8.204311319354291072e+02
8.202941995503429098e+02
8.201572671652567124e+02
8.200203347801705149e+02
8.198834023950843175e+02
8.197464700099981201e+02
8.196095376249119226e+02
8.194726052398257252e+02
8.193356728547395278e+02
8.191987404696533304e+02
8.190618080845671329e+02
8.189248756994809355e+02
8.187879433143946244e+02
8.186510109293085407e+02
8.185140785442222295e+02
8.183771461591361458e+02
8.182402137740498347e+02
8.181032813889636373e+02
8.179663490038774398e+02
8.178294166187912424e+02
8.176924842337050450e+02
8.175555518486188475e+02
8.174186194635326501e+02
8.172816870784464527e+02
8.171447546933602553e+02
8.170078223082740578e+02
8.168708899231878604e+02
8.167339575381016630e+02
8.165970251530154655e+02
8.164600927679292681e+02
8.163231603828430707e+02
8.161862279977568733e+02
8.160492956126706758e+02
8.159123632275844784e+02
8.157754308424982810e+02
8.156384984574120836e+02
8.155015660723258861e+02
8.153646336872396887e+02
8.152277013021534913e+02
8.150907689170672938e+02
8.149538365319810964e+02
8.148169041468947853e+02
8.146799717618087016e+02
8.145430393767223904e+02
8.144061069916361930e+02
8.142691746065499956e+02
8.141322422214637982e+02
8.139953098363776007e+02
8.138583774512914033e+02
8.137214450662052059e+02
8.135845126811190084e+02
8.134475802960328110e+02
8.133106479109466136e+02
8.131737155258604162e+02
8.130367831407742187e+02
8.128998507556880213e+02
8.127629183706018239e+02
8.126259859855156265e+02
8.124890536004294290e+02
8.123521212153432316e+02
8.122151888302570342e+02
8.120782564451708367e+02
8.119413240600846393e+02
8.118043916749984419e+02
8.116674592899122445e+02
8.115305269048260470e+02
8.113935945197398496e+02
8.112566621346536522e+02
8.111197297495674547e+02
8.109827973644812573e+02
8.108458649793949462e+02
8.107089325943088625e+02
8.105720002092225513e+02
8.104350678241363539e+02
8.102981354390501565e+02
8.101612030539639591e+02
8.100242706688777616e+02
8.098873382837915642e+02
8.097504058987053668e+02
8.096134735136191694e+02
8.094765411285329719e+02
8.093396087434467745e+02
8.092026763583605771e+02
8.090657439732743796e+02
8.089288115881881822e+02
8.087918792031019848e+02
8.086549468180157874e+02
8.085180144329295899e+02
8.083810820478433925e+02
8.082441496627571951e+02
8.081072172776709976e+02
8.079702848925848002e+02
8.078333525074986028e+02
8.076964201224124054e+02
8.075594877373262079e+02
8.074225553522400105e+02
8.072856229671538131e+02
8.071486905820676157e+02
8.070117581969814182e+02
8.068748258118951071e+02
8.067378934268090234e+02
8.066009610417227123e+02
8.064640286566365148e+02
8.063270962715503174e+02
8.061901638864641200e+02
8.060532315013779225e+02
8.059162991162917251e+02
8.057793667312055277e+02
8.056424343461193303e+02
8.055055019610331328e+02
8.053685695759469354e+02
8.052316371908607380e+02
8.050947048057745405e+02
8.049577724206883431e+02
8.048208400356021457e+02
8.046839076505159483e+02
8.045469752654297508e+02
8.044100428803435534e+02
8.042731104952573560e+02
8.041361781101711586e+02
8.039992457250849611e+02
8.038623133399987637e+02
8.037253809549125663e+02
8.035884485698263688e+02
8.034515161847401714e+02
8.033145837996539740e+02
8.031776514145677766e+02
8.030407190294815791e+02
8.029037866443952680e+02
8.027668542593091843e+02
8.026299218742228732e+02
8.024929894891366757e+02
8.023560571040504783e+02
8.022191247189642809e+02
8.020821923338780834e+02
8.019452599487918860e+02
8.018083275637056886e+02
8.016713951786194912e+02
8.015344627935332937e+02
8.013975304084470963e+02
8.012605980233608989e+02
8.011236656382747015e+02
8.009867332531885040e+02
8.008498008681023066e+02
8.007128684830161092e+02
8.005759360979299117e+02
8.004390037128437143e+02
8.003020713277575169e+02
8.001651389426713195e+02
8.000282065575851220e+02
7.998912741724989246e+02
7.997543417874127272e+02
7.996174094023265297e+02
7.994804770172403323e+02
7.993435446321541349e+02
7.992066122470678238e+02
7.990696798619817400e+02
7.989327474768954289e+02
7.987958150918093452e+02
7.986588827067230341e+02
7.985219503216368366e+02
7.983850179365506392e+02
7.982480855514644418e+02
7.981111531663782444e+02
7.979742207812920469e+02
7.978372883962058495e+02
7.977003560111196521e+02
7.975634236260334546e+02
7.974264912409472572e+02
7.972895588558610598e+02
7.971526264707748624e+02
7.970156940856886649e+02
7.968787617006024675e+02
7.967418293155162701e+02
7.966048969304300726e+02
7.964679645453438752e+02
7.963310321602576778e+02
7.961940997751714804e+02
7.960571673900852829e+02
7.959202350049990855e+02
7.957833026199128881e+02
7.956463702348266906e+02
7.955094378497404932e+02
7.953725054646542958e+02
7.952355730795679847e+02
7.950986406944819009e+02
7.949617083093955898e+02
7.948247759243095061e+02
7.946878435392231950e+02
7.945509111541369975e+02
7.944139787690508001e+02
7.942770463839646027e+02
7.941401139988784053e+02
7.940031816137922078e+02
7.938662492287060104e+02
7.937293168436198130e+02
7.935923844585336155e+02
7.934554520734474181e+02
7.933185196883612207e+02
7.931815873032750233e+02
7.930446549181888258e+02
7.929077225331026284e+02
7.927707901480164310e+02
7.926338577629302335e+02
7.924969253778440361e+02
7.923599929927578387e+02
7.922230606076716413e+02
7.920861282225854438e+02
7.919491958374992464e+02
7.918122634524130490e+02
7.916753310673268516e+02
7.915383986822406541e+02
7.914014662971544567e+02
7.912645339120681456e+02
7.911276015269820618e+02
7.909906691418957507e+02
7.908537367568095533e+02
7.907168043717233559e+02
7.905798719866371584e+02
7.904429396015509610e+02
7.903060072164647636e+02
7.901690748313785662e+02
7.900321424462923687e+02
7.898952100612061713e+02
7.897582776761199739e+02
7.896213452910337764e+02
7.894844129059475790e+02
7.893474805208613816e+02
7.892105481357751842e+02
7.890736157506889867e+02
7.889366833656027893e+02
7.887997509805165919e+02
7.886628185954303945e+02
7.885258862103441970e+02
7.883889538252579996e+02
7.882520214401718022e+02
7.881150890550856047e+02
7.879781566699994073e+02
7.878412242849132099e+02
7.877042918998270125e+02
7.875673595147408150e+02
7.874304271296546176e+02
7.872934947445683065e+02
7.871565623594822227e+02
7.870196299743959116e+02
7.868826975893097142e+02
7.867457652042235168e+02
7.866088328191373193e+02
7.864719004340511219e+02
7.863349680489649245e+02
7.861980356638787271e+02
7.860611032787925296e+02
7.859241708937063322e+02
7.857872385086201348e+02
7.856503061235339374e+02
7.855133737384477399e+02
7.853764413533615425e+02
7.852395089682753451e+02
7.851025765831891476e+02
7.849656441981029502e+02
7.848287118130167528e+02
7.846917794279305554e+02
7.845548470428443579e+02
7.844179146577581605e+02
7.842809822726719631e+02
7.841440498875857656e+02
7.840071175024995682e+02
7.838701851174133708e+02
7.837332527323271734e+02
7.835963203472409759e+02
7.834593879621547785e+02
7.833224555770684674e+02
7.831855231919823837e+02
7.830485908068960725e+02
7.829116584218098751e+02
7.827747260367236777e+02
7.826377936516374803e+02
7.825008612665512828e+02
7.823639288814650854e+02
7.822269964963788880e+02
7.820900641112926905e+02
7.819531317262064931e+02
7.818161993411202957e+02
7.816792669560340983e+02
7.815423345709479008e+02
7.814054021858617034e+02
7.812684698007755060e+02
7.811315374156893085e+02
7.809946050306031111e+02
7.808576726455169137e+02
7.807207402604307163e+02
7.805838078753445188e+02
7.804468754902583214e+02
7.803099431051721240e+02
7.801730107200859266e+02
7.800360783349997291e+02
7.798991459499135317e+02
7.797622135648273343e+02
7.796252811797411368e+02
7.794883487946549394e+02
7.793514164095686283e+02
7.792144840244825446e+02
7.790775516393962334e+02
7.789406192543100360e+02
7.788036868692238386e+02
7.786667544841376412e+02
7.785298220990514437e+02
7.783928897139652463e+02
7.782559573288790489e+02
7.781190249437928514e+02
7.779820925587066540e+02
7.778451601736204566e+02
7.777082277885342592e+02
7.775712954034480617e+02
7.774343630183618643e+02
7.772974306332756669e+02
7.771604982481894695e+02
7.770235658631032720e+02
7.768866334780170746e+02
7.767497010929308772e+02
7.766127687078446797e+02
7.764758363227584823e+02
7.763389039376722849e+02
7.762019715525860875e+02
7.760650391674998900e+02
7.759281067824136926e+02
7.757911743973274952e+02
7.756542420122411841e+02
7.755173096271551003e+02
7.753803772420687892e+02
7.752434448569827055e+02
7.751065124718963943e+02
7.749695800868101969e+02
7.748326477017239995e+02
7.746957153166378021e+02
7.745587829315516046e+02
7.744218505464654072e+02
7.742849181613792098e+02
7.741479857762930123e+02
7.740110533912068149e+02
7.738741210061206175e+02
7.737371886210344201e+02
7.736002562359482226e+02
7.734633238508620252e+02
7.733263914657758278e+02
7.731894590806896304e+02
7.730525266956034329e+02
7.729155943105172355e+02
7.727786619254310381e+02
7.726417295403448406e+02
7.725047971552586432e+02
7.723678647701724458e+02
7.722309323850862484e+02
7.720940000000000509e+02
7.719570676149138535e+02
7.718201352298276561e+02
7.716832028447413450e+02
7.715462704596552612e+02
7.714093380745689501e+02
7.712724056894828664e+02
7.711354733043965552e+02
7.709985409193103578e+02
7.708616085342241604e+02
7.707246761491379630e+02
7.705877437640517655e+02
7.704508113789655681e+02
7.703138789938793707e+02
7.701769466087931733e+02
7.700400142237069758e+02
7.699030818386207784e+02
7.697661494535345810e+02
7.696292170684483835e+02
7.694922846833621861e+02
7.693553522982759887e+02
7.692184199131897913e+02
7.690814875281035938e+02
7.689445551430173964e+02
7.688076227579311990e+02
7.686706903728450015e+02
7.685337579877588041e+02
7.683968256026726067e+02
7.682598932175864093e+02
7.681229608325002118e+02
7.679860284474140144e+02
7.678490960623278170e+02
7.677121636772415059e+02
7.675752312921554221e+02
7.674382989070691110e+02
7.673013665219829136e+02
7.671644341368967162e+02
7.670275017518105187e+02
7.668905693667243213e+02
7.667536369816381239e+02
7.666167045965519264e+02
7.664797722114657290e+02
7.663428398263795316e+02
7.662059074412933342e+02
7.660689750562071367e+02
7.659320426711209393e+02
7.657951102860347419e+02
7.656581779009485444e+02
7.655212455158623470e+02
7.653843131307761496e+02
7.652473807456899522e+02
7.651104483606037547e+02
7.649735159755175573e+02
7.648365835904313599e+02
7.646996512053451625e+02
7.645627188202589650e+02
7.644257864351727676e+02
7.642888540500865702e+02
7.641519216650003727e+02
7.640149892799140616e+02
7.638780568948279779e+02
7.637411245097416668e+02
7.636041921246555830e+02
7.634672597395692719e+02
7.633303273544831882e+02
7.631933949693968771e+02
7.630564625843106796e+02
7.629195301992244822e+02
7.627825978141382848e+02
7.626456654290520873e+02
7.625087330439658899e+02
7.623718006588796925e+02
7.622348682737934951e+02
7.620979358887072976e+02
7.619610035036211002e+02
7.618240711185349028e+02
7.616871387334487054e+02
7.615502063483625079e+02
7.614132739632763105e+02
7.612763415781901131e+02
7.611394091931039156e+02
7.610024768080177182e+02
7.608655444229315208e+02
7.607286120378453234e+02
7.605916796527591259e+02
7.604547472676729285e+02
7.603178148825867311e+02
7.601808824975005336e+02
7.600439501124142225e+02
7.599070177273281388e+02
7.597700853422418277e+02
7.596331529571557439e+02
7.594962205720694328e+02
7.593592881869833491e+02
7.592223558018970380e+02
7.590854234168108405e+02
7.589484910317246431e+02
7.588115586466384457e+02
7.586746262615522483e+02
7.585376938764660508e+02
7.584007614913798534e+02
7.582638291062936560e+02
7.581268967212074585e+02
7.579899643361212611e+02
7.578530319510350637e+02
7.577160995659488663e+02
7.575791671808626688e+02
7.574422347957764714e+02
7.573053024106902740e+02
7.571683700256040765e+02
7.570314376405178791e+02
7.568945052554316817e+02
7.567575728703454843e+02
7.566206404852592868e+02
7.564837081001730894e+02
7.563467757150868920e+02
7.562098433300006946e+02
7.560729109449143834e+02
7.559359785598282997e+02
7.557990461747419886e+02
7.556621137896559048e+02
7.555251814045695937e+02
7.553882490194835100e+02
7.552513166343971989e+02
7.551143842493110014e+02
7.549774518642248040e+02
7.548405194791386066e+02
7.547035870940524092e+02
7.545666547089662117e+02
7.544297223238800143e+02
7.542927899387938169e+02
7.541558575537076194e+02
7.540189251686214220e+02
7.538819927835352246e+02
7.537450603984490272e+02
7.536081280133628297e+02
7.534711956282766323e+02
7.533342632431904349e+02
7.531973308581042374e+02
7.530603984730180400e+02
7.529234660879318426e+02
7.527865337028456452e+02
7.526496013177594477e+02
7.525126689326732503e+02
7.523757365475869392e+02
7.522388041625008555e+02
7.521018717774145443e+02
7.519649393923284606e+02
7.518280070072421495e+02
7.516910746221560657e+02
7.515541422370697546e+02
7.514172098519836709e+02
7.512802774668973598e+02
7.511433450818111623e+02
7.510064126967249649e+02
7.508694803116387675e+02
7.507325479265525701e+02
7.505956155414663726e+02
7.504586831563801752e+02
7.503217507712939778e+02
7.501848183862077803e+02
7.500478860011215829e+02
7.499109536160353855e+02
7.497740212309491881e+02
7.496370888458629906e+02
7.495001564607767932e+02
7.493632240756905958e+02
7.492262916906043984e+02
7.490893593055182009e+02
7.489524269204320035e+02
7.488154945353458061e+02
7.486785621502596086e+02
7.485416297651734112e+02
7.484046973800871001e+02
7.482677649950010164e+02
7.481308326099147052e+02
7.479939002248286215e+02
7.478569678397423104e+02
7.477200354546562266e+02
7.475831030695699155e+02
7.474461706844837181e+02
7.473092382993975207e+02
7.471723059143113232e+02
7.470353735292251258e+02
7.468984411441389284e+02
7.467615087590527310e+02
7.466245763739665335e+02
7.464876439888803361e+02
7.463507116037941387e+02
7.462137792187079413e+02
7.460768468336217438e+02
7.459399144485355464e+02
7.458029820634493490e+02
7.456660496783631515e+02
7.455291172932769541e+02
7.453921849081907567e+02
7.452552525231045593e+02
7.451183201380183618e+02
7.449813877529321644e+02
7.448444553678459670e+02
7.447075229827597695e+02
7.445705905976735721e+02
7.444336582125872610e+02
7.442967258275011773e+02
7.441597934424148661e+02
7.440228610573287824e+02
7.438859286722424713e+02
7.437489962871563876e+02
7.436120639020700764e+02
7.434751315169838790e+02
7.433381991318976816e+02
7.432012667468114842e+02
7.430643343617252867e+02
7.429274019766390893e+02
7.427904695915528919e+02
7.426535372064666944e+02
7.425166048213804970e+02
7.423796724362942996e+02
7.422427400512081022e+02
7.421058076661219047e+02
7.419688752810357073e+02
7.418319428959495099e+02
7.416950105108633124e+02
7.415580781257771150e+02
7.414211457406909176e+02
7.412842133556047202e+02
7.411472809705185227e+02
7.410103485854323253e+02
7.408734162003461279e+02
7.407364838152599305e+02
7.405995514301737330e+02
7.404626190450874219e+02
7.403256866600013382e+02
7.401887542749150271e+02
7.400518218898289433e+02
7.399148895047426322e+02
7.397779571196565485e+02
7.396410247345702373e+02
7.395040923494840399e+02
7.393671599643978425e+02
7.392302275793116451e+02
7.390932951942254476e+02
7.389563628091392502e+02
7.388194304240530528e+02
7.386824980389668553e+02
7.385455656538806579e+02
7.384086332687944605e+02
7.382717008837082631e+02
7.381347684986220656e+02
7.379978361135358682e+02
7.378609037284496708e+02
7.377239713433634734e+02
7.375870389582772759e+02
7.374501065731910785e+02
7.373131741881048811e+02
7.371762418030186836e+02
7.370393094179324862e+02
7.369023770328462888e+02
7.367654446477600914e+02
7.366285122626738939e+02
7.364915798775875828e+02
7.363546474925014991e+02
7.362177151074151880e+02
7.360807827223291042e+02
7.359438503372427931e+02
7.358069179521567094e+02
7.356699855670703982e+02
7.355330531819842008e+02
7.353961207968980034e+02
7.352591884118118060e+02
7.351222560267256085e+02
7.349853236416394111e+02
7.348483912565532137e+02
7.347114588714670163e+02
7.345745264863808188e+02
7.344375941012946214e+02
7.343006617162084240e+02
7.341637293311222265e+02
7.340267969460360291e+02
7.338898645609498317e+02
7.337529321758636343e+02
7.336159997907774368e+02
7.334790674056912394e+02
7.333421350206050420e+02
7.332052026355188445e+02
7.330682702504326471e+02
7.329313378653464497e+02
7.327944054802602523e+02
7.326574730951740548e+02
7.325205407100877437e+02
7.323836083250016600e+02
7.322466759399153489e+02
7.321097435548292651e+02
7.319728111697429540e+02
7.318358787846568703e+02
7.316989463995705592e+02
7.315620140144843617e+02
7.314250816293981643e+02
7.312881492443119669e+02
7.311512168592257694e+02
7.310142844741395720e+02
7.308773520890533746e+02
7.307404197039671772e+02
7.306034873188809797e+02
7.304665549337947823e+02
7.303296225487085849e+02
7.301926901636223874e+02
7.300557577785361900e+02
7.299188253934499926e+02
7.297818930083637952e+02
7.296449606232775977e+02
7.295080282381914003e+02
7.293710958531052029e+02
7.292341634680190054e+02
7.290972310829328080e+02
7.289602986978466106e+02
7.288233663127602995e+02
7.286864339276742157e+02
7.285495015425879046e+02
7.284125691575018209e+02
7.282756367724155098e+02
7.281387043873294260e+02
7.280017720022431149e+02
7.278648396171569175e+02
7.277279072320707201e+02
7.275909748469845226e+02
7.274540424618983252e+02
7.273171100768121278e+02
7.271801776917259303e+02
7.270432453066397329e+02
7.269063129215535355e+02
7.267693805364673381e+02
7.266324481513811406e+02
7.264955157662949432e+02
7.263585833812087458e+02
7.262216509961225483e+02
7.260847186110363509e+02
7.259477862259501535e+02
7.258108538408639561e+02
7.256739214557777586e+02
7.255369890706915612e+02
7.254000566856053638e+02
7.252631243005191664e+02
7.251261919154329689e+02
7.249892595303467715e+02
7.248523271452604604e+02
7.247153947601743766e+02
7.245784623750880655e+02
7.244415299900019818e+02
7.243045976049156707e+02
7.241676652198295869e+02
7.240307328347432758e+02
7.238938004496570784e+02
7.237568680645708810e+02
7.236199356794846835e+02
7.234830032943984861e+02
7.233460709093122887e+02
7.232091385242260912e+02
7.230722061391398938e+02
7.229352737540536964e+02
7.227983413689674990e+02
7.226614089838813015e+02
7.225244765987951041e+02
7.223875442137089067e+02
7.222506118286227093e+02
7.221136794435365118e+02
7.219767470584503144e+02
7.218398146733641170e+02
7.217028822882779195e+02
7.215659499031917221e+02
7.214290175181055247e+02
7.212920851330193273e+02
7.211551527479331298e+02
7.210182203628469324e+02
7.208812879777606213e+02
7.207443555926745375e+02
7.206074232075882264e+02
7.204704908225021427e+02
7.203335584374158316e+02
7.201966260523297478e+02
7.200596936672434367e+02
7.199227612821572393e+02
7.197858288970710419e+02
7.196488965119848444e+02
7.195119641268986470e+02
7.193750317418124496e+02
7.192380993567262522e+02
7.191011669716400547e+02
7.189642345865538573e+02
7.188273022014676599e+02
7.186903698163814624e+02
7.185534374312952650e+02
7.184165050462090676e+02
7.182795726611228702e+02
7.181426402760366727e+02
7.180057078909504753e+02
7.178687755058642779e+02
7.177318431207780804e+02
7.175949107356918830e+02
7.174579783506056856e+02
7.173210459655194882e+02
7.171841135804332907e+02
7.170471811953470933e+02
7.169102488102607822e+02
7.167733164251746985e+02
7.166363840400883873e+02
7.164994516550023036e+02
7.163625192699159925e+02
7.162255868848299087e+02
7.160886544997435976e+02
7.159517221146574002e+02
7.158147897295712028e+02
7.156778573444850053e+02
7.155409249593988079e+02
7.154039925743126105e+02
7.152670601892264131e+02
7.151301278041402156e+02
7.149931954190540182e+02
7.148562630339678208e+02
7.147193306488816233e+02
7.145823982637954259e+02
7.144454658787092285e+02
7.143085334936230311e+02
7.141716011085368336e+02
7.140346687234506362e+02
7.138977363383644388e+02
7.137608039532782414e+02
7.136238715681920439e+02
7.134869391831058465e+02
7.133500067980196491e+02
7.132130744129334516e+02
7.130761420278472542e+02
7.129392096427609431e+02
7.128022772576748594e+02
7.126653448725885482e+02
7.125284124875024645e+02
7.123914801024161534e+02
7.122545477173300696e+02
7.121176153322437585e+02
7.119806829471575611e+02
7.118437505620713637e+02
7.117068181769851662e+02
7.115698857918989688e+02
7.114329534068127714e+02
7.112960210217265740e+02
7.111590886366403765e+02
7.110221562515541791e+02
7.108852238664679817e+02
7.107482914813817843e+02
7.106113590962955868e+02
7.104744267112093894e+02
7.103374943261231920e+02
7.102005619410369945e+02
7.100636295559507971e+02
7.099266971708645997e+02
7.097897647857784023e+02
7.096528324006922048e+02
7.095159000156060074e+02
7.093789676305198100e+02
7.092420352454334989e+02
7.091051028603474151e+02
7.089681704752611040e+02
7.088312380901750203e+02
7.086943057050887091e+02
7.085573733200026254e+02
7.084204409349163143e+02
7.082835085498302305e+02
7.081465761647439194e+02
7.080096437796577220e+02
7.078727113945715246e+02
7.077357790094853272e+02
7.075988466243991297e+02
7.074619142393129323e+02
7.073249818542267349e+02
7.071880494691405374e+02
7.070511170840543400e+02
7.069141846989681426e+02
7.067772523138819452e+02
7.066403199287957477e+02
7.065033875437095503e+02
7.063664551586233529e+02
7.062295227735371554e+02
7.060925903884509580e+02
7.059556580033647606e+02
7.058187256182785632e+02
7.056817932331923657e+02
7.055448608481061683e+02
7.054079284630199709e+02
7.052709960779336598e+02
7.051340636928475760e+02
7.049971313077612649e+02
7.048601989226751812e+02
7.047232665375888701e+02
7.045863341525027863e+02
7.044494017674164752e+02
7.043124693823302778e+02
7.041755369972440803e+02
7.040386046121578829e+02
7.039016722270716855e+02
7.037647398419854881e+02
7.036278074568992906e+02
7.034908750718130932e+02
7.033539426867268958e+02
7.032170103016406983e+02
7.030800779165545009e+02
7.029431455314683035e+02
7.028062131463821061e+02
7.026692807612959086e+02
7.025323483762097112e+02
7.023954159911235138e+02
7.022584836060373163e+02
7.021215512209511189e+02
7.019846188358649215e+02
7.018476864507787241e+02
7.017107540656925266e+02
7.015738216806063292e+02
7.014368892955201318e+02
7.012999569104338207e+02
7.011630245253477369e+02
7.010260921402614258e+02
7.008891597551753421e+02
7.007522273700890310e+02
7.006152949850029472e+02
7.004783625999166361e+02
7.003414302148304387e+02
7.002044978297442412e+02
7.000675654446580438e+02
6.999306330595718464e+02
6.997937006744856490e+02
6.996567682893994515e+02
6.995198359043132541e+02
6.993829035192270567e+02
6.992459711341408592e+02
6.991090387490546618e+02
6.989721063639684644e+02
6.988351739788822670e+02
6.986982415937960695e+02
6.985613092087098721e+02
6.984243768236236747e+02
6.982874444385374773e+02
6.981505120534512798e+02
6.980135796683650824e+02
6.978766472832788850e+02
6.977397148981926875e+02
6.976027825131064901e+02
6.974658501280202927e+02
6.973289177429339816e+02
6.971919853578478978e+02
6.970550529727615867e+02
6.969181205876755030e+02
6.967811882025891919e+02
6.966442558175031081e+02
6.965073234324167970e+02
6.963703910473305996e+02
6.962334586622444021e+02
6.960965262771582047e+02
6.959595938920720073e+02
6.958226615069858099e+02
6.956857291218996124e+02
6.955487967368134150e+02
6.954118643517272176e+02
6.952749319666410202e+02
6.951379995815548227e+02
6.950010671964686253e+02
6.948641348113824279e+02
6.947272024262962304e+02
6.945902700412100330e+02
6.944533376561238356e+02
6.943164052710376382e+02
6.941794728859514407e+02
6.940425405008652433e+02
6.939056081157790459e+02
6.937686757306928484e+02
6.936317433456066510e+02
6.934948109605204536e+02
6.933578785754341425e+02
6.932209461903480587e+02
6.930840138052617476e+02
6.929470814201756639e+02
6.928101490350893528e+02
6.926732166500032690e+02
6.925362842649169579e+02
6.923993518798307605e+02
6.922624194947445631e+02
6.921254871096583656e+02
6.919885547245721682e+02
6.918516223394859708e+02
6.917146899543997733e+02
6.915777575693135759e+02
6.914408251842273785e+02
6.913038927991411811e+02
6.911669604140549836e+02
6.910300280289687862e+02
6.908930956438825888e+02
6.907561632587963913e+02
6.906192308737101939e+02
6.904822984886239965e+02
6.903453661035377991e+02
6.902084337184516016e+02
6.900715013333654042e+02
6.899345689482792068e+02
6.897976365631930094e+02
6.896607041781068119e+02
6.895237717930206145e+02
6.893868394079343034e+02
6.892499070228482196e+02
6.891129746377619085e+02
6.889760422526758248e+02
6.888391098675895137e+02
6.887021774825034299e+02
6.885652450974171188e+02
6.884283127123309214e+02
6.882913803272447240e+02
6.881544479421585265e+02
6.880175155570723291e+02
6.878805831719861317e+02
6.877436507868999342e+02
6.876067184018137368e+02
6.874697860167275394e+02
6.873328536316413420e+02
6.871959212465551445e+02
6.870589888614689471e+02
6.869220564763827497e+02
6.867851240912965523e+02
6.866481917062103548e+02
6.865112593211241574e+02
6.863743269360379600e+02
6.862373945509517625e+02
6.861004621658655651e+02
6.859635297807793677e+02
6.858265973956931703e+02
6.856896650106068591e+02
6.855527326255207754e+02
6.854158002404344643e+02
6.852788678553483805e+02
6.851419354702620694e+02
6.850050030851759857e+02
6.848680707000896746e+02
6.847311383150035908e+02
6.845942059299172797e+02
6.844572735448310823e+02
6.843203411597448849e+02
6.841834087746586874e+02
6.840464763895724900e+02
6.839095440044862926e+02
6.837726116194000952e+02
6.836356792343138977e+02
6.834987468492277003e+02
6.833618144641415029e+02
6.832248820790553054e+02
6.830879496939691080e+02
6.829510173088829106e+02
6.828140849237967132e+02
6.826771525387105157e+02
6.825402201536243183e+02
6.824032877685381209e+02
6.822663553834519234e+02
6.821294229983657260e+02
6.819924906132795286e+02
6.818555582281933312e+02
6.817186258431070200e+02
6.815816934580209363e+02
6.814447610729346252e+02
6.813078286878485414e+02
6.811708963027622303e+02
6.810339639176761466e+02
6.808970315325898355e+02
6.807600991475036381e+02
6.806231667624174406e+02
6.804862343773312432e+02
6.803493019922450458e+02
6.802123696071588483e+02
6.800754372220726509e+02
6.799385048369864535e+02
6.798015724519002561e+02
6.796646400668140586e+02
6.795277076817278612e+02
6.793907752966416638e+02
6.792538429115554663e+02
6.791169105264692689e+02
6.789799781413830715e+02
6.788430457562968741e+02
6.787061133712106766e+02
6.785691809861244792e+02
6.784322486010382818e+02
6.782953162159520843e+02
6.781583838308658869e+02
6.780214514457796895e+02
6.778845190606934921e+02
6.777475866756071810e+02
6.776106542905210972e+02
6.774737219054347861e+02
6.773367895203487024e+02
6.771998571352623912e+02
6.770629247501763075e+02
6.769259923650899964e+02
6.767890599800037990e+02
6.766521275949176015e+02
6.765151952098314041e+02
6.763782628247452067e+02
6.762413304396590092e+02
6.761043980545728118e+02
6.759674656694866144e+02
6.758305332844004170e+02
6.756936008993142195e+02
6.755566685142280221e+02
6.754197361291418247e+02
6.752828037440556272e+02
6.751458713589694298e+02
6.750089389738832324e+02
6.748720065887970350e+02
6.747350742037108375e+02
6.745981418186246401e+02
6.744612094335384427e+02
6.743242770484522453e+02
6.741873446633660478e+02
6.740504122782798504e+02
6.739134798931936530e+02
6.737765475081073419e+02
6.736396151230212581e+02
6.735026827379349470e+02
6.733657503528488633e+02
6.732288179677625521e+02
6.730918855826764684e+02
6.729549531975901573e+02
6.728180208125039599e+02
6.726810884274177624e+02
6.725441560423315650e+02
6.724072236572453676e+02
6.722702912721591701e+02
6.721333588870729727e+02
6.719964265019867753e+02
6.718594941169005779e+02
6.717225617318143804e+02
6.715856293467281830e+02
6.714486969616419856e+02
6.713117645765557882e+02
6.711748321914695907e+02
6.710378998063833933e+02
6.709009674212971959e+02
6.707640350362109984e+02
6.706271026511248010e+02
6.704901702660386036e+02
6.703532378809524062e+02
6.702163054958662087e+02
6.700793731107800113e+02
6.699424407256938139e+02
6.698055083406075028e+02
6.696685759555214190e+02
6.695316435704351079e+02
6.693947111853490242e+02
6.692577788002627130e+02
6.691208464151766293e+02
6.689839140300903182e+02
6.688469816450041208e+02
6.687100492599179233e+02
6.685731168748317259e+02
6.684361844897455285e+02
6.682992521046593311e+02
6.681623197195731336e+02
6.680253873344869362e+02
6.678884549494007388e+02
6.677515225643145413e+02
6.676145901792283439e+02
6.674776577941421465e+02
6.673407254090559491e+02
6.672037930239697516e+02
6.670668606388835542e+02
6.669299282537973568e+02
6.667929958687111593e+02
6.666560634836249619e+02
6.665191310985387645e+02
6.663821987134525671e+02
6.662452663283663696e+02
6.661083339432801722e+02
6.659714015581939748e+02
6.658344691731076637e+02
6.656975367880215799e+02
6.655606044029352688e+02
6.654236720178491851e+02
6.652867396327628740e+02
6.651498072476767902e+02
6.650128748625904791e+02
6.648759424775042817e+02
6.647390100924180842e+02
6.646020777073318868e+02
6.644651453222456894e+02
6.643282129371594920e+02
6.641912805520732945e+02
6.640543481669870971e+02
6.639174157819008997e+02
6.637804833968147022e+02
6.636435510117285048e+02
6.635066186266423074e+02
6.633696862415561100e+02
6.632327538564699125e+02
6.630958214713837151e+02
6.629588890862975177e+02
6.628219567012113203e+02
6.626850243161251228e+02
6.625480919310389254e+02
6.624111595459527280e+02
6.622742271608665305e+02
6.621372947757802194e+02
6.620003623906941357e+02
6.618634300056078246e+02
6.617264976205217408e+02
6.615895652354354297e+02
6.614526328503493460e+02
6.613157004652630349e+02
6.611787680801768374e+02
6.610418356950906400e+02
6.609049033100044426e+02
6.607679709249182451e+02
6.606310385398320477e+02
6.604941061547458503e+02
6.603571737696596529e+02
6.602202413845734554e+02
6.600833089994872580e+02
6.599463766144010606e+02
6.598094442293148632e+02
6.596725118442286657e+02
6.595355794591424683e+02
6.593986470740562709e+02
6.592617146889700734e+02
6.591247823038838760e+02
6.589878499187976786e+02
6.588509175337114812e+02
6.587139851486252837e+02
6.585770527635390863e+02
6.584401203784528889e+02
6.583031879933666914e+02
6.581662556082803803e+02
6.580293232231942966e+02
6.578923908381079855e+02
6.577554584530219017e+02
6.576185260679355906e+02
6.574815936828495069e+02
6.573446612977631958e+02
6.572077289126769983e+02
6.570707965275908009e+02
6.569338641425046035e+02
6.567969317574184061e+02
6.566599993723322086e+02
6.565230669872460112e+02
6.563861346021598138e+02
6.562492022170736163e+02
6.561122698319874189e+02
6.559753374469012215e+02
6.558384050618150241e+02
6.557014726767288266e+02
6.555645402916426292e+02
6.554276079065564318e+02
6.552906755214702343e+02
6.551537431363840369e+02
6.550168107512978395e+02
6.548798783662116421e+02
6.547429459811254446e+02
6.546060135960392472e+02
6.544690812109530498e+02
6.543321488258668523e+02
6.541952164407805412e+02
6.540582840556944575e+02
6.539213516706081464e+02
6.537844192855220626e+02
6.536474869004357515e+02
6.535105545153496678e+02
6.533736221302633567e+02
6.532366897451771592e+02
6.530997573600909618e+02
6.529628249750047644e+02
6.528258925899185670e+02
6.526889602048323695e+02
6.525520278197461721e+02
6.524150954346599747e+02
6.522781630495737772e+02
6.521412306644875798e+02
6.520042982794013824e+02
6.518673658943151850e+02
6.517304335092289875e+02
6.515935011241427901e+02
6.514565687390565927e+02
6.513196363539703952e+02
6.511827039688841978e+02
6.510457715837980004e+02
6.509088391987118030e+02
6.507719068136256055e+02
6.506349744285394081e+02
6.504980420434532107e+02
6.503611096583670133e+02
6.502241772732807021e+02
6.500872448881946184e+02
6.499503125031083073e+02
6.498133801180222235e+02
6.496764477329359124e+02
6.495395153478498287e+02
6.494025829627635176e+02
6.492656505776773201e+02
6.491287181925911227e+02
6.489917858075049253e+02
6.488548534224187279e+02
6.487179210373325304e+02
6.485809886522463330e+02
6.484440562671601356e+02
6.483071238820739381e+02
6.481701914969877407e+02
6.480332591119015433e+02
6.478963267268153459e+02
6.477593943417291484e+02
6.476224619566429510e+02
6.474855295715567536e+02
6.473485971864705562e+02
6.472116648013843587e+02
6.470747324162981613e+02
6.469378000312119639e+02
6.468008676461257664e+02
6.466639352610395690e+02
6.465270028759533716e+02
6.463900704908671742e+02
6.462531381057808630e+02
6.461162057206947793e+02
6.459792733356084682e+02
6.458423409505223844e+02
6.457054085654360733e+02
6.455684761803499896e+02
6.454315437952636785e+02
6.452946114101774810e+02
6.451576790250912836e+02
6.450207466400050862e+02
6.448838142549188888e+02
6.447468818698326913e+02
6.446099494847464939e+02
6.444730170996602965e+02
6.443360847145740991e+02
6.441991523294879016e+02
6.440622199444017042e+02
6.439252875593155068e+02
6.437883551742293093e+02
6.436514227891431119e+02
6.435144904040569145e+02
6.433775580189707171e+02
6.432406256338845196e+02
6.431036932487983222e+02
6.429667608637121248e+02
6.428298284786259273e+02
6.426928960935397299e+02
6.425559637084534188e+02
6.424190313233673351e+02
6.422820989382810239e+02
6.421451665531949402e+02
6.420082341681086291e+02
6.418713017830225454e+02
6.417343693979362342e+02
6.415974370128501505e+02
6.414605046277638394e+02
6.413235722426776420e+02
6.411866398575914445e+02
6.410497074725052471e+02
6.409127750874190497e+02
6.407758427023328522e+02
6.406389103172466548e+02
6.405019779321604574e+02
6.403650455470742600e+02
6.402281131619880625e+02
6.400911807769018651e+02
6.399542483918156677e+02
6.398173160067294702e+02
6.396803836216432728e+02
6.395434512365570754e+02
6.394065188514708780e+02
6.392695864663846805e+02
6.391326540812984831e+02
6.389957216962122857e+02
6.388587893111259746e+02
6.387218569260398908e+02
6.385849245409535797e+02
6.384479921558674960e+02
6.383110597707811849e+02
6.381741273856951011e+02
6.380371950006087900e+02
6.379002626155227063e+02
6.377633302304363951e+02
6.376263978453503114e+02
6.374894654602640003e+02
6.373525330751779165e+02
6.372156006900916054e+02
6.370786683050054080e+02
6.369417359199192106e+02
6.368048035348330131e+02
6.366678711497468157e+02
6.365309387646606183e+02
6.363940063795744209e+02
6.362570739944882234e+02
6.361201416094020260e+02
6.359832092243158286e+02
6.358462768392296312e+02
6.357093444541434337e+02
6.355724120690572363e+02
6.354354796839710389e+02
6.352985472988848414e+02
6.351616149137985303e+02
6.350246825287124466e+02
6.348877501436261355e+02
6.347508177585400517e+02
6.346138853734537406e+02
6.344769529883676569e+02
6.343400206032813458e+02
6.342030882181952620e+02
6.340661558331089509e+02
6.339292234480228672e+02
6.337922910629365560e+02
6.336553586778504723e+02
6.335184262927641612e+02
6.333814939076780774e+02
6.332445615225917663e+02
6.331076291375055689e+02
6.329706967524193715e+02
6.328337643673331741e+02
6.326968319822469766e+02
6.325598995971607792e+02
6.324229672120745818e+02
6.322860348269883843e+02
6.321491024419021869e+02
6.320121700568159895e+02
6.318752376717297921e+02
6.317383052866435946e+02
6.316013729015573972e+02
6.314644405164711998e+02
6.313275081313850023e+02
6.311905757462986912e+02
6.310536433612126075e+02
6.309167109761262964e+02
6.307797785910402126e+02
6.306428462059539015e+02
6.305059138208678178e+02
6.303689814357815067e+02
6.302320490506954229e+02
6.300951166656091118e+02
6.299581842805230281e+02
6.298212518954367169e+02
6.296843195103506332e+02
6.295473871252643221e+02
6.294104547401782384e+02
6.292735223550919272e+02
6.291365899700057298e+02
6.289996575849195324e+02
6.288627251998333350e+02
6.287257928147471375e+02
6.285888604296609401e+02
6.284519280445747427e+02
6.283149956594885452e+02
6.281780632744023478e+02
6.280411308893161504e+02
6.279041985042299530e+02
6.277672661191437555e+02
6.276303337340575581e+02
6.274934013489713607e+02
6.273564689638851632e+02
6.272195365787988521e+02
6.270826041937127684e+02
6.269456718086264573e+02
6.268087394235403735e+02
6.266718070384540624e+02
6.265348746533679787e+02
6.263979422682816676e+02
6.262610098831955838e+02
6.261240774981092727e+02
6.259871451130231890e+02
6.258502127279368779e+02
6.257132803428507941e+02
6.255763479577644830e+02
6.254394155726783993e+02
6.253024831875920881e+02
6.251655508025058907e+02
6.250286184174196933e+02
6.248916860323334959e+02
6.247547536472472984e+02
6.246178212621611010e+02
6.244808888770749036e+02
6.243439564919887061e+02
6.242070241069025087e+02
6.240700917218163113e+02
6.239331593367301139e+02
6.237962269516439164e+02
6.236592945665577190e+02
6.235223621814715216e+02
6.233854297963853242e+02
6.232484974112990130e+02
6.231115650262129293e+02
6.229746326411266182e+02
6.228377002560405344e+02
6.227007678709542233e+02
6.225638354858681396e+02
6.224269031007818285e+02
6.222899707156957447e+02
6.221530383306094336e+02
6.220161059455233499e+02
6.218791735604370388e+02
6.217422411753509550e+02
6.216053087902646439e+02
6.214683764051784465e+02
6.213314440200922490e+02
6.211945116350060516e+02
6.210575792499198542e+02
6.209206468648336568e+02
6.207837144797474593e+02
6.206467820946612619e+02
6.205098497095750645e+02
6.203729173244888671e+02
6.202359849394026696e+02
6.200990525543164722e+02
6.199621201692302748e+02
6.198251877841440773e+02
6.196882553990578799e+02
6.195513230139716825e+02
6.194143906288854851e+02
6.192774582437991739e+02
6.191405258587130902e+02
6.190035934736267791e+02
6.188666610885406953e+02
6.187297287034543842e+02
6.185927963183683005e+02
6.184558639332819894e+02
6.183189315481959056e+02
6.181819991631095945e+02
6.180450667780235108e+02
6.179081343929371997e+02
6.177712020078511159e+02
6.176342696227648048e+02
6.174973372376786074e+02
6.173604048525924100e+02
6.172234724675062125e+02
6.170865400824200151e+02
6.169496076973338177e+02
6.168126753122476202e+02
6.166757429271614228e+02
6.165388105420752254e+02
6.164018781569890280e+02
6.162649457719028305e+02
6.161280133868166331e+02
6.159910810017304357e+02
6.158541486166442382e+02
6.157172162315580408e+02
6.155802838464717297e+02
6.154433514613856460e+02
6.153064190762993348e+02
6.151694866912132511e+02
6.150325543061269400e+02
6.148956219210408563e+02
6.147586895359545451e+02
